posX0;posY0;posZ0;posVel0;rotX0;rotY0;rotZ0;rotVel0;confidence0;posX1;posY1;posZ1;posVel1;rotX1;rotY1;rotZ1;rotVel1;confidence1;posX2;posY2;posZ2;posVel2;rotX2;rotY2;rotZ2;rotVel2;confidence2;posX3;posY3;posZ3;posVel3;rotX3;rotY3;rotZ3;rotVel3;confidence3;posX4;posY4;posZ4;posVel4;rotX4;rotY4;rotZ4;rotVel4;confidence4;posX5;posY5;posZ5;posVel5;rotX5;rotY5;rotZ5;rotVel5;confidence5;posX6;posY6;posZ6;posVel6;rotX6;rotY6;rotZ6;rotVel6;confidence6;posX7;posY7;posZ7;posVel7;rotX7;rotY7;rotZ7;rotVel7;confidence7;posX8;posY8;posZ8;posVel8;rotX8;rotY8;rotZ8;rotVel8;confidence8;posX9;posY9;posZ9;posVel9;rotX9;rotY9;rotZ9;rotVel9;confidence9;posX10;posY10;posZ10;posVel10;rotX10;rotY10;rotZ10;rotVel10;confidence10;posX11;posY11;posZ11;posVel11;rotX11;rotY11;rotZ11;rotVel11;confidence11;posX12;posY12;posZ12;posVel12;rotX12;rotY12;rotZ12;rotVel12;confidence12;posX13;posY13;posZ13;posVel13;rotX13;rotY13;rotZ13;rotVel13;confidence13;posX14;posY14;posZ14;posVel14;rotX14;rotY14;rotZ14;rotVel14;confidence14;posX15;posY15;posZ15;posVel15;rotX15;rotY15;rotZ15;rotVel15;confidence15;posX16;posY16;posZ16;posVel16;rotX16;rotY16;rotZ16;rotVel16;confidence16;posX17;posY17;posZ17;posVel17;rotX17;rotY17;rotZ17;rotVel17;confidence17;posX18;posY18;posZ18;posVel18;rotX18;rotY18;rotZ18;rotVel18;confidence18;posX19;posY19;posZ19;posVel19;rotX19;rotY19;rotZ19;rotVel19;confidence19;posX20;posY20;posZ20;posVel20;rotX20;rotY20;rotZ20;rotVel20;confidence20;posX21;posY21;posZ21;posVel21;rotX21;rotY21;rotZ21;rotVel21;confidence21;posX22;posY22;posZ22;posVel22;rotX22;rotY22;rotZ22;rotVel22;confidence22;posX23;posY23;posZ23;posVel23;rotX23;rotY23;rotZ23;rotVel23;confidence23;posX24;posY24;posZ24;posVel24;rotX24;rotY24;rotZ24;rotVel24;confidence24;posX25;posY25;posZ25;posVel25;rotX25;rotY25;rotZ25;rotVel25;confidence25;posX26;posY26;posZ26;posVel26;rotX26;rotY26;rotZ26;rotVel26;confidence26;posX27;posY27;posZ27;posVel27;rotX27;rotY27;rotZ27;rotVel27;confidence27;posX28;posY28;posZ28;posVel28;rotX28;rotY28;rotZ28;rotVel28;confidence28;posX29;posY29;posZ29;posVel29;rotX29;rotY29;rotZ29;rotVel29;confidence29;posX30;posY30;posZ30;posVel30;rotX30;rotY30;rotZ30;rotVel30;confidence30;posX31;posY31;posZ31;posVel31;rotX31;rotY31;rotZ31;rotVel31;confidence31;TimeStamp
0.000000;-150.000000;2000.000000;0.000000;0.000000;0.000000;0.000000;0.000000;2.000000;-4.719269;-304.283234;2030.598145;0.000000;0.000000;0.000000;0.000000;0.000000;2.000000;1.503029;-429.598511;2039.720581;0.000000;0.000000;0.000000;0.000000;0.000000;2.000000;44.005070;-614.213074;2011.780884;0.000000;0.000000;0.000000;0.000000;0.000000;2.000000;60.102856;-581.470154;2034.971680;0.000000;0.000000;0.000000;0.000000;0.000000;2.000000;159.193390;-520.419312;2083.469727;0.000000;0.000000;0.000000;0.000000;0.000000;2.000000;156.893997;-279.753876;2122.004395;0.000000;0.000000;0.000000;0.000000;0.000000;2.000000;206.934418;-423.686218;1985.511841;0.000000;0.000000;0.000000;0.000000;0.000000;2.000000;256.844727;-483.241882;1951.223267;0.000000;0.000000;0.000000;0.000000;0.000000;2.000000;287.745544;-548.159424;1888.658936;0.000000;0.000000;0.000000;0.000000;0.000000;2.000000;240.363434;-530.442444;1925.189331;0.000000;0.000000;0.000000;0.000000;0.000000;2.000000;12.889771;-586.400330;1999.335571;0.000000;0.000000;0.000000;0.000000;0.000000;2.000000;-77.613167;-572.197510;1928.183716;0.000000;0.000000;0.000000;0.000000;0.000000;2.000000;-33.219795;-332.202209;1882.240723;0.000000;0.000000;0.000000;0.000000;0.000000;2.000000;147.845749;-430.132568;1905.521118;0.000000;0.000000;0.000000;0.000000;0.000000;2.000000;208.135620;-498.390198;1913.827026;0.000000;0.000000;0.000000;0.000000;0.000000;2.000000;285.651978;-550.994751;1913.727539;0.000000;0.000000;0.000000;0.000000;0.000000;2.000000;212.418518;-505.975708;1908.261719;0.000000;0.000000;0.000000;0.000000;0.000000;2.000000;67.542007;-143.503403;2043.174683;0.000000;0.000000;0.000000;0.000000;0.000000;2.000000;129.163055;-45.785645;1709.500244;0.000000;0.000000;0.000000;0.000000;0.000000;2.000000;100.777138;290.425171;1703.445190;0.000000;0.000000;0.000000;0.000000;0.000000;2.000000;130.898926;430.377197;1620.923218;0.000000;0.000000;0.000000;0.000000;0.000000;2.000000;-60.905602;-155.858276;1961.067383;0.000000;0.000000;0.000000;0.000000;0.000000;2.000000;160.151611;-131.699066;1687.267578;0.000000;0.000000;0.000000;0.000000;0.000000;2.000000;241.918365;197.747009;1654.584717;0.000000;0.000000;0.000000;0.000000;0.000000;2.000000;321.781921;305.961426;1583.704590;0.000000;0.000000;0.000000;0.000000;0.000000;2.000000;66.482246;-679.784424;1992.123657;0.000000;0.000000;0.000000;0.000000;0.000000;2.000000;81.681793;-759.036255;1875.606689;0.000000;0.000000;0.000000;0.000000;0.000000;2.000000;119.199783;-758.766663;1907.694580;0.000000;0.000000;0.000000;0.000000;0.000000;2.000000;158.263580;-686.566772;1983.616333;0.000000;0.000000;0.000000;0.000000;0.000000;2.000000;80.045662;-782.009094;1915.002441;0.000000;0.000000;0.000000;0.000000;0.000000;2.000000;40.160751;-764.011353;2021.962158;0.000000;0.000000;0.000000;0.000000;0.000000;2.000000;20438401024.000000
0.000000;-150.000015;2000.000000;0.000000;0.000000;0.000000;0.000000;0.000000;2.000000;-7.279026;-303.185913;2033.507690;0.122914;0.000000;0.000000;0.000000;0.000000;2.000000;-1.601368;-428.262695;2042.029419;0.124908;0.000000;0.000000;0.000000;0.000000;2.000000;40.053391;-612.497864;2013.499878;0.141546;0.000000;0.000000;0.000000;0.000000;2.000000;56.300476;-579.958252;2036.677246;0.135289;0.000000;0.000000;0.000000;0.000000;2.000000;154.217758;-517.174316;2084.546387;0.184236;0.000000;0.000000;0.000000;0.000000;2.000000;152.627380;-277.011597;2122.508545;0.155545;0.000000;0.000000;0.000000;0.000000;2.000000;202.072205;-418.100281;1983.595215;0.233449;0.000000;0.000000;0.000000;0.000000;2.000000;251.618607;-479.294403;1952.305420;0.202582;0.000000;0.000000;0.000000;0.000000;2.000000;286.198914;-547.971924;1896.386230;0.240564;0.000000;0.000000;0.000000;0.000000;2.000000;232.410126;-529.958618;1930.986328;0.300709;0.000000;0.000000;0.000000;0.000000;2.000000;9.074268;-584.607056;2001.261108;0.141444;0.000000;0.000000;0.000000;0.000000;2.000000;-80.480820;-568.929749;1929.679810;0.140314;0.000000;0.000000;0.000000;0.000000;2.000000;-40.755932;-328.270477;1886.262817;0.286977;0.000000;0.000000;0.000000;0.000000;2.000000;142.599487;-419.243713;1914.784302;0.464727;0.000000;0.000000;0.000000;0.000000;2.000000;204.801910;-485.044250;1925.898438;0.558519;0.000000;0.000000;0.000000;0.000000;2.000000;279.103912;-541.537048;1930.506226;0.620828;0.000000;0.000000;0.000000;0.000000;2.000000;205.987793;-496.322815;1933.953003;0.860236;0.000000;0.000000;0.000000;0.000000;2.000000;68.093636;-144.046997;2042.007324;0.042752;0.000000;0.000000;0.000000;0.000000;2.000000;125.181671;-40.097687;1710.322266;0.213361;0.000000;0.000000;0.000000;0.000000;2.000000;98.085297;295.404419;1704.694580;0.176896;0.000000;0.000000;0.000000;0.000000;2.000000;126.621414;434.429138;1620.854736;0.179821;0.000000;0.000000;0.000000;0.000000;2.000000;-61.403027;-155.368103;1962.120117;0.038553;0.000000;0.000000;0.000000;0.000000;2.000000;155.937439;-128.089539;1686.744629;0.170083;0.000000;0.000000;0.000000;0.000000;2.000000;238.126465;200.387146;1653.996338;0.142145;0.000000;0.000000;0.000000;0.000000;2.000000;316.663605;309.351379;1583.575684;0.187393;0.000000;0.000000;0.000000;0.000000;2.000000;62.181355;-677.932861;1993.633911;0.150148;0.000000;0.000000;0.000000;0.000000;2.000000;77.124611;-756.113892;1876.779297;0.169044;0.000000;0.000000;0.000000;0.000000;2.000000;114.881645;-755.549133;1908.395020;0.165723;0.000000;0.000000;0.000000;0.000000;2.000000;153.723953;-683.470032;1984.145386;0.168478;0.000000;0.000000;0.000000;0.000000;2.000000;76.202263;-779.277954;1915.957397;0.146811;0.000000;0.000000;0.000000;0.000000;2.000000;37.319038;-762.457703;2023.174316;0.105533;0.000000;0.000000;0.000000;0.000000;2.000000;20438433792.000000
0.000000;-149.999985;2000.000000;0.000001;0.000000;0.000000;0.000000;0.000000;2.000000;-5.305244;-304.252716;2029.792236;0.132456;0.000000;0.000000;0.000000;0.000000;2.000000;-1.739853;-429.313690;2041.604248;0.034856;0.000000;0.000000;0.000000;0.000000;2.000000;43.150658;-613.133057;2013.540771;0.096496;0.000000;0.000000;0.000000;0.000000;2.000000;58.852020;-580.210327;2036.663818;0.078247;0.000000;0.000000;0.000000;0.000000;2.000000;155.342361;-514.862244;2084.454102;0.078513;0.000000;0.000000;0.000000;0.000000;2.000000;162.044922;-273.699524;2117.324463;0.343285;0.000000;0.000000;0.000000;0.000000;2.000000;211.404846;-409.709229;1973.007080;0.501099;0.000000;0.000000;0.000000;0.000000;2.000000;254.245575;-479.037567;1949.413208;0.119494;0.000000;0.000000;0.000000;0.000000;2.000000;290.220001;-550.684509;1898.062988;0.156620;0.000000;0.000000;0.000000;0.000000;2.000000;228.717499;-530.760620;1938.465454;0.255722;0.000000;0.000000;0.000000;0.000000;2.000000;11.654301;-585.775879;2001.205566;0.086456;0.000000;0.000000;0.000000;0.000000;2.000000;-78.675224;-571.495605;1930.048340;0.096407;0.000000;0.000000;0.000000;0.000000;2.000000;-39.735779;-329.463623;1891.923828;0.179280;0.000000;0.000000;0.000000;0.000000;2.000000;147.408325;-413.822266;1918.139771;0.243713;0.000000;0.000000;0.000000;0.000000;2.000000;217.118408;-470.683594;1934.033813;0.628476;0.000000;0.000000;0.000000;0.000000;2.000000;278.072510;-541.492493;1928.720703;0.062942;0.000000;0.000000;0.000000;0.000000;2.000000;194.150391;-503.738647;1973.958130;1.293142;0.000000;0.000000;0.000000;0.000000;2.000000;67.559891;-144.006744;2043.061523;0.036081;0.000000;0.000000;0.000000;0.000000;2.000000;130.117615;-41.811005;1711.302246;0.162230;0.000000;0.000000;0.000000;0.000000;2.000000;101.592590;294.042358;1705.926270;0.120818;0.000000;0.000000;0.000000;0.000000;2.000000;130.717651;433.201843;1622.065796;0.135630;0.000000;0.000000;0.000000;0.000000;2.000000;-60.921738;-155.404358;1961.169678;0.032531;0.000000;0.000000;0.000000;0.000000;2.000000;159.707626;-129.288574;1687.683472;0.124088;0.000000;0.000000;0.000000;0.000000;2.000000;241.839661;199.679810;1654.856567;0.118305;0.000000;0.000000;0.000000;0.000000;2.000000;320.478149;308.063232;1583.213013;0.123367;0.000000;0.000000;0.000000;0.000000;2.000000;66.438614;-678.320251;1993.827881;0.130592;0.000000;0.000000;0.000000;0.000000;2.000000;81.216301;-756.398987;1876.648193;0.125235;0.000000;0.000000;0.000000;0.000000;2.000000;118.867821;-756.306580;1908.499756;0.123866;0.000000;0.000000;0.000000;0.000000;2.000000;158.094650;-684.750122;1984.772217;0.140296;0.000000;0.000000;0.000000;0.000000;2.000000;79.862503;-779.703613;1915.803467;0.112553;0.000000;0.000000;0.000000;0.000000;2.000000;40.550522;-762.798462;2023.021606;0.099273;0.000000;0.000000;0.000000;0.000000;2.000000;20438466560.000000
0.000000;-150.000015;2000.000000;0.000001;0.000000;0.000000;0.000000;0.000000;2.000000;-4.819672;-304.624817;2030.715210;0.033792;0.000000;0.000000;0.000000;0.000000;2.000000;-0.687943;-430.033020;2043.132813;0.060733;0.000000;0.000000;0.000000;0.000000;2.000000;44.380890;-614.682800;2016.465698;0.107768;0.000000;0.000000;0.000000;0.000000;2.000000;59.969803;-581.530273;2039.607178;0.104186;0.000000;0.000000;0.000000;0.000000;2.000000;156.430496;-514.673157;2086.475586;0.070298;0.000000;0.000000;0.000000;0.000000;2.000000;164.028656;-275.062317;2133.503906;0.499190;0.000000;0.000000;0.000000;0.000000;2.000000;214.726501;-406.246796;1984.295166;0.374314;0.000000;0.000000;0.000000;0.000000;2.000000;262.523132;-471.540375;1957.857056;0.427273;0.000000;0.000000;0.000000;0.000000;2.000000;298.208191;-538.543701;1899.872192;0.446938;0.000000;0.000000;0.000000;0.000000;2.000000;223.184311;-529.899719;1946.899536;0.308953;0.000000;0.000000;0.000000;0.000000;2.000000;12.921017;-587.272461;2003.649780;0.095625;0.000000;0.000000;0.000000;0.000000;2.000000;-77.256836;-571.546753;1931.973511;0.072992;0.000000;0.000000;0.000000;0.000000;2.000000;-40.700493;-328.684174;1891.430420;0.040735;0.000000;0.000000;0.000000;0.000000;2.000000;149.928299;-404.187897;1924.200684;0.355770;0.000000;0.000000;0.000000;0.000000;2.000000;216.088776;-463.293060;1947.237793;0.462847;0.000000;0.000000;0.000000;0.000000;2.000000;286.539978;-525.269409;1943.793091;0.723507;0.000000;0.000000;0.000000;0.000000;2.000000;199.227127;-501.418060;1965.391724;0.312029;0.000000;0.000000;0.000000;0.000000;2.000000;67.562134;-143.468781;2043.480713;0.020813;0.000000;0.000000;0.000000;0.000000;2.000000;131.628662;-40.780060;1710.904053;0.057131;0.000000;0.000000;0.000000;0.000000;2.000000;102.118744;296.087097;1703.660156;0.094521;0.000000;0.000000;0.000000;0.000000;2.000000;132.694611;436.769409;1621.790283;0.124756;0.000000;0.000000;0.000000;0.000000;2.000000;-60.923752;-155.889511;1960.791504;0.018772;0.000000;0.000000;0.000000;0.000000;2.000000;161.857452;-131.291687;1687.385498;0.090133;0.000000;0.000000;0.000000;0.000000;2.000000;243.687500;198.907288;1654.295410;0.063475;0.000000;0.000000;0.000000;0.000000;2.000000;321.578857;309.421082;1584.022705;0.058788;0.000000;0.000000;0.000000;0.000000;2.000000;67.842308;-680.230957;1997.280518;0.127817;0.000000;0.000000;0.000000;0.000000;2.000000;82.167328;-761.415405;1881.590698;0.216862;0.000000;0.000000;0.000000;0.000000;2.000000;120.879456;-758.882935;1912.306274;0.153118;0.000000;0.000000;0.000000;0.000000;2.000000;159.665955;-683.337463;1985.441772;0.067642;0.000000;0.000000;0.000000;0.000000;2.000000;82.962959;-783.646118;1921.555420;0.232898;0.000000;0.000000;0.000000;0.000000;2.000000;46.210018;-765.030884;2029.810181;0.278193;0.000000;0.000000;0.000000;0.000000;2.000000;20438499328.000000
0.000000;-149.999985;2000.000000;0.000001;0.000000;0.000000;0.000000;0.000000;2.000000;-6.699768;-304.473541;2030.737061;0.054179;0.000000;0.000000;0.000000;0.000000;2.000000;-4.732964;-429.814636;2043.738647;0.117646;0.000000;0.000000;0.000000;0.000000;2.000000;40.607487;-614.089539;2015.636597;0.112267;0.000000;0.000000;0.000000;0.000000;2.000000;56.392815;-580.996460;2038.691162;0.107158;0.000000;0.000000;0.000000;0.000000;2.000000;153.638992;-514.019531;2083.560059;0.117446;0.000000;0.000000;0.000000;0.000000;2.000000;157.652069;-270.880127;2105.761230;0.826392;0.000000;0.000000;0.000000;0.000000;2.000000;212.443146;-397.648804;1954.333496;0.897704;0.000000;0.000000;0.000000;0.000000;2.000000;254.224457;-470.650421;1967.175293;0.359305;0.000000;0.000000;0.000000;0.000000;2.000000;291.261047;-543.253174;1917.440552;0.559232;0.000000;0.000000;0.000000;0.000000;2.000000;217.129578;-526.168823;1953.711792;0.282863;0.000000;0.000000;0.000000;0.000000;2.000000;8.885025;-586.753601;2003.392822;0.117110;0.000000;0.000000;0.000000;0.000000;2.000000;-81.651772;-571.538391;1932.150269;0.126335;0.000000;0.000000;0.000000;0.000000;2.000000;-39.225937;-329.217407;1894.951172;0.110700;0.000000;0.000000;0.000000;0.000000;2.000000;153.384644;-398.668884;1928.870605;0.230163;0.000000;0.000000;0.000000;0.000000;2.000000;218.391968;-456.417236;1957.723511;0.366177;0.000000;0.000000;0.000000;0.000000;2.000000;288.717468;-518.510010;1960.313354;0.516485;0.000000;0.000000;0.000000;0.000000;2.000000;201.993958;-493.640076;1964.090576;0.240044;0.000000;0.000000;0.000000;0.000000;2.000000;68.316849;-144.533707;2042.362671;0.049363;0.000000;0.000000;0.000000;0.000000;2.000000;130.855789;-40.414764;1710.119873;0.033319;0.000000;0.000000;0.000000;0.000000;2.000000;102.863419;296.488159;1707.591797;0.115510;0.000000;0.000000;0.000000;0.000000;2.000000;133.939026;435.132324;1622.650635;0.064025;0.000000;0.000000;0.000000;0.000000;2.000000;-61.604301;-154.929169;1961.799683;0.044514;0.000000;0.000000;0.000000;0.000000;2.000000;161.622910;-130.348785;1688.974731;0.053502;0.000000;0.000000;0.000000;0.000000;2.000000;244.253784;199.577454;1656.854980;0.077716;0.000000;0.000000;0.000000;0.000000;2.000000;322.262756;308.331970;1584.167480;0.037171;0.000000;0.000000;0.000000;0.000000;2.000000;64.023819;-679.434448;1995.842651;0.119406;0.000000;0.000000;0.000000;0.000000;2.000000;82.093498;-761.518372;1881.401855;0.006532;0.000000;0.000000;0.000000;0.000000;2.000000;119.684319;-758.904053;1913.436890;0.047258;0.000000;0.000000;0.000000;0.000000;2.000000;156.151733;-682.989990;1987.298096;0.114589;0.000000;0.000000;0.000000;0.000000;2.000000;81.378487;-783.435059;1921.516113;0.045926;0.000000;0.000000;0.000000;0.000000;2.000000;40.907276;-763.857056;2028.204468;0.162670;0.000000;0.000000;0.000000;0.000000;2.000000;20438534144.000000
0.000000;-150.000015;2000.000000;0.000001;0.000000;0.000000;0.000000;0.000000;2.000000;-6.699203;-304.467010;2030.754272;0.000562;0.000000;0.000000;0.000000;0.000000;2.000000;-4.740349;-429.802643;2043.785645;0.001497;0.000000;0.000000;0.000000;0.000000;2.000000;40.570549;-614.090698;2015.748169;0.003587;0.000000;0.000000;0.000000;0.000000;2.000000;56.354492;-580.995544;2038.799072;0.003495;0.000000;0.000000;0.000000;0.000000;2.000000;153.633438;-514.116638;2083.735840;0.006131;0.000000;0.000000;0.000000;0.000000;2.000000;158.099823;-271.015228;2106.211914;0.019821;0.000000;0.000000;0.000000;0.000000;2.000000;212.716919;-397.686493;1954.645386;0.012717;0.000000;0.000000;0.000000;0.000000;2.000000;254.435120;-470.730286;1967.441040;0.010632;0.000000;0.000000;0.000000;0.000000;2.000000;291.509460;-543.371216;1917.793823;0.013663;0.000000;0.000000;0.000000;0.000000;2.000000;217.679993;-526.203857;1953.674438;0.016870;0.000000;0.000000;0.000000;0.000000;2.000000;8.858643;-586.751953;2003.486450;0.002969;0.000000;0.000000;0.000000;0.000000;2.000000;-81.627525;-571.513550;1932.188232;0.001570;0.000000;0.000000;0.000000;0.000000;2.000000;-39.109169;-329.209747;1895.015381;0.004073;0.000000;0.000000;0.000000;0.000000;2.000000;153.438644;-398.704163;1929.177368;0.009566;0.000000;0.000000;0.000000;0.000000;2.000000;218.376831;-456.383087;1958.317749;0.018171;0.000000;0.000000;0.000000;0.000000;2.000000;288.670654;-518.494995;1961.222290;0.027779;0.000000;0.000000;0.000000;0.000000;2.000000;202.028473;-493.517212;1964.985352;0.027583;0.000000;0.000000;0.000000;0.000000;2.000000;68.311653;-144.527405;2042.367310;0.000287;0.000000;0.000000;0.000000;0.000000;2.000000;130.966187;-40.462616;1710.136719;0.003708;0.000000;0.000000;0.000000;0.000000;2.000000;102.996750;296.435242;1707.566162;0.004447;0.000000;0.000000;0.000000;0.000000;2.000000;134.103455;435.070251;1622.627808;0.005409;0.000000;0.000000;0.000000;0.000000;2.000000;-61.599632;-154.934906;1961.795776;0.000255;0.000000;0.000000;0.000000;0.000000;2.000000;161.665375;-130.393341;1689.007324;0.002125;0.000000;0.000000;0.000000;0.000000;2.000000;244.297180;199.524597;1656.876099;0.002184;0.000000;0.000000;0.000000;0.000000;2.000000;322.328247;308.285950;1584.228760;0.003076;0.000000;0.000000;0.000000;0.000000;2.000000;63.979649;-679.444397;1995.979980;0.004413;0.000000;0.000000;0.000000;0.000000;2.000000;82.041046;-761.613525;1881.602295;0.006958;0.000000;0.000000;0.000000;0.000000;2.000000;119.626434;-758.989319;1913.641602;0.006994;0.000000;0.000000;0.000000;0.000000;2.000000;156.105988;-683.037109;1987.454346;0.005172;0.000000;0.000000;0.000000;0.000000;2.000000;81.311646;-783.501160;1921.731323;0.007167;0.000000;0.000000;0.000000;0.000000;2.000000;40.829311;-763.834656;2028.396484;0.006361;0.000000;0.000000;0.000000;0.000000;2.000000;20438566912.000000
0.000000;-150.000015;2000.000000;0.000000;0.000000;0.000000;0.000000;0.000000;2.000000;-7.497887;-304.200073;2032.486938;0.058791;0.000000;0.000000;0.000000;0.000000;2.000000;-3.502701;-429.805725;2043.190063;0.041916;0.000000;0.000000;0.000000;0.000000;2.000000;39.231255;-614.901733;2015.412109;0.048870;0.000000;0.000000;0.000000;0.000000;2.000000;55.537811;-581.953735;2038.373047;0.040562;0.000000;0.000000;0.000000;0.000000;2.000000;153.546051;-514.176819;2080.571289;0.096629;0.000000;0.000000;0.000000;0.000000;2.000000;164.352386;-272.394104;2114.338379;0.315728;0.000000;0.000000;0.000000;0.000000;2.000000;225.808380;-385.004913;1954.312744;0.556324;0.000000;0.000000;0.000000;0.000000;2.000000;253.019806;-465.342041;1961.812012;0.241691;0.000000;0.000000;0.000000;0.000000;2.000000;290.247253;-542.933228;1920.292114;0.086459;0.000000;0.000000;0.000000;0.000000;2.000000;230.363739;-510.384827;1948.045166;0.642181;0.000000;0.000000;0.000000;0.000000;2.000000;7.844936;-587.132690;2003.159058;0.034523;0.000000;0.000000;0.000000;0.000000;2.000000;-83.344093;-571.293030;1932.746094;0.055492;0.000000;0.000000;0.000000;0.000000;2.000000;-38.765579;-329.129791;1895.780762;0.025719;0.000000;0.000000;0.000000;0.000000;2.000000;153.390228;-396.299194;1937.040527;0.250942;0.000000;0.000000;0.000000;0.000000;2.000000;217.162476;-457.208893;1962.122437;0.124459;0.000000;0.000000;0.000000;0.000000;2.000000;290.320313;-516.107605;1961.843994;0.090568;0.000000;0.000000;0.000000;0.000000;2.000000;204.182556;-493.670593;1972.844604;0.248735;0.000000;0.000000;0.000000;0.000000;2.000000;67.702377;-144.148315;2043.400757;0.038396;0.000000;0.000000;0.000000;0.000000;2.000000;132.689575;-41.739288;1710.812012;0.068620;0.000000;0.000000;0.000000;0.000000;2.000000;103.618576;295.303650;1705.989990;0.062180;0.000000;0.000000;0.000000;0.000000;2.000000;133.310181;435.097534;1622.202393;0.027483;0.000000;0.000000;0.000000;0.000000;2.000000;-61.050209;-155.276764;1960.863770;0.034626;0.000000;0.000000;0.000000;0.000000;2.000000;162.382843;-131.935883;1687.752808;0.064507;0.000000;0.000000;0.000000;0.000000;2.000000;244.317291;198.414978;1655.468628;0.054699;0.000000;0.000000;0.000000;0.000000;2.000000;321.556885;309.096497;1584.651123;0.036499;0.000000;0.000000;0.000000;0.000000;2.000000;61.707676;-680.663574;1995.710815;0.079115;0.000000;0.000000;0.000000;0.000000;2.000000;80.686394;-757.457275;1877.668457;0.179470;0.000000;0.000000;0.000000;0.000000;2.000000;118.348602;-755.688232;1909.735107;0.160879;0.000000;0.000000;0.000000;0.000000;2.000000;153.924225;-682.485413;1986.825806;0.071306;0.000000;0.000000;0.000000;0.000000;2.000000;80.399109;-781.129761;1916.818237;0.168800;0.000000;0.000000;0.000000;0.000000;2.000000;39.899628;-766.814758;2024.422729;0.154215;0.000000;0.000000;0.000000;0.000000;2.000000;20438599680.000000
0.000000;-149.999985;2000.000000;0.000001;0.000000;0.000000;0.000000;0.000000;2.000000;-10.044289;-303.774323;2039.049438;0.215212;0.000000;0.000000;0.000000;0.000000;2.000000;-3.488884;-430.473969;2046.554321;0.104676;0.000000;0.000000;0.000000;0.000000;2.000000;37.859348;-616.639343;2014.022461;0.079770;0.000000;0.000000;0.000000;0.000000;2.000000;54.564968;-584.177368;2037.995972;0.074959;0.000000;0.000000;0.000000;0.000000;2.000000;153.177872;-524.096680;2091.770996;0.456717;0.000000;0.000000;0.000000;0.000000;2.000000;194.777237;-285.675232;2137.153076;1.229283;0.000000;0.000000;0.000000;0.000000;2.000000;230.380096;-392.991730;1964.152588;0.411153;0.000000;0.000000;0.000000;0.000000;2.000000;259.218231;-473.476349;1956.877686;0.346526;0.000000;0.000000;0.000000;0.000000;2.000000;299.811707;-542.616333;1903.562378;0.588177;0.000000;0.000000;0.000000;0.000000;2.000000;228.165207;-516.400146;1943.666382;0.236765;0.000000;0.000000;0.000000;0.000000;2.000000;6.517796;-588.063110;2002.326294;0.055610;0.000000;0.000000;0.000000;0.000000;2.000000;-85.186111;-570.437317;1931.529541;0.072252;0.000000;0.000000;0.000000;0.000000;2.000000;-38.865334;-326.693054;1894.194580;0.088783;0.000000;0.000000;0.000000;0.000000;2.000000;155.409164;-396.289764;1929.058716;0.251257;0.000000;0.000000;0.000000;0.000000;2.000000;211.875671;-449.116394;1979.618042;0.609997;0.000000;0.000000;0.000000;0.000000;2.000000;281.923126;-506.458252;2007.226318;1.438922;0.000000;0.000000;0.000000;0.000000;2.000000;204.099625;-482.939545;1969.173096;0.346132;0.000000;0.000000;0.000000;0.000000;2.000000;69.439919;-143.934387;2041.747192;0.073490;0.000000;0.000000;0.000000;0.000000;2.000000;135.713287;-42.513580;1706.222900;0.169372;0.000000;0.000000;0.000000;0.000000;2.000000;103.766922;296.901550;1708.363159;0.087428;0.000000;0.000000;0.000000;0.000000;2.000000;132.052826;433.933228;1617.320068;0.157908;0.000000;0.000000;0.000000;0.000000;2.000000;-62.617020;-155.469604;1962.354614;0.066264;0.000000;0.000000;0.000000;0.000000;2.000000;159.580566;-133.597748;1684.629883;0.137726;0.000000;0.000000;0.000000;0.000000;2.000000;241.436844;199.902466;1657.004272;0.109472;0.000000;0.000000;0.000000;0.000000;2.000000;321.039490;306.809998;1580.694580;0.140348;0.000000;0.000000;0.000000;0.000000;2.000000;59.915272;-682.605896;1992.570068;0.125269;0.000000;0.000000;0.000000;0.000000;2.000000;78.691086;-759.068481;1872.974365;0.163238;0.000000;0.000000;0.000000;0.000000;2.000000;116.285789;-758.514526;1905.744507;0.161968;0.000000;0.000000;0.000000;0.000000;2.000000;152.872955;-686.462402;1984.678223;0.141615;0.000000;0.000000;0.000000;0.000000;2.000000;77.391212;-783.349731;1912.142334;0.182698;0.000000;0.000000;0.000000;0.000000;2.000000;35.632874;-769.211548;2020.247803;0.196311;0.000000;0.000000;0.000000;0.000000;2.000000;20438632448.000000
0.000000;-149.999985;2000.000000;0.000000;0.000000;0.000000;0.000000;0.000000;2.000000;-9.743233;-303.535278;2040.808960;0.051730;0.000000;0.000000;0.000000;0.000000;2.000000;-2.606468;-430.287720;2049.413086;0.086100;0.000000;0.000000;0.000000;0.000000;2.000000;39.704742;-616.560425;2017.346558;0.109226;0.000000;0.000000;0.000000;0.000000;2.000000;56.422520;-583.843872;2041.060303;0.103368;0.000000;0.000000;0.000000;0.000000;2.000000;156.346024;-522.301270;2090.990234;0.106970;0.000000;0.000000;0.000000;0.000000;2.000000;195.767578;-284.350800;2142.047852;0.148397;0.000000;0.000000;0.000000;0.000000;2.000000;225.549011;-390.775482;1967.108887;0.174690;0.000000;0.000000;0.000000;0.000000;2.000000;260.858765;-468.300079;1956.005127;0.157964;0.000000;0.000000;0.000000;0.000000;2.000000;301.419861;-539.194092;1904.800415;0.114280;0.000000;0.000000;0.000000;0.000000;2.000000;230.636169;-514.625549;1946.242798;0.114504;0.000000;0.000000;0.000000;0.000000;2.000000;8.047485;-588.203003;2005.768677;0.108271;0.000000;0.000000;0.000000;0.000000;2.000000;-83.105453;-569.364868;1934.340942;0.105076;0.000000;0.000000;0.000000;0.000000;2.000000;-36.709396;-325.547119;1895.568848;0.080473;0.000000;0.000000;0.000000;0.000000;2.000000;158.549271;-394.480103;1927.662231;0.111557;0.000000;0.000000;0.000000;0.000000;2.000000;213.911987;-448.337067;1978.558105;0.069633;0.000000;0.000000;0.000000;0.000000;2.000000;285.875641;-502.460632;2008.062012;0.163243;0.000000;0.000000;0.000000;0.000000;2.000000;210.987289;-481.083984;1963.141357;0.268312;0.000000;0.000000;0.000000;0.000000;2.000000;69.357048;-143.245941;2041.969849;0.020918;0.000000;0.000000;0.000000;0.000000;2.000000;140.088715;-41.839203;1706.893433;0.128607;0.000000;0.000000;0.000000;0.000000;2.000000;106.781204;297.862366;1708.388916;0.090872;0.000000;0.000000;0.000000;0.000000;2.000000;133.997620;434.608521;1616.227295;0.066945;0.000000;0.000000;0.000000;0.000000;2.000000;-62.542297;-156.090408;1962.153931;0.018862;0.000000;0.000000;0.000000;0.000000;2.000000;162.126465;-132.572372;1686.003540;0.088155;0.000000;0.000000;0.000000;0.000000;2.000000;243.748352;201.307617;1657.108643;0.077755;0.000000;0.000000;0.000000;0.000000;2.000000;323.872223;308.498474;1581.370361;0.096688;0.000000;0.000000;0.000000;0.000000;2.000000;62.027729;-682.563843;1995.985718;0.115359;0.000000;0.000000;0.000000;0.000000;2.000000;80.957375;-757.901367;1875.496460;0.102998;0.000000;0.000000;0.000000;0.000000;2.000000;118.944580;-756.847839;1907.891235;0.109204;0.000000;0.000000;0.000000;0.000000;2.000000;155.060577;-684.567627;1987.028442;0.107083;0.000000;0.000000;0.000000;0.000000;2.000000;80.563667;-782.506226;1914.547363;0.116883;0.000000;0.000000;0.000000;0.000000;2.000000;39.703548;-769.920044;2023.338013;0.148197;0.000000;0.000000;0.000000;0.000000;2.000000;20438667264.000000
0.000000;-150.000000;2000.000000;0.000000;0.000000;0.000000;0.000000;0.000000;2.000000;-9.301727;-303.147522;2040.357300;0.022618;0.000000;0.000000;0.000000;0.000000;2.000000;-3.270706;-429.508728;2049.456543;0.031270;0.000000;0.000000;0.000000;0.000000;2.000000;39.857346;-614.911377;2017.223145;0.050680;0.000000;0.000000;0.000000;0.000000;2.000000;56.727844;-582.073730;2040.394043;0.058467;0.000000;0.000000;0.000000;0.000000;2.000000;156.541595;-519.285278;2087.877686;0.132400;0.000000;0.000000;0.000000;0.000000;2.000000;194.213776;-283.216614;2144.801270;0.102504;0.000000;0.000000;0.000000;0.000000;2.000000;220.450562;-390.917694;1970.871094;0.193416;0.000000;0.000000;0.000000;0.000000;2.000000;259.571594;-466.123138;1958.786255;0.114717;0.000000;0.000000;0.000000;0.000000;2.000000;301.165314;-535.188416;1906.509277;0.133130;0.000000;0.000000;0.000000;0.000000;2.000000;242.009583;-511.682800;1941.201294;0.390137;0.000000;0.000000;0.000000;0.000000;2.000000;7.817444;-586.963989;2006.259644;0.041274;0.000000;0.000000;0.000000;0.000000;2.000000;-83.821457;-568.258911;1936.053101;0.065930;0.000000;0.000000;0.000000;0.000000;2.000000;-43.628922;-324.546631;1895.024536;0.214009;0.000000;0.000000;0.000000;0.000000;2.000000;156.083405;-382.837158;1913.480591;0.564994;0.000000;0.000000;0.000000;0.000000;2.000000;215.400497;-444.029541;1948.659668;0.922967;0.000000;0.000000;0.000000;0.000000;2.000000;280.568054;-511.749573;1958.022583;1.561594;0.000000;0.000000;0.000000;0.000000;2.000000;205.992142;-468.590668;1970.401855;0.466579;0.000000;0.000000;0.000000;0.000000;2.000000;70.345688;-143.773575;2039.841675;0.073401;0.000000;0.000000;0.000000;0.000000;2.000000;140.607849;-35.729156;1707.988770;0.190098;0.000000;0.000000;0.000000;0.000000;2.000000;106.111496;302.742188;1709.242432;0.152556;0.000000;0.000000;0.000000;0.000000;2.000000;133.710541;440.173157;1619.219238;0.193008;0.000000;0.000000;0.000000;0.000000;2.000000;-63.433792;-155.614655;1964.072998;0.066188;0.000000;0.000000;0.000000;0.000000;2.000000;159.413910;-131.123276;1688.023682;0.112290;0.000000;0.000000;0.000000;0.000000;2.000000;242.748840;200.978394;1656.936035;0.032544;0.000000;0.000000;0.000000;0.000000;2.000000;322.896942;309.163208;1583.688232;0.079378;0.000000;0.000000;0.000000;0.000000;2.000000;62.233513;-680.577271;1995.683228;0.061645;0.000000;0.000000;0.000000;0.000000;2.000000;80.819466;-756.803101;1876.255859;0.040965;0.000000;0.000000;0.000000;0.000000;2.000000;118.212349;-756.617920;1909.106445;0.043862;0.000000;0.000000;0.000000;0.000000;2.000000;154.997620;-685.163330;1988.162109;0.039130;0.000000;0.000000;0.000000;0.000000;2.000000;79.172707;-781.098877;1915.291016;0.064510;0.000000;0.000000;0.000000;0.000000;2.000000;37.192787;-766.860107;2023.040039;0.121136;0.000000;0.000000;0.000000;0.000000;2.000000;20438700032.000000
0.000000;-150.000000;2000.000000;0.000000;0.000000;0.000000;0.000000;0.000000;2.000000;-9.323074;-303.247803;2040.410400;0.003524;0.000000;0.000000;0.000000;0.000000;2.000000;-3.746956;-429.606171;2050.966309;0.048404;0.000000;0.000000;0.000000;0.000000;2.000000;39.010887;-614.956848;2017.165894;0.025928;0.000000;0.000000;0.000000;0.000000;2.000000;56.043774;-582.288086;2040.513672;0.022180;0.000000;0.000000;0.000000;0.000000;2.000000;155.423477;-519.219849;2088.770508;0.043712;0.000000;0.000000;0.000000;0.000000;2.000000;185.474518;-282.300201;2147.412354;0.279752;0.000000;0.000000;0.000000;0.000000;2.000000;209.469940;-388.555389;1972.102539;0.344823;0.000000;0.000000;0.000000;0.000000;2.000000;249.784363;-449.527924;1927.383789;1.124317;0.000000;0.000000;0.000000;0.000000;2.000000;304.428802;-524.152466;1901.094971;0.388134;0.000000;0.000000;0.000000;0.000000;2.000000;244.873489;-494.344727;1935.345215;0.565279;0.000000;0.000000;0.000000;0.000000;2.000000;6.936749;-586.868164;2006.545044;0.028404;0.000000;0.000000;0.000000;0.000000;2.000000;-84.768860;-566.054688;1936.884033;0.077485;0.000000;0.000000;0.000000;0.000000;2.000000;-40.562943;-323.183167;1893.966309;0.107373;0.000000;0.000000;0.000000;0.000000;2.000000;153.099548;-400.746582;1881.177002;1.130870;0.000000;0.000000;0.000000;0.000000;2.000000;221.809631;-455.608765;1909.134644;1.272031;0.000000;0.000000;0.000000;0.000000;2.000000;294.252228;-515.389893;1919.685669;1.247205;0.000000;0.000000;0.000000;0.000000;2.000000;216.224564;-477.888397;1944.096436;0.906904;0.000000;0.000000;0.000000;0.000000;2.000000;69.884491;-143.514359;2040.718384;0.031249;0.000000;0.000000;0.000000;0.000000;2.000000;133.704529;-37.339020;1706.699097;0.219876;0.000000;0.000000;0.000000;0.000000;2.000000;104.373245;301.861145;1706.116211;0.112423;0.000000;0.000000;0.000000;0.000000;2.000000;133.213608;441.229431;1619.300781;0.035711;0.000000;0.000000;0.000000;0.000000;2.000000;-63.017929;-155.848373;1963.282349;0.028180;0.000000;0.000000;0.000000;0.000000;2.000000;162.394836;-134.238617;1688.756836;0.133473;0.000000;0.000000;0.000000;0.000000;2.000000;244.310760;198.314331;1656.087036;0.097740;0.000000;0.000000;0.000000;0.000000;2.000000;322.205750;310.256348;1585.892090;0.077982;0.000000;0.000000;0.000000;0.000000;2.000000;61.214546;-680.540161;1995.031494;0.036930;0.000000;0.000000;0.000000;0.000000;2.000000;79.812416;-755.819519;1874.887451;0.059912;0.000000;0.000000;0.000000;0.000000;2.000000;117.621490;-755.082764;1907.304077;0.074468;0.000000;0.000000;0.000000;0.000000;2.000000;154.015793;-683.294617;1986.351563;0.084870;0.000000;0.000000;0.000000;0.000000;2.000000;79.112457;-780.363770;1913.833740;0.049844;0.000000;0.000000;0.000000;0.000000;2.000000;38.161995;-767.493896;2022.237793;0.042992;0.000000;0.000000;0.000000;0.000000;2.000000;20438732800.000000
0.000000;-150.000000;2000.000000;0.000000;0.000000;0.000000;0.000000;0.000000;2.000000;-8.820549;-304.098541;2038.553833;0.060407;0.000000;0.000000;0.000000;0.000000;2.000000;-3.623322;-430.777039;2048.658447;0.074415;0.000000;0.000000;0.000000;0.000000;2.000000;37.292931;-617.081055;2015.508667;0.091777;0.000000;0.000000;0.000000;0.000000;2.000000;54.581558;-584.488098;2038.945435;0.088237;0.000000;0.000000;0.000000;0.000000;2.000000;155.196625;-524.892212;2089.694336;0.165199;0.000000;0.000000;0.000000;0.000000;2.000000;175.622528;-286.764069;2149.731201;0.317724;0.000000;0.000000;0.000000;0.000000;2.000000;209.753860;-395.962158;1977.426147;0.262117;0.000000;0.000000;0.000000;0.000000;2.000000;254.815109;-447.841766;1925.933716;0.157984;0.000000;0.000000;0.000000;0.000000;2.000000;310.311035;-518.438599;1890.990479;0.373778;0.000000;0.000000;0.000000;0.000000;2.000000;238.253113;-458.693787;1867.618042;2.206546;0.000000;0.000000;0.000000;0.000000;2.000000;5.553482;-588.588196;2004.582153;0.084840;0.000000;0.000000;0.000000;0.000000;2.000000;-87.223663;-569.167053;1935.527954;0.120332;0.000000;0.000000;0.000000;0.000000;2.000000;-36.618195;-327.646881;1889.125244;0.220475;0.000000;0.000000;0.000000;0.000000;2.000000;152.406433;-415.834595;1870.132080;0.537439;0.000000;0.000000;0.000000;0.000000;2.000000;227.894836;-468.473877;1879.014160;0.956842;0.000000;0.000000;0.000000;0.000000;2.000000;305.600708;-513.602539;1908.942749;0.451767;0.000000;0.000000;0.000000;0.000000;2.000000;232.365479;-483.266815;1875.871704;2.019591;0.000000;0.000000;0.000000;0.000000;2.000000;70.241104;-143.887589;2040.501221;0.016085;0.000000;0.000000;0.000000;0.000000;2.000000;130.663757;-40.641876;1704.142578;0.148389;0.000000;0.000000;0.000000;0.000000;2.000000;101.467316;299.286285;1703.626953;0.132468;0.000000;0.000000;0.000000;0.000000;2.000000;130.453506;438.372528;1615.742554;0.153177;0.000000;0.000000;0.000000;0.000000;2.000000;-63.339508;-155.511826;1963.478149;0.014505;0.000000;0.000000;0.000000;0.000000;2.000000;158.952087;-138.378983;1685.150391;0.186146;0.000000;0.000000;0.000000;0.000000;2.000000;241.807190;194.870941;1654.406006;0.131468;0.000000;0.000000;0.000000;0.000000;2.000000;319.689484;305.317352;1581.189575;0.208784;0.000000;0.000000;0.000000;0.000000;2.000000;58.928268;-683.108276;1993.631958;0.106626;0.000000;0.000000;0.000000;0.000000;2.000000;77.517075;-756.359619;1871.886719;0.109615;0.000000;0.000000;0.000000;0.000000;2.000000;115.343674;-756.371704;1904.451416;0.111195;0.000000;0.000000;0.000000;0.000000;2.000000;151.929901;-686.061462;1985.061035;0.106202;0.000000;0.000000;0.000000;0.000000;2.000000;76.645439;-781.675415;1910.447754;0.126089;0.000000;0.000000;0.000000;0.000000;2.000000;35.443794;-770.648193;2019.222168;0.147668;0.000000;0.000000;0.000000;0.000000;2.000000;20438767616.000000
0.000000;-150.000015;2000.000000;0.000000;0.000000;0.000000;0.000000;0.000000;2.000000;-9.730209;-304.629852;2040.779175;0.075137;0.000000;0.000000;0.000000;0.000000;2.000000;-2.820457;-432.301941;2048.335938;0.053505;0.000000;0.000000;0.000000;0.000000;2.000000;35.844482;-620.120850;2013.113525;0.126105;0.000000;0.000000;0.000000;0.000000;2.000000;53.830158;-587.707214;2036.848145;0.119471;0.000000;0.000000;0.000000;0.000000;2.000000;157.750381;-528.746338;2083.797363;0.228679;0.000000;0.000000;0.000000;0.000000;2.000000;157.606689;-286.341034;2136.937744;0.674447;0.000000;0.000000;0.000000;0.000000;2.000000;209.124298;-409.879089;1977.354980;0.425151;0.000000;0.000000;0.000000;0.000000;2.000000;263.087646;-467.542633;1942.134399;0.818316;0.000000;0.000000;0.000000;0.000000;2.000000;314.327820;-514.480042;1874.405762;0.534587;0.000000;0.000000;0.000000;0.000000;2.000000;246.597839;-490.151703;1881.010742;1.074028;0.000000;0.000000;0.000000;0.000000;2.000000;4.151413;-590.952942;2002.588257;0.103641;0.000000;0.000000;0.000000;0.000000;2.000000;-88.946556;-570.941895;1932.732666;0.113909;0.000000;0.000000;0.000000;0.000000;2.000000;-42.916977;-328.229523;1878.802612;0.369466;0.000000;0.000000;0.000000;0.000000;2.000000;144.607452;-420.762573;1851.236816;0.641697;0.000000;0.000000;0.000000;0.000000;2.000000;218.760559;-475.078369;1866.073242;0.523732;0.000000;0.000000;0.000000;0.000000;2.000000;294.626770;-528.174133;1888.928345;0.826421;0.000000;0.000000;0.000000;0.000000;2.000000;221.289795;-497.159546;1852.125244;0.905078;0.000000;0.000000;0.000000;0.000000;2.000000;70.862694;-143.764557;2040.552368;0.019400;0.000000;0.000000;0.000000;0.000000;2.000000;125.455940;-42.243835;1700.022461;0.208467;0.000000;0.000000;0.000000;0.000000;2.000000;97.091431;300.158325;1698.046875;0.218038;0.000000;0.000000;0.000000;0.000000;2.000000;125.978714;438.481995;1606.750366;0.306539;0.000000;0.000000;0.000000;0.000000;2.000000;-63.900017;-155.622787;1963.432129;0.017494;0.000000;0.000000;0.000000;0.000000;2.000000;154.927124;-142.296188;1678.991455;0.254373;0.000000;0.000000;0.000000;0.000000;2.000000;235.318878;193.964600;1647.207031;0.297049;0.000000;0.000000;0.000000;0.000000;2.000000;315.517670;304.224487;1573.931885;0.257639;0.000000;0.000000;0.000000;0.000000;2.000000;56.654633;-686.687988;1990.376709;0.163149;0.000000;0.000000;0.000000;0.000000;2.000000;68.607521;-760.704590;1867.080811;0.336186;0.000000;0.000000;0.000000;0.000000;2.000000;107.655624;-762.374023;1898.687134;0.345753;0.000000;0.000000;0.000000;0.000000;2.000000;149.805054;-693.409973;1978.860962;0.300496;0.000000;0.000000;0.000000;0.000000;2.000000;67.889046;-786.283081;1905.860840;0.332830;0.000000;0.000000;0.000000;0.000000;2.000000;30.257164;-773.910034;2016.651611;0.202772;0.000000;0.000000;0.000000;0.000000;2.000000;20438800384.000000
0.000000;-150.000000;2000.000000;0.000000;0.000000;0.000000;0.000000;0.000000;2.000000;-9.617577;-303.963226;2040.025024;0.030909;0.000000;0.000000;0.000000;0.000000;2.000000;-2.927971;-430.892151;2048.827148;0.045678;0.000000;0.000000;0.000000;0.000000;2.000000;37.395042;-618.017578;2017.657593;0.159967;0.000000;0.000000;0.000000;0.000000;2.000000;54.571510;-585.290039;2041.131836;0.151800;0.000000;0.000000;0.000000;0.000000;2.000000;157.212372;-531.325317;2094.611328;0.339668;0.000000;0.000000;0.000000;0.000000;2.000000;161.188965;-289.532440;2144.205811;0.265770;0.000000;0.000000;0.000000;0.000000;2.000000;216.851807;-409.318237;1984.578247;0.323262;0.000000;0.000000;0.000000;0.000000;2.000000;276.255249;-461.476349;1950.665771;0.513358;0.000000;0.000000;0.000000;0.000000;2.000000;318.963562;-512.878296;1881.016113;0.251196;0.000000;0.000000;0.000000;0.000000;2.000000;273.725433;-505.609253;1922.916260;1.594792;0.000000;0.000000;0.000000;0.000000;2.000000;5.936794;-589.370972;2006.031860;0.127841;0.000000;0.000000;0.000000;0.000000;2.000000;-85.887947;-569.922913;1935.382080;0.127346;0.000000;0.000000;0.000000;0.000000;2.000000;-34.651398;-329.468903;1882.245605;0.275859;0.000000;0.000000;0.000000;0.000000;2.000000;148.290756;-429.627106;1859.394287;0.384438;0.000000;0.000000;0.000000;0.000000;2.000000;217.744415;-489.023926;1874.441406;0.497294;0.000000;0.000000;0.000000;0.000000;2.000000;297.918121;-534.264771;1897.405640;0.334015;0.000000;0.000000;0.000000;0.000000;2.000000;229.363495;-506.718994;1858.847412;0.433473;0.000000;0.000000;0.000000;0.000000;2.000000;69.488869;-143.426117;2041.985107;0.061451;0.000000;0.000000;0.000000;0.000000;2.000000;130.668701;-38.248260;1705.698975;0.264924;0.000000;0.000000;0.000000;0.000000;2.000000;101.842430;302.309875;1705.032104;0.266037;0.000000;0.000000;0.000000;0.000000;2.000000;131.353073;439.431580;1613.745117;0.270751;0.000000;0.000000;0.000000;0.000000;2.000000;-62.661156;-155.927963;1962.140259;0.055411;0.000000;0.000000;0.000000;0.000000;2.000000;163.745895;-139.863525;1686.277100;0.356898;0.000000;0.000000;0.000000;0.000000;2.000000;239.631287;195.501587;1653.819824;0.245450;0.000000;0.000000;0.000000;0.000000;2.000000;320.497620;304.557373;1581.191406;0.268852;0.000000;0.000000;0.000000;0.000000;2.000000;58.978546;-684.457886;1996.569946;0.213034;0.000000;0.000000;0.000000;0.000000;2.000000;72.360863;-764.911865;1878.446533;0.387187;0.000000;0.000000;0.000000;0.000000;2.000000;111.400482;-763.574219;1909.657837;0.355658;0.000000;0.000000;0.000000;0.000000;2.000000;151.733658;-689.152710;1984.886841;0.232725;0.000000;0.000000;0.000000;0.000000;2.000000;72.589386;-788.015259;1918.474487;0.414183;0.000000;0.000000;0.000000;0.000000;2.000000;35.392570;-770.223267;2028.012939;0.396781;0.000000;0.000000;0.000000;0.000000;2.000000;20438833152.000000
0.000000;-149.999985;2000.000000;0.000000;0.000000;0.000000;0.000000;0.000000;2.000000;-12.022133;-303.121796;2042.940063;0.118144;0.000000;0.000000;0.000000;0.000000;2.000000;-4.678246;-430.220978;2049.849365;0.065160;0.000000;0.000000;0.000000;0.000000;2.000000;36.416218;-616.795288;2015.684326;0.076877;0.000000;0.000000;0.000000;0.000000;2.000000;53.479088;-584.352783;2039.688232;0.062213;0.000000;0.000000;0.000000;0.000000;2.000000;157.177444;-532.014709;2092.957031;0.054704;0.000000;0.000000;0.000000;0.000000;2.000000;161.150940;-290.381897;2144.164551;0.025980;0.000000;0.000000;0.000000;0.000000;2.000000;213.026367;-408.939545;1982.173706;0.138374;0.000000;0.000000;0.000000;0.000000;2.000000;270.858032;-461.104675;1945.513916;0.227984;0.000000;0.000000;0.000000;0.000000;2.000000;317.530884;-512.621094;1878.447144;0.090109;0.000000;0.000000;0.000000;0.000000;2.000000;265.100098;-508.750031;1921.046143;0.285887;0.000000;0.000000;0.000000;0.000000;2.000000;4.818222;-588.074463;2004.512573;0.069860;0.000000;0.000000;0.000000;0.000000;2.000000;-87.157043;-572.088501;1933.058594;0.104382;0.000000;0.000000;0.000000;0.000000;2.000000;-35.947304;-331.535461;1879.514038;0.111761;0.000000;0.000000;0.000000;0.000000;2.000000;147.328506;-431.132080;1855.562134;0.129029;0.000000;0.000000;0.000000;0.000000;2.000000;214.385773;-491.197266;1877.600586;0.155563;0.000000;0.000000;0.000000;0.000000;2.000000;297.912292;-530.229919;1900.278320;0.151154;0.000000;0.000000;0.000000;0.000000;2.000000;224.907181;-508.382690;1866.489014;0.274693;0.000000;0.000000;0.000000;0.000000;2.000000;69.596550;-143.697693;2041.958740;0.008952;0.000000;0.000000;0.000000;0.000000;2.000000;127.252701;-41.481171;1703.875854;0.153939;0.000000;0.000000;0.000000;0.000000;2.000000;99.923538;299.440430;1704.218628;0.108230;0.000000;0.000000;0.000000;0.000000;2.000000;130.660339;437.860474;1615.107178;0.066885;0.000000;0.000000;0.000000;0.000000;2.000000;-62.758278;-155.683044;1962.163818;0.008073;0.000000;0.000000;0.000000;0.000000;2.000000;162.613037;-141.033783;1685.053467;0.062170;0.000000;0.000000;0.000000;0.000000;2.000000;239.108414;194.349426;1651.660400;0.076379;0.000000;0.000000;0.000000;0.000000;2.000000;319.896454;303.539978;1578.919678;0.078147;0.000000;0.000000;0.000000;0.000000;2.000000;58.276093;-682.851685;1993.526001;0.107199;0.000000;0.000000;0.000000;0.000000;2.000000;72.225266;-757.555725;1871.630005;0.306084;0.000000;0.000000;0.000000;0.000000;2.000000;111.161453;-757.700317;1903.054321;0.269811;0.000000;0.000000;0.000000;0.000000;2.000000;151.147583;-686.919861;1982.009155;0.112585;0.000000;0.000000;0.000000;0.000000;2.000000;72.307899;-782.580994;1910.524414;0.294007;0.000000;0.000000;0.000000;0.000000;2.000000;34.616722;-770.110718;2020.714600;0.224009;0.000000;0.000000;0.000000;0.000000;2.000000;20438865920.000000
0.000000;-150.000015;2000.000000;0.000001;0.000000;0.000000;0.000000;0.000000;2.000000;-11.825348;-303.929749;2042.056274;0.034855;0.000000;0.000000;0.000000;0.000000;2.000000;-4.279297;-431.475952;2048.256104;0.059370;0.000000;0.000000;0.000000;0.000000;2.000000;37.997795;-618.380554;2013.694824;0.086036;0.000000;0.000000;0.000000;0.000000;2.000000;54.911308;-585.783203;2037.858521;0.078372;0.000000;0.000000;0.000000;0.000000;2.000000;158.711761;-533.351013;2091.845215;0.066596;0.000000;0.000000;0.000000;0.000000;2.000000;163.310822;-290.729767;2142.262207;0.083270;0.000000;0.000000;0.000000;0.000000;2.000000;213.388641;-410.460205;1979.691650;0.084252;0.000000;0.000000;0.000000;0.000000;2.000000;270.613098;-464.394806;1943.983398;0.104462;0.000000;0.000000;0.000000;0.000000;2.000000;316.954926;-514.026367;1874.837769;0.112474;0.000000;0.000000;0.000000;0.000000;2.000000;267.866882;-508.467743;1918.779541;0.103050;0.000000;0.000000;0.000000;0.000000;2.000000;6.155876;-589.714966;2002.496826;0.083955;0.000000;0.000000;0.000000;0.000000;2.000000;-86.038033;-573.413330;1930.756714;0.082778;0.000000;0.000000;0.000000;0.000000;2.000000;-34.136848;-331.959930;1878.022461;0.068470;0.000000;0.000000;0.000000;0.000000;2.000000;148.853912;-434.755829;1860.072144;0.171852;0.000000;0.000000;0.000000;0.000000;2.000000;215.032104;-496.604034;1881.102295;0.185949;0.000000;0.000000;0.000000;0.000000;2.000000;298.325104;-541.276733;1892.966553;0.380683;0.000000;0.000000;0.000000;0.000000;2.000000;224.009399;-510.706055;1871.623657;0.163916;0.000000;0.000000;0.000000;0.000000;2.000000;69.756943;-143.820053;2042.233643;0.009794;0.000000;0.000000;0.000000;0.000000;2.000000;134.308472;-41.506653;1704.173218;0.202840;0.000000;0.000000;0.000000;0.000000;2.000000;104.219017;300.309326;1706.375732;0.140297;0.000000;0.000000;0.000000;0.000000;2.000000;132.079163;436.952820;1612.655273;0.085440;0.000000;0.000000;0.000000;0.000000;2.000000;-62.902916;-155.572754;1961.916260;0.008823;0.000000;0.000000;0.000000;0.000000;2.000000;163.451202;-142.043335;1684.025635;0.047874;0.000000;0.000000;0.000000;0.000000;2.000000;240.488586;194.487488;1651.606934;0.039869;0.000000;0.000000;0.000000;0.000000;2.000000;322.092346;303.321350;1578.165771;0.066980;0.000000;0.000000;0.000000;0.000000;2.000000;60.313385;-684.496338;1991.372559;0.097372;0.000000;0.000000;0.000000;0.000000;2.000000;74.034500;-759.464844;1869.053711;0.105749;0.000000;0.000000;0.000000;0.000000;2.000000;112.526543;-760.947632;1901.244751;0.113746;0.000000;0.000000;0.000000;0.000000;2.000000;153.500961;-691.491821;1981.398438;0.148732;0.000000;0.000000;0.000000;0.000000;2.000000;72.651413;-784.686279;1907.978760;0.095394;0.000000;0.000000;0.000000;0.000000;2.000000;33.352711;-771.333496;2017.915405;0.094951;0.000000;0.000000;0.000000;0.000000;2.000000;20438900736.000000
0.000000;-150.000015;2000.000000;0.000000;0.000000;0.000000;0.000000;0.000000;2.000000;-11.824989;-303.929413;2042.057007;0.000027;0.000000;0.000000;0.000000;0.000000;2.000000;-4.278954;-431.475433;2048.257813;0.000055;0.000000;0.000000;0.000000;0.000000;2.000000;37.998657;-618.380249;2013.699341;0.000141;0.000000;0.000000;0.000000;0.000000;2.000000;54.911953;-585.782593;2037.862671;0.000130;0.000000;0.000000;0.000000;0.000000;2.000000;158.712311;-533.348389;2091.847168;0.000101;0.000000;0.000000;0.000000;0.000000;2.000000;163.309494;-290.725403;2142.254883;0.000263;0.000000;0.000000;0.000000;0.000000;2.000000;213.387726;-410.460846;1979.688599;0.000099;0.000000;0.000000;0.000000;0.000000;2.000000;270.611267;-464.395569;1943.979126;0.000144;0.000000;0.000000;0.000000;0.000000;2.000000;316.948547;-514.026611;1874.830322;0.000299;0.000000;0.000000;0.000000;0.000000;2.000000;267.862823;-508.466309;1918.769165;0.000343;0.000000;0.000000;0.000000;0.000000;2.000000;6.156773;-589.714844;2002.500977;0.000130;0.000000;0.000000;0.000000;0.000000;2.000000;-86.035385;-573.413330;1930.758667;0.000100;0.000000;0.000000;0.000000;0.000000;2.000000;-34.131706;-331.960938;1878.023438;0.000163;0.000000;0.000000;0.000000;0.000000;2.000000;148.859650;-434.757507;1860.084839;0.000428;0.000000;0.000000;0.000000;0.000000;2.000000;215.039597;-496.599365;1881.127930;0.000827;0.000000;0.000000;0.000000;0.000000;2.000000;298.338654;-541.259583;1892.996094;0.001121;0.000000;0.000000;0.000000;0.000000;2.000000;224.015274;-510.702271;1871.663574;0.001237;0.000000;0.000000;0.000000;0.000000;2.000000;69.756905;-143.819702;2042.233398;0.000013;0.000000;0.000000;0.000000;0.000000;2.000000;134.302643;-41.508911;1704.171387;0.000199;0.000000;0.000000;0.000000;0.000000;2.000000;104.212051;300.306641;1706.369995;0.000287;0.000000;0.000000;0.000000;0.000000;2.000000;132.070343;436.948730;1612.646973;0.000390;0.000000;0.000000;0.000000;0.000000;2.000000;-62.902863;-155.573074;1961.916382;0.000011;0.000000;0.000000;0.000000;0.000000;2.000000;163.450516;-142.044388;1684.025513;0.000039;0.000000;0.000000;0.000000;0.000000;2.000000;240.486923;194.486145;1651.605469;0.000079;0.000000;0.000000;0.000000;0.000000;2.000000;322.090332;303.319763;1578.163818;0.000098;0.000000;0.000000;0.000000;0.000000;2.000000;60.314484;-684.496216;1991.377930;0.000167;0.000000;0.000000;0.000000;0.000000;2.000000;74.038101;-759.465942;1869.060547;0.000238;0.000000;0.000000;0.000000;0.000000;2.000000;112.529694;-760.947876;1901.251953;0.000240;0.000000;0.000000;0.000000;0.000000;2.000000;153.502167;-691.490723;1981.405151;0.000211;0.000000;0.000000;0.000000;0.000000;2.000000;72.654785;-784.686951;1907.985840;0.000240;0.000000;0.000000;0.000000;0.000000;2.000000;33.354473;-771.333252;2017.921631;0.000198;0.000000;0.000000;0.000000;0.000000;2.000000;20438933504.000000
0.000000;-150.000015;2000.000000;0.000000;0.000000;0.000000;0.000000;0.000000;2.000000;-9.065376;-304.458191;2039.645630;0.112997;0.000000;0.000000;0.000000;0.000000;2.000000;-2.733345;-431.662750;2048.796387;0.050276;0.000000;0.000000;0.000000;0.000000;2.000000;37.461876;-618.986938;2016.032837;0.075382;0.000000;0.000000;0.000000;0.000000;2.000000;55.022118;-586.259949;2039.403931;0.049354;0.000000;0.000000;0.000000;0.000000;2.000000;160.550385;-533.256714;2088.737793;0.110266;0.000000;0.000000;0.000000;0.000000;2.000000;164.779449;-290.900299;2138.272461;0.129659;0.000000;0.000000;0.000000;0.000000;2.000000;208.411285;-412.338959;1975.587524;0.204971;0.000000;0.000000;0.000000;0.000000;2.000000;267.590149;-469.158020;1949.103149;0.232543;0.000000;0.000000;0.000000;0.000000;2.000000;306.861816;-515.032043;1873.527588;0.311892;0.000000;0.000000;0.000000;0.000000;2.000000;269.231598;-506.711151;1915.351807;0.124460;0.000000;0.000000;0.000000;0.000000;2.000000;5.687706;-590.283691;2005.054565;0.081113;0.000000;0.000000;0.000000;0.000000;2.000000;-86.895279;-574.365540;1934.080444;0.108671;0.000000;0.000000;0.000000;0.000000;2.000000;-33.914131;-333.397369;1882.375488;0.140019;0.000000;0.000000;0.000000;0.000000;2.000000;152.336334;-430.861084;1877.122314;0.543817;0.000000;0.000000;0.000000;0.000000;2.000000;222.120712;-487.113251;1901.245239;0.712332;0.000000;0.000000;0.000000;0.000000;2.000000;297.446503;-545.075195;1898.401001;0.203733;0.000000;0.000000;0.000000;0.000000;2.000000;226.712814;-499.656860;1895.722412;0.812080;0.000000;0.000000;0.000000;0.000000;2.000000;70.175140;-143.542816;2041.203247;0.034966;0.000000;0.000000;0.000000;0.000000;2.000000;137.255676;-43.739685;1703.567627;0.114436;0.000000;0.000000;0.000000;0.000000;2.000000;105.864059;297.325928;1707.524292;0.109805;0.000000;0.000000;0.000000;0.000000;2.000000;133.551987;436.563110;1618.212769;0.176164;0.000000;0.000000;0.000000;0.000000;2.000000;-63.280014;-155.822739;1962.845215;0.031528;0.000000;0.000000;0.000000;0.000000;2.000000;163.945267;-142.624496;1686.482178;0.078499;0.000000;0.000000;0.000000;0.000000;2.000000;242.282669;192.873901;1653.129272;0.087101;0.000000;0.000000;0.000000;0.000000;2.000000;324.646057;300.093567;1578.750122;0.126873;0.000000;0.000000;0.000000;0.000000;2.000000;58.841656;-685.440186;1994.233154;0.102189;0.000000;0.000000;0.000000;0.000000;2.000000;75.576248;-758.227905;1871.278076;0.090612;0.000000;0.000000;0.000000;0.000000;2.000000;114.501816;-757.417786;1902.825073;0.132411;0.000000;0.000000;0.000000;0.000000;2.000000;151.956604;-686.171387;1982.840210;0.174627;0.000000;0.000000;0.000000;0.000000;2.000000;76.458282;-783.749268;1909.922119;0.133355;0.000000;0.000000;0.000000;0.000000;2.000000;38.123993;-773.921326;2020.345093;0.181367;0.000000;0.000000;0.000000;0.000000;2.000000;20438966272.000000
0.000000;-150.000000;2000.000000;0.000000;0.000000;0.000000;0.000000;0.000000;2.000000;-10.259304;-304.079102;2040.956055;0.055323;0.000000;0.000000;0.000000;0.000000;2.000000;-4.497242;-431.431519;2048.733398;0.054324;0.000000;0.000000;0.000000;0.000000;2.000000;33.138634;-619.118958;2014.765991;0.137542;0.000000;0.000000;0.000000;0.000000;2.000000;50.993370;-586.847473;2038.562256;0.126875;0.000000;0.000000;0.000000;0.000000;2.000000;155.379578;-532.623718;2089.062012;0.159286;0.000000;0.000000;0.000000;0.000000;2.000000;160.024582;-290.088196;2137.962891;0.147511;0.000000;0.000000;0.000000;0.000000;2.000000;201.101822;-408.607849;1972.424438;0.268406;0.000000;0.000000;0.000000;0.000000;2.000000;253.948364;-469.993103;1942.852905;0.458639;0.000000;0.000000;0.000000;0.000000;2.000000;301.529510;-514.551392;1871.345947;0.176433;0.000000;0.000000;0.000000;0.000000;2.000000;256.407379;-505.134216;1913.102417;0.400243;0.000000;0.000000;0.000000;0.000000;2.000000;1.894760;-589.838745;2003.748535;0.123172;0.000000;0.000000;0.000000;0.000000;2.000000;-88.423615;-572.451660;1930.202759;0.139966;0.000000;0.000000;0.000000;0.000000;2.000000;-44.060123;-329.109283;1881.298340;0.337753;0.000000;0.000000;0.000000;0.000000;2.000000;144.492645;-421.990204;1888.868774;0.509008;0.000000;0.000000;0.000000;0.000000;2.000000;218.625092;-476.876495;1899.447510;0.334641;0.000000;0.000000;0.000000;0.000000;2.000000;296.669037;-528.800171;1883.357666;0.676763;0.000000;0.000000;0.000000;0.000000;2.000000;218.947006;-505.315674;1915.325562;0.666244;0.000000;0.000000;0.000000;0.000000;2.000000;71.489357;-144.380783;2039.047607;0.081180;0.000000;0.000000;0.000000;0.000000;2.000000;132.531372;-44.985687;1700.061157;0.183529;0.000000;0.000000;0.000000;0.000000;2.000000;101.065521;296.170441;1701.859497;0.229290;0.000000;0.000000;0.000000;0.000000;2.000000;127.915054;436.656586;1614.190552;0.211348;0.000000;0.000000;0.000000;0.000000;2.000000;-64.465088;-155.067078;1964.789063;0.073204;0.000000;0.000000;0.000000;0.000000;2.000000;154.748520;-142.429993;1681.899292;0.313635;0.000000;0.000000;0.000000;0.000000;2.000000;238.936584;191.872894;1650.004028;0.143028;0.000000;0.000000;0.000000;0.000000;2.000000;318.042175;302.581329;1577.141602;0.220884;0.000000;0.000000;0.000000;0.000000;2.000000;53.700127;-685.727295;1992.598999;0.164875;0.000000;0.000000;0.000000;0.000000;2.000000;67.880898;-760.544861;1870.505615;0.246387;0.000000;0.000000;0.000000;0.000000;2.000000;107.349167;-759.505981;1901.382813;0.231614;0.000000;0.000000;0.000000;0.000000;2.000000;146.623230;-687.261353;1979.648438;0.192576;0.000000;0.000000;0.000000;0.000000;2.000000;69.253479;-785.473755;1909.532959;0.226395;0.000000;0.000000;0.000000;0.000000;2.000000;32.852596;-773.671021;2020.444214;0.161080;0.000000;0.000000;0.000000;0.000000;2.000000;20438999040.000000
0.000000;-150.000000;2000.000000;0.000000;0.000000;0.000000;0.000000;0.000000;2.000000;-8.425407;-304.490692;2039.201538;0.073850;0.000000;0.000000;0.000000;0.000000;2.000000;-3.411278;-431.507935;2050.300781;0.054813;0.000000;0.000000;0.000000;0.000000;2.000000;36.149937;-619.079285;2019.031372;0.149971;0.000000;0.000000;0.000000;0.000000;2.000000;53.660320;-586.313354;2042.326782;0.133396;0.000000;0.000000;0.000000;0.000000;2.000000;157.143814;-531.746338;2093.996826;0.152620;0.000000;0.000000;0.000000;0.000000;2.000000;163.063324;-289.325317;2142.146729;0.150129;0.000000;0.000000;0.000000;0.000000;2.000000;201.862335;-400.761749;1971.463135;0.228093;0.000000;0.000000;0.000000;0.000000;2.000000;250.711792;-464.201324;1939.673584;0.211316;0.000000;0.000000;0.000000;0.000000;2.000000;305.223236;-514.129272;1877.377441;0.203505;0.000000;0.000000;0.000000;0.000000;2.000000;248.175751;-503.560913;1920.754761;0.325963;0.000000;0.000000;0.000000;0.000000;2.000000;4.621037;-590.319092;2007.629395;0.136920;0.000000;0.000000;0.000000;0.000000;2.000000;-86.408394;-572.820557;1935.171875;0.154380;0.000000;0.000000;0.000000;0.000000;2.000000;-44.588768;-328.632019;1889.575195;0.238610;0.000000;0.000000;0.000000;0.000000;2.000000;147.715469;-412.648407;1900.234741;0.432595;0.000000;0.000000;0.000000;0.000000;2.000000;219.891174;-470.044952;1910.242798;0.368735;0.000000;0.000000;0.000000;0.000000;2.000000;293.691376;-527.437378;1893.258301;0.299522;0.000000;0.000000;0.000000;0.000000;2.000000;211.733307;-506.744690;1938.170654;0.689325;0.000000;0.000000;0.000000;0.000000;2.000000;70.808090;-143.708191;2040.014160;0.039074;0.000000;0.000000;0.000000;0.000000;2.000000;137.074554;-44.043640;1702.446533;0.149847;0.000000;0.000000;0.000000;0.000000;2.000000;104.206924;296.630859;1707.043579;0.174606;0.000000;0.000000;0.000000;0.000000;2.000000;131.581268;437.073669;1619.769775;0.192125;0.000000;0.000000;0.000000;0.000000;2.000000;-63.850761;-155.673630;1963.917480;0.035236;0.000000;0.000000;0.000000;0.000000;2.000000;159.687057;-142.335846;1684.895630;0.165935;0.000000;0.000000;0.000000;0.000000;2.000000;244.401184;191.536621;1653.413452;0.185252;0.000000;0.000000;0.000000;0.000000;2.000000;324.562622;301.249146;1580.505371;0.214181;0.000000;0.000000;0.000000;0.000000;2.000000;57.381397;-685.715393;1997.827026;0.183653;0.000000;0.000000;0.000000;0.000000;2.000000;71.429657;-759.922241;1875.504883;0.176996;0.000000;0.000000;0.000000;0.000000;2.000000;110.839645;-759.144165;1906.387817;0.175570;0.000000;0.000000;0.000000;0.000000;2.000000;150.222534;-687.452881;1984.952515;0.184193;0.000000;0.000000;0.000000;0.000000;2.000000;72.699219;-785.016724;1914.377808;0.171265;0.000000;0.000000;0.000000;0.000000;2.000000;36.280128;-773.647705;2025.211914;0.168656;0.000000;0.000000;0.000000;0.000000;2.000000;20439033856.000000
0.000000;-150.000000;2000.000000;0.000000;0.000000;0.000000;0.000000;0.000000;2.000000;-8.063606;-304.393738;2036.488159;0.083591;0.000000;0.000000;0.000000;0.000000;2.000000;-5.121277;-430.666168;2049.684326;0.061132;0.000000;0.000000;0.000000;0.000000;2.000000;35.763241;-617.117310;2019.139282;0.061115;0.000000;0.000000;0.000000;0.000000;2.000000;52.870899;-584.319641;2042.297852;0.065445;0.000000;0.000000;0.000000;0.000000;2.000000;154.421417;-527.912292;2094.326416;0.143854;0.000000;0.000000;0.000000;0.000000;2.000000;166.178833;-287.656372;2146.108398;0.162021;0.000000;0.000000;0.000000;0.000000;2.000000;204.102844;-394.448578;1973.464966;0.213369;0.000000;0.000000;0.000000;0.000000;2.000000;252.948669;-456.483002;1940.044189;0.245498;0.000000;0.000000;0.000000;0.000000;2.000000;308.796875;-513.188293;1885.988037;0.285953;0.000000;0.000000;0.000000;0.000000;2.000000;242.221695;-501.747803;1929.453735;0.326424;0.000000;0.000000;0.000000;0.000000;2.000000;4.202950;-588.760254;2007.625366;0.049253;0.000000;0.000000;0.000000;0.000000;2.000000;-86.443542;-569.660889;1936.001465;0.099699;0.000000;0.000000;0.000000;0.000000;2.000000;-43.579727;-325.767914;1896.836670;0.240199;0.000000;0.000000;0.000000;0.000000;2.000000;150.698883;-402.859070;1903.758179;0.330305;0.000000;0.000000;0.000000;0.000000;2.000000;221.265274;-460.337341;1919.217896;0.405641;0.000000;0.000000;0.000000;0.000000;2.000000;294.660767;-518.902039;1907.966553;0.519807;0.000000;0.000000;0.000000;0.000000;2.000000;203.959030;-500.824738;1954.898438;0.591210;0.000000;0.000000;0.000000;0.000000;2.000000;70.262192;-144.155838;2040.255981;0.022773;0.000000;0.000000;0.000000;0.000000;2.000000;139.091827;-38.001404;1707.006958;0.239082;0.000000;0.000000;0.000000;0.000000;2.000000;106.634338;301.085266;1711.210571;0.200345;0.000000;0.000000;0.000000;0.000000;2.000000;134.945984;440.095764;1623.467773;0.178285;0.000000;0.000000;0.000000;0.000000;2.000000;-63.358505;-155.269958;1963.699341;0.020537;0.000000;0.000000;0.000000;0.000000;2.000000;162.520935;-139.544586;1688.891846;0.172071;0.000000;0.000000;0.000000;0.000000;2.000000;246.395630;192.767578;1656.658569;0.122161;0.000000;0.000000;0.000000;0.000000;2.000000;325.830872;302.331848;1584.279053;0.125906;0.000000;0.000000;0.000000;0.000000;2.000000;57.461548;-683.325500;1998.262329;0.074174;0.000000;0.000000;0.000000;0.000000;2.000000;74.712723;-757.748474;1877.288696;0.131918;0.000000;0.000000;0.000000;0.000000;2.000000;112.898880;-757.268188;1909.309692;0.123198;0.000000;0.000000;0.000000;0.000000;2.000000;150.213745;-686.047913;1988.534180;0.117413;0.000000;0.000000;0.000000;0.000000;2.000000;74.431244;-782.598877;1916.077026;0.104534;0.000000;0.000000;0.000000;0.000000;2.000000;34.660023;-770.523560;2025.082275;0.107471;0.000000;0.000000;0.000000;0.000000;2.000000;20439066624.000000
0.000000;-150.000000;2000.000000;0.000000;0.000000;0.000000;0.000000;0.000000;2.000000;-7.559196;-304.131409;2036.404053;0.017540;0.000000;0.000000;0.000000;0.000000;2.000000;-4.699455;-430.081635;2050.375488;0.030477;0.000000;0.000000;0.000000;0.000000;2.000000;36.616348;-615.994873;2019.435913;0.043967;0.000000;0.000000;0.000000;0.000000;2.000000;53.821476;-583.169434;2042.326782;0.045546;0.000000;0.000000;0.000000;0.000000;2.000000;155.893631;-525.130127;2090.834717;0.143464;0.000000;0.000000;0.000000;0.000000;2.000000;168.025467;-286.580963;2147.947266;0.086036;0.000000;0.000000;0.000000;0.000000;2.000000;208.103973;-389.078613;1973.660156;0.204453;0.000000;0.000000;0.000000;0.000000;2.000000;254.266785;-458.782410;1955.388550;0.475207;0.000000;0.000000;0.000000;0.000000;2.000000;308.005524;-509.487366;1894.045898;0.271679;0.000000;0.000000;0.000000;0.000000;2.000000;245.427521;-500.893555;1931.686890;0.122048;0.000000;0.000000;0.000000;0.000000;2.000000;4.839409;-587.846375;2008.328979;0.040201;0.000000;0.000000;0.000000;0.000000;2.000000;-87.020439;-568.353943;1938.746216;0.094430;0.000000;0.000000;0.000000;0.000000;2.000000;-45.543785;-324.973663;1897.951172;0.073054;0.000000;0.000000;0.000000;0.000000;2.000000;151.255692;-393.894501;1907.462402;0.296500;0.000000;0.000000;0.000000;0.000000;2.000000;219.617310;-450.975220;1931.101196;0.464407;0.000000;0.000000;0.000000;0.000000;2.000000;294.552887;-508.314209;1928.537354;0.706053;0.000000;0.000000;0.000000;0.000000;2.000000;208.932373;-486.457581;1948.606323;0.502142;0.000000;0.000000;0.000000;0.000000;2.000000;70.120422;-143.952423;2040.165039;0.008060;0.000000;0.000000;0.000000;0.000000;2.000000;139.681808;-36.357178;1708.249878;0.065427;0.000000;0.000000;0.000000;0.000000;2.000000;106.817780;302.052094;1711.905029;0.036757;0.000000;0.000000;0.000000;0.000000;2.000000;136.335175;441.212921;1625.403320;0.080304;0.000000;0.000000;0.000000;0.000000;2.000000;-63.230675;-155.453354;1963.781250;0.007266;0.000000;0.000000;0.000000;0.000000;2.000000;164.093445;-138.346207;1691.124023;0.090999;0.000000;0.000000;0.000000;0.000000;2.000000;247.374054;193.290680;1657.348999;0.039879;0.000000;0.000000;0.000000;0.000000;2.000000;326.763580;303.117279;1585.935425;0.062768;0.000000;0.000000;0.000000;0.000000;2.000000;58.328869;-681.981201;1998.348999;0.048894;0.000000;0.000000;0.000000;0.000000;2.000000;76.031075;-756.945984;1878.095703;0.053151;0.000000;0.000000;0.000000;0.000000;2.000000;114.085732;-756.132263;1910.120728;0.055912;0.000000;0.000000;0.000000;0.000000;2.000000;150.932892;-684.425659;1988.821045;0.054857;0.000000;0.000000;0.000000;0.000000;2.000000;75.769249;-781.510864;1916.963013;0.059168;0.000000;0.000000;0.000000;0.000000;2.000000;35.834061;-768.929382;2025.615479;0.062573;0.000000;0.000000;0.000000;0.000000;2.000000;20439099392.000000
0.000000;-150.000000;2000.000000;0.000000;0.000000;0.000000;0.000000;0.000000;2.000000;-8.335495;-303.611328;2037.808350;0.048448;0.000000;0.000000;0.000000;0.000000;2.000000;-5.246330;-429.456512;2051.681641;0.044458;0.000000;0.000000;0.000000;0.000000;2.000000;34.822475;-615.288208;2019.672119;0.055792;0.000000;0.000000;0.000000;0.000000;2.000000;52.304123;-582.703613;2042.625854;0.046392;0.000000;0.000000;0.000000;0.000000;2.000000;154.769989;-524.984497;2090.392090;0.034939;0.000000;0.000000;0.000000;0.000000;2.000000;168.067719;-287.101868;2149.089355;0.036075;0.000000;0.000000;0.000000;0.000000;2.000000;211.088165;-386.846924;1974.118774;0.107838;0.000000;0.000000;0.000000;0.000000;2.000000;254.325836;-459.493378;1961.320435;0.171606;0.000000;0.000000;0.000000;0.000000;2.000000;307.836609;-509.207733;1899.104126;0.145587;0.000000;0.000000;0.000000;0.000000;2.000000;246.066071;-501.251709;1937.208008;0.159968;0.000000;0.000000;0.000000;0.000000;2.000000;3.186264;-586.927856;2008.856323;0.056392;0.000000;0.000000;0.000000;0.000000;2.000000;-89.132942;-567.684692;1939.985474;0.072925;0.000000;0.000000;0.000000;0.000000;2.000000;-47.725433;-324.523743;1899.140991;0.072536;0.000000;0.000000;0.000000;0.000000;2.000000;149.243317;-392.295135;1909.411865;0.092663;0.000000;0.000000;0.000000;0.000000;2.000000;219.359467;-445.716522;1935.972900;0.206030;0.000000;0.000000;0.000000;0.000000;2.000000;293.334808;-504.213074;1936.187012;0.251744;0.000000;0.000000;0.000000;0.000000;2.000000;204.905121;-483.669159;1953.901611;0.207188;0.000000;0.000000;0.000000;0.000000;2.000000;69.833939;-143.820877;2040.501221;0.013237;0.000000;0.000000;0.000000;0.000000;2.000000;139.469452;-36.366425;1708.886230;0.019270;0.000000;0.000000;0.000000;0.000000;2.000000;107.029190;301.793457;1711.995850;0.009943;0.000000;0.000000;0.000000;0.000000;2.000000;135.154236;440.733826;1624.954956;0.038804;0.000000;0.000000;0.000000;0.000000;2.000000;-62.972328;-155.571991;1963.478271;0.011933;0.000000;0.000000;0.000000;0.000000;2.000000;164.434616;-137.823700;1691.332275;0.018895;0.000000;0.000000;0.000000;0.000000;2.000000;246.545319;193.876038;1658.344238;0.040822;0.000000;0.000000;0.000000;0.000000;2.000000;325.899536;304.002380;1587.641113;0.060517;0.000000;0.000000;0.000000;0.000000;2.000000;56.040752;-681.236328;1998.182739;0.069280;0.000000;0.000000;0.000000;0.000000;2.000000;75.616119;-755.933105;1878.200073;0.031582;0.000000;0.000000;0.000000;0.000000;2.000000;112.691467;-756.102539;1911.298706;0.052433;0.000000;0.000000;0.000000;0.000000;2.000000;148.729294;-685.653259;1991.358154;0.102760;0.000000;0.000000;0.000000;0.000000;2.000000;73.683167;-780.649292;1916.876709;0.064874;0.000000;0.000000;0.000000;0.000000;2.000000;30.897076;-767.726196;2024.288818;0.150845;0.000000;0.000000;0.000000;0.000000;2.000000;20439134208.000000
0.000000;-150.000000;2000.000000;0.000000;0.000000;0.000000;0.000000;0.000000;2.000000;-9.783646;-303.432404;2038.720459;0.052514;0.000000;0.000000;0.000000;0.000000;2.000000;-6.715599;-429.508423;2051.398438;0.045691;0.000000;0.000000;0.000000;0.000000;2.000000;32.479095;-616.041504;2021.505127;0.093659;0.000000;0.000000;0.000000;0.000000;2.000000;49.980190;-583.320740;2044.317383;0.089717;0.000000;0.000000;0.000000;0.000000;2.000000;151.916534;-522.263062;2089.258545;0.125209;0.000000;0.000000;0.000000;0.000000;2.000000;168.319092;-285.757874;2153.330811;0.135998;0.000000;0.000000;0.000000;0.000000;2.000000;213.201126;-391.816345;1982.388550;0.301413;0.000000;0.000000;0.000000;0.000000;2.000000;261.965088;-458.624146;1960.443970;0.236155;0.000000;0.000000;0.000000;0.000000;2.000000;308.601563;-517.251587;1900.371216;0.249600;0.000000;0.000000;0.000000;0.000000;2.000000;249.790726;-504.317993;1937.070190;0.147290;0.000000;0.000000;0.000000;0.000000;2.000000;1.094902;-587.565063;2010.129028;0.077202;0.000000;0.000000;0.000000;0.000000;2.000000;-91.141006;-566.814453;1941.422363;0.079897;0.000000;0.000000;0.000000;0.000000;2.000000;-45.194572;-324.120544;1901.408569;0.104430;0.000000;0.000000;0.000000;0.000000;2.000000;152.215866;-390.038879;1917.229980;0.264377;0.000000;0.000000;0.000000;0.000000;2.000000;216.638702;-442.678101;1956.831909;0.648621;0.000000;0.000000;0.000000;0.000000;2.000000;290.200745;-500.041718;1971.214722;1.080754;0.000000;0.000000;0.000000;0.000000;2.000000;205.209717;-478.056183;1960.074951;0.254796;0.000000;0.000000;0.000000;0.000000;2.000000;69.905098;-144.219208;2040.569824;0.012525;0.000000;0.000000;0.000000;0.000000;2.000000;140.284607;-34.697327;1709.476563;0.059481;0.000000;0.000000;0.000000;0.000000;2.000000;106.617409;303.588043;1715.199463;0.112763;0.000000;0.000000;0.000000;0.000000;2.000000;135.355743;441.336884;1626.225830;0.043367;0.000000;0.000000;0.000000;0.000000;2.000000;-63.036499;-155.212784;1963.416260;0.011295;0.000000;0.000000;0.000000;0.000000;2.000000;167.546906;-137.861359;1693.547607;0.116589;0.000000;0.000000;0.000000;0.000000;2.000000;246.283478;194.901154;1660.113525;0.062912;0.000000;0.000000;0.000000;0.000000;2.000000;326.838928;304.542999;1589.744995;0.072225;0.000000;0.000000;0.000000;0.000000;2.000000;53.481544;-682.380432;2000.821167;0.117482;0.000000;0.000000;0.000000;0.000000;2.000000;75.131577;-762.352966;1884.512695;0.275164;0.000000;0.000000;0.000000;0.000000;2.000000;112.496582;-759.290161;1917.203003;0.204854;0.000000;0.000000;0.000000;0.000000;2.000000;146.287231;-683.327271;1993.228882;0.117695;0.000000;0.000000;0.000000;0.000000;2.000000;74.562546;-785.122192;1924.452759;0.269829;0.000000;0.000000;0.000000;0.000000;2.000000;32.169102;-768.442749;2031.605835;0.227699;0.000000;0.000000;0.000000;0.000000;2.000000;20439166976.000000
0.000000;-150.000015;2000.000000;0.000000;0.000000;0.000000;0.000000;0.000000;2.000000;-10.552979;-302.814575;2041.251343;0.082899;0.000000;0.000000;0.000000;0.000000;2.000000;-7.294609;-428.886444;2054.630859;0.101997;0.000000;0.000000;0.000000;0.000000;2.000000;32.893475;-614.606079;2020.568359;0.053816;0.000000;0.000000;0.000000;0.000000;2.000000;50.384556;-582.222229;2043.910400;0.037821;0.000000;0.000000;0.000000;0.000000;2.000000;153.127258;-523.020447;2089.696533;0.045586;0.000000;0.000000;0.000000;0.000000;2.000000;183.056595;-285.657288;2145.742676;0.505878;0.000000;0.000000;0.000000;0.000000;2.000000;218.562866;-390.036011;1971.452148;0.375655;0.000000;0.000000;0.000000;0.000000;2.000000;268.614655;-458.493439;1959.637939;0.204453;0.000000;0.000000;0.000000;0.000000;2.000000;312.469360;-515.313171;1895.765137;0.192849;0.000000;0.000000;0.000000;0.000000;2.000000;256.021698;-506.930328;1937.531250;0.206669;0.000000;0.000000;0.000000;0.000000;2.000000;1.206924;-586.099915;2010.039307;0.044927;0.000000;0.000000;0.000000;0.000000;2.000000;-90.141685;-562.382202;1940.994141;0.139271;0.000000;0.000000;0.000000;0.000000;2.000000;-43.131065;-319.846771;1900.362793;0.148307;0.000000;0.000000;0.000000;0.000000;2.000000;154.307877;-385.273224;1919.168335;0.169490;0.000000;0.000000;0.000000;0.000000;2.000000;217.039520;-441.480103;1956.648438;0.038956;0.000000;0.000000;0.000000;0.000000;2.000000;289.279083;-501.073303;1968.860474;0.083331;0.000000;0.000000;0.000000;0.000000;2.000000;200.997223;-474.639862;1980.440308;0.643164;0.000000;0.000000;0.000000;0.000000;2.000000;69.956253;-143.891113;2040.526367;0.010220;0.000000;0.000000;0.000000;0.000000;2.000000;140.203629;-36.490326;1708.492188;0.062471;0.000000;0.000000;0.000000;0.000000;2.000000;107.973648;302.140015;1713.651123;0.076802;0.000000;0.000000;0.000000;0.000000;2.000000;135.329071;442.023804;1627.436890;0.042498;0.000000;0.000000;0.000000;0.000000;2.000000;-63.082649;-155.508682;1963.455444;0.009217;0.000000;0.000000;0.000000;0.000000;2.000000;167.658096;-137.110886;1693.522095;0.023166;0.000000;0.000000;0.000000;0.000000;2.000000;246.849152;195.696838;1659.588867;0.033823;0.000000;0.000000;0.000000;0.000000;2.000000;326.982422;305.895569;1589.417480;0.042695;0.000000;0.000000;0.000000;0.000000;2.000000;54.166042;-680.402283;1998.338379;0.099104;0.000000;0.000000;0.000000;0.000000;2.000000;76.289452;-754.819946;1878.388428;0.298377;0.000000;0.000000;0.000000;0.000000;2.000000;113.050987;-754.401550;1911.936035;0.219953;0.000000;0.000000;0.000000;0.000000;2.000000;147.112274;-683.313843;1992.515259;0.033293;0.000000;0.000000;0.000000;0.000000;2.000000;74.334381;-779.616455;1917.088745;0.280685;0.000000;0.000000;0.000000;0.000000;2.000000;30.114693;-767.422119;2024.180420;0.237173;0.000000;0.000000;0.000000;0.000000;2.000000;20439199744.000000
0.000000;-150.000015;2000.000000;0.000000;0.000000;0.000000;0.000000;0.000000;2.000000;-9.966988;-302.955383;2040.640991;0.026177;0.000000;0.000000;0.000000;0.000000;2.000000;-6.611809;-428.988342;2053.909180;0.030478;0.000000;0.000000;0.000000;0.000000;2.000000;32.875351;-614.934937;2020.687500;0.010689;0.000000;0.000000;0.000000;0.000000;2.000000;50.504601;-582.512634;2043.841064;0.009820;0.000000;0.000000;0.000000;0.000000;2.000000;152.365463;-523.362854;2091.493652;0.060477;0.000000;0.000000;0.000000;0.000000;2.000000;181.441483;-286.773865;2150.763672;0.164528;0.000000;0.000000;0.000000;0.000000;2.000000;219.531250;-391.389954;1977.254639;0.184221;0.000000;0.000000;0.000000;0.000000;2.000000;270.753235;-457.882050;1960.498535;0.072783;0.000000;0.000000;0.000000;0.000000;2.000000;312.173035;-516.244080;1896.445679;0.036334;0.000000;0.000000;0.000000;0.000000;2.000000;254.606812;-507.684601;1936.517334;0.057894;0.000000;0.000000;0.000000;0.000000;2.000000;1.283234;-586.381348;2010.072266;0.008955;0.000000;0.000000;0.000000;0.000000;2.000000;-90.135414;-563.107910;1941.043335;0.022199;0.000000;0.000000;0.000000;0.000000;2.000000;-48.587990;-319.642181;1900.603516;0.166811;0.000000;0.000000;0.000000;0.000000;2.000000;148.483765;-388.354431;1895.614380;0.746405;0.000000;0.000000;0.000000;0.000000;2.000000;217.311035;-440.933899;1927.095093;0.902089;0.000000;0.000000;0.000000;0.000000;2.000000;292.200775;-498.131531;1932.776611;1.108438;0.000000;0.000000;0.000000;0.000000;2.000000;204.395508;-472.606354;1958.601440;0.677339;0.000000;0.000000;0.000000;0.000000;2.000000;70.148567;-143.907425;2040.133545;0.013357;0.000000;0.000000;0.000000;0.000000;2.000000;139.574677;-37.188599;1707.850586;0.034726;0.000000;0.000000;0.000000;0.000000;2.000000;107.198074;301.303040;1712.730469;0.044744;0.000000;0.000000;0.000000;0.000000;2.000000;134.615646;441.356445;1626.933594;0.033537;0.000000;0.000000;0.000000;0.000000;2.000000;-63.256035;-155.493958;1963.809937;0.012051;0.000000;0.000000;0.000000;0.000000;2.000000;167.017975;-137.500519;1693.627441;0.023094;0.000000;0.000000;0.000000;0.000000;2.000000;246.481079;195.085876;1659.472900;0.022053;0.000000;0.000000;0.000000;0.000000;2.000000;325.613129;305.018982;1587.888916;0.068102;0.000000;0.000000;0.000000;0.000000;2.000000;53.882095;-680.883911;1998.749146;0.021172;0.000000;0.000000;0.000000;0.000000;2.000000;75.411644;-755.654480;1878.974854;0.041067;0.000000;0.000000;0.000000;0.000000;2.000000;112.359558;-755.051819;1912.286133;0.030874;0.000000;0.000000;0.000000;0.000000;2.000000;146.761780;-683.646667;1992.379150;0.015324;0.000000;0.000000;0.000000;0.000000;2.000000;73.735443;-780.308960;1917.758301;0.034616;0.000000;0.000000;0.000000;0.000000;2.000000;30.154957;-767.822998;2025.030518;0.028709;0.000000;0.000000;0.000000;0.000000;2.000000;20439232512.000000
0.000000;-149.999985;2000.000000;0.000001;0.000000;0.000000;0.000000;0.000000;2.000000;-9.972801;-303.205170;2040.612915;0.007222;0.000000;0.000000;0.000000;0.000000;2.000000;-6.952950;-429.380035;2054.393066;0.020390;0.000000;0.000000;0.000000;0.000000;2.000000;32.923382;-615.115295;2018.876953;0.052279;0.000000;0.000000;0.000000;0.000000;2.000000;50.688972;-582.814331;2042.216187;0.047763;0.000000;0.000000;0.000000;0.000000;2.000000;152.881195;-523.904419;2089.957031;0.049085;0.000000;0.000000;0.000000;0.000000;2.000000;179.604538;-285.554382;2144.602051;0.187966;0.000000;0.000000;0.000000;0.000000;2.000000;210.872040;-393.157867;1971.194702;0.307786;0.000000;0.000000;0.000000;0.000000;2.000000;251.748932;-453.429199;1925.986938;1.138815;0.000000;0.000000;0.000000;0.000000;2.000000;316.880188;-513.615784;1888.741211;0.270089;0.000000;0.000000;0.000000;0.000000;2.000000;255.110901;-503.170227;1936.077148;0.131081;0.000000;0.000000;0.000000;0.000000;2.000000;1.081902;-586.529846;2008.840454;0.036103;0.000000;0.000000;0.000000;0.000000;2.000000;-90.512688;-562.070984;1940.162964;0.040544;0.000000;0.000000;0.000000;0.000000;2.000000;-47.007645;-318.870880;1897.934448;0.091805;0.000000;0.000000;0.000000;0.000000;2.000000;146.740143;-395.484894;1880.487061;0.482946;0.000000;0.000000;0.000000;0.000000;2.000000;218.529816;-447.810120;1905.511719;0.651569;0.000000;0.000000;0.000000;0.000000;2.000000;294.484283;-502.466980;1919.010132;0.419708;0.000000;0.000000;0.000000;0.000000;2.000000;205.447144;-474.030029;1955.358765;0.106109;0.000000;0.000000;0.000000;0.000000;2.000000;70.283646;-143.933655;2040.142944;0.003961;0.000000;0.000000;0.000000;0.000000;2.000000;139.810165;-38.674896;1706.853760;0.051845;0.000000;0.000000;0.000000;0.000000;2.000000;107.179176;300.306946;1710.965332;0.058217;0.000000;0.000000;0.000000;0.000000;2.000000;134.559509;440.351379;1624.665771;0.071266;0.000000;0.000000;0.000000;0.000000;2.000000;-63.377846;-155.470261;1963.801392;0.003573;0.000000;0.000000;0.000000;0.000000;2.000000;166.097321;-138.366364;1692.194336;0.054882;0.000000;0.000000;0.000000;0.000000;2.000000;246.394287;194.577393;1658.364258;0.035121;0.000000;0.000000;0.000000;0.000000;2.000000;325.509277;304.290710;1585.944580;0.059710;0.000000;0.000000;0.000000;0.000000;2.000000;53.979061;-680.862488;1996.042847;0.077784;0.000000;0.000000;0.000000;0.000000;2.000000;75.609840;-754.605957;1875.401611;0.107111;0.000000;0.000000;0.000000;0.000000;2.000000;112.469666;-754.578918;1908.924927;0.097544;0.000000;0.000000;0.000000;0.000000;2.000000;147.004333;-684.127930;1990.033569;0.069126;0.000000;0.000000;0.000000;0.000000;2.000000;73.612984;-779.693848;1913.971680;0.110243;0.000000;0.000000;0.000000;0.000000;2.000000;29.577126;-768.056030;2021.340210;0.107495;0.000000;0.000000;0.000000;0.000000;2.000000;20439267328.000000
0.000000;-150.000000;2000.000000;0.000000;0.000000;0.000000;0.000000;0.000000;2.000000;-10.130501;-303.422119;2040.791626;0.009836;0.000000;0.000000;0.000000;0.000000;2.000000;-7.368721;-429.777252;2054.923340;0.023871;0.000000;0.000000;0.000000;0.000000;2.000000;32.310211;-615.968506;2019.819946;0.043085;0.000000;0.000000;0.000000;0.000000;2.000000;50.115086;-583.597351;2043.168213;0.041495;0.000000;0.000000;0.000000;0.000000;2.000000;152.751740;-525.681213;2091.730957;0.076723;0.000000;0.000000;0.000000;0.000000;2.000000;179.648422;-287.040710;2146.871094;0.082790;0.000000;0.000000;0.000000;0.000000;2.000000;209.951416;-393.629639;1972.259399;0.045303;0.000000;0.000000;0.000000;0.000000;2.000000;251.300781;-451.266968;1923.885620;0.093024;0.000000;0.000000;0.000000;0.000000;2.000000;317.113770;-511.145935;1886.928711;0.093763;0.000000;0.000000;0.000000;0.000000;2.000000;253.560699;-502.102905;1935.466919;0.060381;0.000000;0.000000;0.000000;0.000000;2.000000;0.488991;-587.298523;2009.639771;0.038376;0.000000;0.000000;0.000000;0.000000;2.000000;-91.246872;-563.292847;1940.658447;0.046055;0.000000;0.000000;0.000000;0.000000;2.000000;-43.711563;-321.007965;1895.155396;0.146848;0.000000;0.000000;0.000000;0.000000;2.000000;149.056885;-400.501862;1875.677734;0.223565;0.000000;0.000000;0.000000;0.000000;2.000000;222.231247;-455.751282;1887.484497;0.611680;0.000000;0.000000;0.000000;0.000000;2.000000;299.734894;-503.121796;1914.275146;0.216692;0.000000;0.000000;0.000000;0.000000;2.000000;216.584946;-482.631409;1938.598022;0.667880;0.000000;0.000000;0.000000;0.000000;2.000000;70.421715;-143.966965;2040.180054;0.004480;0.000000;0.000000;0.000000;0.000000;2.000000;139.288162;-39.190216;1705.966797;0.035125;0.000000;0.000000;0.000000;0.000000;2.000000;107.001236;300.380157;1711.199219;0.009243;0.000000;0.000000;0.000000;0.000000;2.000000;134.709045;439.848114;1623.543213;0.037819;0.000000;0.000000;0.000000;0.000000;2.000000;-63.502365;-155.440262;1963.767822;0.004041;0.000000;0.000000;0.000000;0.000000;2.000000;166.083878;-139.227661;1691.421631;0.035315;0.000000;0.000000;0.000000;0.000000;2.000000;245.885406;194.527557;1658.583008;0.016972;0.000000;0.000000;0.000000;0.000000;2.000000;325.958130;303.969818;1586.262939;0.019440;0.000000;0.000000;0.000000;0.000000;2.000000;53.329201;-681.911255;1997.129517;0.050174;0.000000;0.000000;0.000000;0.000000;2.000000;75.257217;-754.524048;1875.576416;0.012268;0.000000;0.000000;0.000000;0.000000;2.000000;112.373352;-754.271301;1908.939331;0.009847;0.000000;0.000000;0.000000;0.000000;2.000000;146.507599;-683.893799;1990.541992;0.022838;0.000000;0.000000;0.000000;0.000000;2.000000;73.819565;-779.983215;1914.019775;0.010949;0.000000;0.000000;0.000000;0.000000;2.000000;30.197762;-769.765747;2021.912231;0.058188;0.000000;0.000000;0.000000;0.000000;2.000000;20439300096.000000
0.000000;-150.000015;2000.000000;0.000000;0.000000;0.000000;0.000000;0.000000;2.000000;-11.023331;-304.443848;2041.052490;0.042166;0.000000;0.000000;0.000000;0.000000;2.000000;-5.587799;-432.081177;2049.933594;0.176310;0.000000;0.000000;0.000000;0.000000;2.000000;32.499672;-619.517578;2012.301025;0.253803;0.000000;0.000000;0.000000;0.000000;2.000000;50.610176;-587.458069;2036.405518;0.238124;0.000000;0.000000;0.000000;0.000000;2.000000;154.665009;-533.839050;2089.058105;0.268407;0.000000;0.000000;0.000000;0.000000;2.000000;178.522644;-292.040924;2139.345703;0.277863;0.000000;0.000000;0.000000;0.000000;2.000000;212.444489;-402.838989;1966.309692;0.343138;0.000000;0.000000;0.000000;0.000000;2.000000;254.557404;-458.474335;1915.256714;0.357212;0.000000;0.000000;0.000000;0.000000;2.000000;320.734467;-517.620483;1876.075806;0.401181;0.000000;0.000000;0.000000;0.000000;2.000000;265.154175;-499.180634;1913.785889;0.755589;0.000000;0.000000;0.000000;0.000000;2.000000;0.874031;-590.139038;2002.197388;0.243388;0.000000;0.000000;0.000000;0.000000;2.000000;-92.622993;-569.651184;1933.048828;0.305524;0.000000;0.000000;0.000000;0.000000;2.000000;-40.666031;-326.612274;1886.698242;0.323266;0.000000;0.000000;0.000000;0.000000;2.000000;149.348724;-414.851929;1862.585327;0.592875;0.000000;0.000000;0.000000;0.000000;2.000000;226.238098;-466.726654;1870.537720;0.628178;0.000000;0.000000;0.000000;0.000000;2.000000;300.301575;-520.576660;1897.165649;0.746108;0.000000;0.000000;0.000000;0.000000;2.000000;230.139801;-491.878143;1878.163330;1.911090;0.000000;0.000000;0.000000;0.000000;2.000000;70.615402;-144.139236;2041.010376;0.026546;0.000000;0.000000;0.000000;0.000000;2.000000;130.411682;-45.835724;1700.471680;0.377668;0.000000;0.000000;0.000000;0.000000;2.000000;103.653122;296.611145;1705.334229;0.236020;0.000000;0.000000;0.000000;0.000000;2.000000;134.749985;434.341492;1613.916504;0.338454;0.000000;0.000000;0.000000;0.000000;2.000000;-63.677010;-155.284927;1963.019043;0.023938;0.000000;0.000000;0.000000;0.000000;2.000000;162.884064;-146.602737;1684.590332;0.321953;0.000000;0.000000;0.000000;0.000000;2.000000;245.258270;188.837158;1649.948730;0.316155;0.000000;0.000000;0.000000;0.000000;2.000000;326.349762;298.899231;1577.415161;0.311440;0.000000;0.000000;0.000000;0.000000;2.000000;53.086967;-685.839905;1988.700439;0.283899;0.000000;0.000000;0.000000;0.000000;2.000000;73.637093;-759.779968;1866.524170;0.323245;0.000000;0.000000;0.000000;0.000000;2.000000;111.233063;-759.731567;1899.874268;0.324823;0.000000;0.000000;0.000000;0.000000;2.000000;146.846298;-688.803101;1981.465576;0.315082;0.000000;0.000000;0.000000;0.000000;2.000000;72.189354;-785.209717;1905.372559;0.312337;0.000000;0.000000;0.000000;0.000000;2.000000;29.081593;-773.947510;2014.249878;0.268563;0.000000;0.000000;0.000000;0.000000;2.000000;20439332864.000000
0.000000;-149.999985;2000.000000;0.000001;0.000000;0.000000;0.000000;0.000000;2.000000;-10.280434;-305.149994;2036.472290;0.134808;0.000000;0.000000;0.000000;0.000000;2.000000;-5.820099;-432.483459;2044.759521;0.149210;0.000000;0.000000;0.000000;0.000000;2.000000;32.522774;-619.863770;2010.231445;0.060273;0.000000;0.000000;0.000000;0.000000;2.000000;50.378273;-587.547363;2033.941406;0.071134;0.000000;0.000000;0.000000;0.000000;2.000000;153.995422;-534.912415;2087.513672;0.057342;0.000000;0.000000;0.000000;0.000000;2.000000;175.377808;-293.986450;2139.441162;0.106250;0.000000;0.000000;0.000000;0.000000;2.000000;212.994644;-408.899017;1970.648315;0.214651;0.000000;0.000000;0.000000;0.000000;2.000000;271.420563;-469.025116;1950.595825;1.164778;0.000000;0.000000;0.000000;0.000000;2.000000;310.961975;-515.773499;1875.709106;0.285853;0.000000;0.000000;0.000000;0.000000;2.000000;274.972260;-505.251892;1914.999756;0.333389;0.000000;0.000000;0.000000;0.000000;2.000000;1.058571;-590.737183;1999.491333;0.079777;0.000000;0.000000;0.000000;0.000000;2.000000;-91.919159;-569.518799;1930.461304;0.077114;0.000000;0.000000;0.000000;0.000000;2.000000;-39.022003;-327.360199;1884.661377;0.078192;0.000000;0.000000;0.000000;0.000000;2.000000;148.938049;-417.979828;1858.807129;0.141375;0.000000;0.000000;0.000000;0.000000;2.000000;219.174149;-477.298492;1871.572510;0.366404;0.000000;0.000000;0.000000;0.000000;2.000000;297.053833;-529.614319;1887.003052;0.401606;0.000000;0.000000;0.000000;0.000000;2.000000;227.302719;-495.889526;1860.305786;0.531972;0.000000;0.000000;0.000000;0.000000;2.000000;69.982315;-144.834747;2041.698242;0.033467;0.000000;0.000000;0.000000;0.000000;2.000000;128.014206;-46.627106;1701.953613;0.084085;0.000000;0.000000;0.000000;0.000000;2.000000;104.276474;295.053345;1701.485352;0.120597;0.000000;0.000000;0.000000;0.000000;2.000000;136.339752;433.788025;1612.881836;0.056753;0.000000;0.000000;0.000000;0.000000;2.000000;-63.106140;-154.657700;1962.398682;0.030181;0.000000;0.000000;0.000000;0.000000;2.000000;159.420456;-143.651123;1682.178345;0.147931;0.000000;0.000000;0.000000;0.000000;2.000000;247.135406;189.590210;1649.827637;0.058197;0.000000;0.000000;0.000000;0.000000;2.000000;327.411804;298.740234;1576.000488;0.051014;0.000000;0.000000;0.000000;0.000000;2.000000;53.259071;-686.310181;1987.816528;0.029179;0.000000;0.000000;0.000000;0.000000;2.000000;73.940933;-759.026611;1865.433838;0.039053;0.000000;0.000000;0.000000;0.000000;2.000000;111.706581;-758.513550;1898.360962;0.057430;0.000000;0.000000;0.000000;0.000000;2.000000;146.710266;-687.629639;1979.783203;0.059045;0.000000;0.000000;0.000000;0.000000;2.000000;73.266357;-784.605591;1904.039917;0.052184;0.000000;0.000000;0.000000;0.000000;2.000000;31.047108;-774.684998;2013.018677;0.069902;0.000000;0.000000;0.000000;0.000000;2.000000;20439367680.000000
0.000000;-150.000000;2000.000000;0.000000;0.000000;0.000000;0.000000;0.000000;2.000000;-11.275475;-304.683502;2037.518066;0.046296;0.000000;0.000000;0.000000;0.000000;2.000000;-7.072632;-431.929626;2045.512817;0.047700;0.000000;0.000000;0.000000;0.000000;2.000000;31.959175;-618.605835;2008.981079;0.056794;0.000000;0.000000;0.000000;0.000000;2.000000;49.665741;-586.513245;2033.031738;0.047323;0.000000;0.000000;0.000000;0.000000;2.000000;153.429840;-533.270203;2085.431641;0.082745;0.000000;0.000000;0.000000;0.000000;2.000000;172.517059;-291.819214;2134.689941;0.181714;0.000000;0.000000;0.000000;0.000000;2.000000;211.197205;-409.307159;1968.154175;0.094644;0.000000;0.000000;0.000000;0.000000;2.000000;271.084778;-468.075836;1948.731323;0.064667;0.000000;0.000000;0.000000;0.000000;2.000000;308.642029;-514.790405;1872.919922;0.114708;0.000000;0.000000;0.000000;0.000000;2.000000;272.222565;-506.749023;1912.083496;0.130574;0.000000;0.000000;0.000000;0.000000;2.000000;0.418198;-589.508179;1998.555298;0.051035;0.000000;0.000000;0.000000;0.000000;2.000000;-92.103394;-568.544922;1929.016357;0.053473;0.000000;0.000000;0.000000;0.000000;2.000000;-41.460350;-326.262207;1882.572754;0.103551;0.000000;0.000000;0.000000;0.000000;2.000000;144.799423;-420.283875;1858.132813;0.146012;0.000000;0.000000;0.000000;0.000000;2.000000;210.713348;-484.653229;1868.681396;0.353314;0.000000;0.000000;0.000000;0.000000;2.000000;290.698730;-531.894775;1888.547485;0.211373;0.000000;0.000000;0.000000;0.000000;2.000000;223.519501;-497.065857;1854.102783;0.224618;0.000000;0.000000;0.000000;0.000000;2.000000;70.130974;-145.086639;2041.334229;0.014251;0.000000;0.000000;0.000000;0.000000;2.000000;126.249458;-45.436340;1702.027100;0.065008;0.000000;0.000000;0.000000;0.000000;2.000000;103.175064;295.978424;1700.447388;0.054131;0.000000;0.000000;0.000000;0.000000;2.000000;133.978546;434.918365;1612.003418;0.084267;0.000000;0.000000;0.000000;0.000000;2.000000;-63.240189;-154.430588;1962.727173;0.012856;0.000000;0.000000;0.000000;0.000000;2.000000;157.086273;-142.746857;1681.208618;0.081924;0.000000;0.000000;0.000000;0.000000;2.000000;245.050644;189.923859;1647.032959;0.106889;0.000000;0.000000;0.000000;0.000000;2.000000;325.361572;300.027374;1574.969360;0.080299;0.000000;0.000000;0.000000;0.000000;2.000000;52.937901;-684.664001;1985.868896;0.078439;0.000000;0.000000;0.000000;0.000000;2.000000;72.558105;-756.961243;1863.214966;0.101681;0.000000;0.000000;0.000000;0.000000;2.000000;109.852783;-758.095825;1896.591797;0.079234;0.000000;0.000000;0.000000;0.000000;2.000000;146.293610;-689.287781;1979.016479;0.057182;0.000000;0.000000;0.000000;0.000000;2.000000;70.461952;-782.806763;1901.541748;0.127084;0.000000;0.000000;0.000000;0.000000;2.000000;27.252598;-772.312622;2009.963989;0.165352;0.000000;0.000000;0.000000;0.000000;2.000000;20439400448.000000
0.000000;-150.000000;2000.000000;0.000000;0.000000;0.000000;0.000000;0.000000;2.000000;-10.099174;-305.113190;2033.445190;0.130037;0.000000;0.000000;0.000000;0.000000;2.000000;-7.570450;-431.842957;2042.964233;0.079291;0.000000;0.000000;0.000000;0.000000;2.000000;31.929012;-618.544617;2011.023560;0.062366;0.000000;0.000000;0.000000;0.000000;2.000000;49.241005;-586.045532;2034.525024;0.049482;0.000000;0.000000;0.000000;0.000000;2.000000;152.174255;-531.499023;2086.107422;0.069391;0.000000;0.000000;0.000000;0.000000;2.000000;171.063278;-290.934448;2135.370117;0.055931;0.000000;0.000000;0.000000;0.000000;2.000000;210.677338;-409.344940;1970.635742;0.077384;0.000000;0.000000;0.000000;0.000000;2.000000;267.830750;-469.665131;1949.194214;0.111416;0.000000;0.000000;0.000000;0.000000;2.000000;307.212769;-512.010132;1872.189575;0.097971;0.000000;0.000000;0.000000;0.000000;2.000000;271.410492;-503.757751;1911.569214;0.095884;0.000000;0.000000;0.000000;0.000000;2.000000;0.612183;-589.811279;1999.622314;0.034365;0.000000;0.000000;0.000000;0.000000;2.000000;-90.803902;-567.644653;1929.702759;0.052596;0.000000;0.000000;0.000000;0.000000;2.000000;-41.508957;-326.034760;1883.159424;0.019259;0.000000;0.000000;0.000000;0.000000;2.000000;144.676025;-419.568573;1863.087891;0.152831;0.000000;0.000000;0.000000;0.000000;2.000000;210.837585;-482.299805;1878.108765;0.296554;0.000000;0.000000;0.000000;0.000000;2.000000;293.846436;-524.380920;1895.389648;0.324666;0.000000;0.000000;0.000000;0.000000;2.000000;222.576508;-497.123688;1861.736084;0.234727;0.000000;0.000000;0.000000;0.000000;2.000000;69.407631;-145.458801;2042.020020;0.032470;0.000000;0.000000;0.000000;0.000000;2.000000;126.080482;-44.217712;1704.624756;0.087716;0.000000;0.000000;0.000000;0.000000;2.000000;103.719193;296.014313;1701.724121;0.042368;0.000000;0.000000;0.000000;0.000000;2.000000;134.679184;435.490387;1615.330811;0.105229;0.000000;0.000000;0.000000;0.000000;2.000000;-62.587898;-154.095001;1962.108765;0.029280;0.000000;0.000000;0.000000;0.000000;2.000000;158.136658;-140.320038;1682.619629;0.091470;0.000000;0.000000;0.000000;0.000000;2.000000;246.219238;191.137543;1649.414185;0.089020;0.000000;0.000000;0.000000;0.000000;2.000000;325.965179;301.666290;1578.556641;0.121761;0.000000;0.000000;0.000000;0.000000;2.000000;53.176212;-684.819946;1989.666016;0.116204;0.000000;0.000000;0.000000;0.000000;2.000000;70.591682;-759.887329;1868.957520;0.205639;0.000000;0.000000;0.000000;0.000000;2.000000;108.368301;-760.122742;1901.534302;0.169202;0.000000;0.000000;0.000000;0.000000;2.000000;146.065216;-689.456360;1981.221680;0.067853;0.000000;0.000000;0.000000;0.000000;2.000000;69.265450;-784.673218;1907.816040;0.203078;0.000000;0.000000;0.000000;0.000000;2.000000;28.207581;-771.562378;2016.339355;0.198059;0.000000;0.000000;0.000000;0.000000;2.000000;20439433216.000000
0.000000;-150.000015;2000.000000;0.000000;0.000000;0.000000;0.000000;0.000000;2.000000;-9.256470;-305.188629;2031.716553;0.058734;0.000000;0.000000;0.000000;0.000000;2.000000;-6.502327;-431.644836;2041.267822;0.061476;0.000000;0.000000;0.000000;0.000000;2.000000;32.593952;-618.178833;2010.313721;0.031712;0.000000;0.000000;0.000000;0.000000;2.000000;49.796124;-585.718079;2033.779297;0.030079;0.000000;0.000000;0.000000;0.000000;2.000000;152.605988;-531.816345;2085.628174;0.021938;0.000000;0.000000;0.000000;0.000000;2.000000;170.395615;-291.338074;2133.119141;0.072704;0.000000;0.000000;0.000000;0.000000;2.000000;210.137665;-409.302246;1968.637207;0.063188;0.000000;0.000000;0.000000;0.000000;2.000000;265.820618;-469.783112;1944.647583;0.151751;0.000000;0.000000;0.000000;0.000000;2.000000;307.609131;-513.589966;1870.016968;0.082866;0.000000;0.000000;0.000000;0.000000;2.000000;268.229553;-504.368042;1908.813477;0.129780;0.000000;0.000000;0.000000;0.000000;2.000000;1.509743;-589.453674;1998.613892;0.042620;0.000000;0.000000;0.000000;0.000000;2.000000;-89.853554;-568.314392;1928.717285;0.046512;0.000000;0.000000;0.000000;0.000000;2.000000;-40.295258;-327.104950;1883.212402;0.049408;0.000000;0.000000;0.000000;0.000000;2.000000;143.704254;-424.994446;1869.241455;0.252118;0.000000;0.000000;0.000000;0.000000;2.000000;213.066956;-483.500366;1885.624756;0.242036;0.000000;0.000000;0.000000;0.000000;2.000000;296.251984;-528.211243;1883.701294;0.382476;0.000000;0.000000;0.000000;0.000000;2.000000;220.273712;-495.656799;1870.755005;0.287571;0.000000;0.000000;0.000000;0.000000;2.000000;68.433235;-145.243027;2043.248291;0.048297;0.000000;0.000000;0.000000;0.000000;2.000000;125.867935;-42.445221;1707.243164;0.096712;0.000000;0.000000;0.000000;0.000000;2.000000;104.521820;297.123535;1702.969238;0.056477;0.000000;0.000000;0.000000;0.000000;2.000000;136.014038;435.267395;1615.310791;0.041306;0.000000;0.000000;0.000000;0.000000;2.000000;-61.709251;-154.289597;1961.001221;0.043551;0.000000;0.000000;0.000000;0.000000;2.000000;158.616989;-140.362015;1682.154907;0.020436;0.000000;0.000000;0.000000;0.000000;2.000000;248.314392;189.790527;1647.756348;0.091311;0.000000;0.000000;0.000000;0.000000;2.000000;327.166107;299.715454;1575.664795;0.112588;0.000000;0.000000;0.000000;0.000000;2.000000;53.754601;-684.450073;1989.379639;0.022701;0.000000;0.000000;0.000000;0.000000;2.000000;71.746956;-760.147339;1869.506592;0.039834;0.000000;0.000000;0.000000;0.000000;2.000000;109.474121;-759.760376;1901.979614;0.038024;0.000000;0.000000;0.000000;0.000000;2.000000;146.482208;-688.251465;1980.900391;0.040127;0.000000;0.000000;0.000000;0.000000;2.000000;70.696358;-784.583252;1908.480957;0.048230;0.000000;0.000000;0.000000;0.000000;2.000000;29.696766;-771.032227;2016.709351;0.049544;0.000000;0.000000;0.000000;0.000000;2.000000;20439465984.000000
0.000000;-150.000015;2000.000000;0.000000;0.000000;0.000000;0.000000;0.000000;2.000000;-7.692924;-305.525818;2029.921875;0.069049;0.000000;0.000000;0.000000;0.000000;2.000000;-5.642616;-431.783691;2041.059814;0.025717;0.000000;0.000000;0.000000;0.000000;2.000000;32.971035;-618.278259;2010.035889;0.013753;0.000000;0.000000;0.000000;0.000000;2.000000;50.316284;-585.859863;2033.402588;0.018891;0.000000;0.000000;0.000000;0.000000;2.000000;154.038696;-533.165039;2084.468262;0.065604;0.000000;0.000000;0.000000;0.000000;2.000000;171.326874;-292.683258;2131.305176;0.070163;0.000000;0.000000;0.000000;0.000000;2.000000;205.379684;-414.200226;1968.306030;0.196362;0.000000;0.000000;0.000000;0.000000;2.000000;257.081696;-476.036957;1939.535889;0.341795;0.000000;0.000000;0.000000;0.000000;2.000000;299.552124;-516.841919;1863.678223;0.308910;0.000000;0.000000;0.000000;0.000000;2.000000;262.724274;-505.801025;1905.362305;0.191111;0.000000;0.000000;0.000000;0.000000;2.000000;1.909409;-589.521057;1998.461304;0.012439;0.000000;0.000000;0.000000;0.000000;2.000000;-89.399170;-569.359985;1928.330322;0.034580;0.000000;0.000000;0.000000;0.000000;2.000000;-42.575432;-327.681763;1883.304932;0.067607;0.000000;0.000000;0.000000;0.000000;2.000000;141.816620;-425.434235;1878.687256;0.276959;0.000000;0.000000;0.000000;0.000000;2.000000;213.875458;-481.683136;1890.314697;0.146320;0.000000;0.000000;0.000000;0.000000;2.000000;293.503448;-530.657104;1877.200928;0.214538;0.000000;0.000000;0.000000;0.000000;2.000000;218.275803;-497.082428;1883.601685;0.375662;0.000000;0.000000;0.000000;0.000000;2.000000;68.420776;-145.082260;2043.152100;0.005393;0.000000;0.000000;0.000000;0.000000;2.000000;126.818588;-42.868378;1707.377319;0.030135;0.000000;0.000000;0.000000;0.000000;2.000000;104.636475;296.413757;1702.113525;0.032102;0.000000;0.000000;0.000000;0.000000;2.000000;137.245422;434.275146;1614.622314;0.049540;0.000000;0.000000;0.000000;0.000000;2.000000;-61.698029;-154.434570;1961.087891;0.004862;0.000000;0.000000;0.000000;0.000000;2.000000;159.373138;-140.841675;1683.107422;0.037550;0.000000;0.000000;0.000000;0.000000;2.000000;248.236969;189.292908;1648.581543;0.027767;0.000000;0.000000;0.000000;0.000000;2.000000;328.117310;298.497559;1576.737549;0.054032;0.000000;0.000000;0.000000;0.000000;2.000000;53.914375;-684.552002;1989.053467;0.010835;0.000000;0.000000;0.000000;0.000000;2.000000;77.097572;-757.451782;1868.449707;0.174740;0.000000;0.000000;0.000000;0.000000;2.000000;114.380676;-755.563599;1901.331299;0.186381;0.000000;0.000000;0.000000;0.000000;2.000000;146.739410;-683.399780;1981.584473;0.140924;0.000000;0.000000;0.000000;0.000000;2.000000;76.909172;-782.444519;1907.047852;0.193161;0.000000;0.000000;0.000000;0.000000;2.000000;34.133728;-772.592346;2014.907837;0.144660;0.000000;0.000000;0.000000;0.000000;2.000000;20439500800.000000
0.000000;-150.000000;2000.000000;0.000000;0.000000;0.000000;0.000000;0.000000;2.000000;-6.636444;-305.708588;2030.169922;0.033584;0.000000;0.000000;0.000000;0.000000;2.000000;-3.833099;-432.047577;2041.837402;0.060642;0.000000;0.000000;0.000000;0.000000;2.000000;35.681091;-618.752380;2011.877930;0.101042;0.000000;0.000000;0.000000;0.000000;2.000000;52.865868;-586.093994;2035.119995;0.094085;0.000000;0.000000;0.000000;0.000000;2.000000;156.278427;-532.452209;2086.184570;0.088817;0.000000;0.000000;0.000000;0.000000;2.000000;173.034073;-291.894989;2134.261963;0.106936;0.000000;0.000000;0.000000;0.000000;2.000000;205.806885;-408.083466;1966.880493;0.192114;0.000000;0.000000;0.000000;0.000000;2.000000;258.343414;-471.512268;1943.262329;0.182981;0.000000;0.000000;0.000000;0.000000;2.000000;296.609589;-512.945923;1865.397705;0.157968;0.000000;0.000000;0.000000;0.000000;2.000000;261.953827;-505.202820;1909.864990;0.140598;0.000000;0.000000;0.000000;0.000000;2.000000;4.480606;-590.161865;2000.078613;0.094739;0.000000;0.000000;0.000000;0.000000;2.000000;-87.216667;-570.393494;1930.123779;0.091796;0.000000;0.000000;0.000000;0.000000;2.000000;-42.182716;-327.927856;1885.946411;0.081843;0.000000;0.000000;0.000000;0.000000;2.000000;145.414261;-419.968964;1889.308960;0.380716;0.000000;0.000000;0.000000;0.000000;2.000000;219.088959;-474.801697;1898.036133;0.353471;0.000000;0.000000;0.000000;0.000000;2.000000;293.223358;-530.516479;1879.840820;0.081129;0.000000;0.000000;0.000000;0.000000;2.000000;222.527557;-490.913483;1896.078979;0.444150;0.000000;0.000000;0.000000;0.000000;2.000000;68.203964;-144.461121;2043.589355;0.024107;0.000000;0.000000;0.000000;0.000000;2.000000;131.575989;-42.438049;1708.234009;0.148103;0.000000;0.000000;0.000000;0.000000;2.000000;107.292740;297.088226;1703.242310;0.090452;0.000000;0.000000;0.000000;0.000000;2.000000;138.934967;436.860199;1618.102051;0.141983;0.000000;0.000000;0.000000;0.000000;2.000000;-61.502510;-154.994659;1960.693604;0.021738;0.000000;0.000000;0.000000;0.000000;2.000000;161.456055;-140.862030;1683.737305;0.066411;0.000000;0.000000;0.000000;0.000000;2.000000;249.993408;189.932892;1650.879272;0.090397;0.000000;0.000000;0.000000;0.000000;2.000000;329.421173;299.921417;1579.362061;0.099431;0.000000;0.000000;0.000000;0.000000;2.000000;56.969551;-685.124756;1991.274902;0.116595;0.000000;0.000000;0.000000;0.000000;2.000000;75.400314;-759.341492;1870.463989;0.098931;0.000000;0.000000;0.000000;0.000000;2.000000;113.723885;-757.798767;1902.233521;0.076241;0.000000;0.000000;0.000000;0.000000;2.000000;149.638733;-685.488403;1981.006714;0.110464;0.000000;0.000000;0.000000;0.000000;2.000000;75.986450;-784.073853;1909.286987;0.089077;0.000000;0.000000;0.000000;0.000000;2.000000;36.589630;-772.750549;2018.423584;0.130966;0.000000;0.000000;0.000000;0.000000;2.000000;20439533568.000000
0.000000;-150.000015;2000.000000;0.000000;0.000000;0.000000;0.000000;0.000000;2.000000;-8.082626;-304.629700;2033.999023;0.129178;0.000000;0.000000;0.000000;0.000000;2.000000;-5.225990;-430.771301;2045.928467;0.137518;0.000000;0.000000;0.000000;0.000000;2.000000;33.555103;-616.741821;2012.340210;0.090406;0.000000;0.000000;0.000000;0.000000;2.000000;51.139961;-584.515686;2035.775635;0.074125;0.000000;0.000000;0.000000;0.000000;2.000000;153.901627;-528.373657;2085.007080;0.148474;0.000000;0.000000;0.000000;0.000000;2.000000;170.968018;-289.256287;2138.193848;0.157664;0.000000;0.000000;0.000000;0.000000;2.000000;200.617798;-399.275818;1966.460693;0.312232;0.000000;0.000000;0.000000;0.000000;2.000000;250.253571;-463.762085;1940.018921;0.355933;0.000000;0.000000;0.000000;0.000000;2.000000;296.468903;-513.941833;1872.452637;0.217476;0.000000;0.000000;0.000000;0.000000;2.000000;251.810150;-501.043060;1916.580078;0.392350;0.000000;0.000000;0.000000;0.000000;2.000000;2.224228;-587.985229;2001.553589;0.105736;0.000000;0.000000;0.000000;0.000000;2.000000;-89.493828;-567.284119;1932.161499;0.133044;0.000000;0.000000;0.000000;0.000000;2.000000;-44.782471;-324.487213;1891.530518;0.215314;0.000000;0.000000;0.000000;0.000000;2.000000;145.417725;-410.319977;1895.344604;0.347327;0.000000;0.000000;0.000000;0.000000;2.000000;217.889374;-466.664429;1903.154907;0.295652;0.000000;0.000000;0.000000;0.000000;2.000000;289.815796;-524.723938;1884.108521;0.242952;0.000000;0.000000;0.000000;0.000000;2.000000;221.348907;-487.692322;1913.362915;0.537750;0.000000;0.000000;0.000000;0.000000;2.000000;69.381447;-144.505707;2041.482544;0.073668;0.000000;0.000000;0.000000;0.000000;2.000000;129.803909;-40.308990;1706.760864;0.095746;0.000000;0.000000;0.000000;0.000000;2.000000;104.856537;298.745850;1706.374146;0.131230;0.000000;0.000000;0.000000;0.000000;2.000000;136.518051;437.079041;1619.351318;0.083297;0.000000;0.000000;0.000000;0.000000;2.000000;-62.564293;-154.954483;1962.593262;0.066425;0.000000;0.000000;0.000000;0.000000;2.000000;158.705017;-140.188354;1684.931396;0.093803;0.000000;0.000000;0.000000;0.000000;2.000000;247.485657;190.054749;1652.026367;0.084239;0.000000;0.000000;0.000000;0.000000;2.000000;326.788544;299.778198;1580.406006;0.086538;0.000000;0.000000;0.000000;0.000000;2.000000;54.401947;-682.697266;1990.339478;0.111547;0.000000;0.000000;0.000000;0.000000;2.000000;76.312271;-755.707275;1869.602173;0.117332;0.000000;0.000000;0.000000;0.000000;2.000000;113.775009;-754.161194;1902.280151;0.111030;0.000000;0.000000;0.000000;0.000000;2.000000;147.172150;-682.343140;1982.382568;0.129006;0.000000;0.000000;0.000000;0.000000;2.000000;76.111542;-780.714722;1908.178589;0.108017;0.000000;0.000000;0.000000;0.000000;2.000000;34.002075;-770.559082;2016.244385;0.123008;0.000000;0.000000;0.000000;0.000000;2.000000;20439566336.000000
0.000000;-150.000015;2000.000000;0.000000;0.000000;0.000000;0.000000;0.000000;2.000000;-7.766205;-304.405609;2032.844727;0.037161;0.000000;0.000000;0.000000;0.000000;2.000000;-6.194298;-430.028656;2046.327393;0.039180;0.000000;0.000000;0.000000;0.000000;2.000000;33.825710;-614.920410;2011.594238;0.060631;0.000000;0.000000;0.000000;0.000000;2.000000;51.175804;-582.796448;2035.100952;0.056373;0.000000;0.000000;0.000000;0.000000;2.000000;152.794601;-525.396729;2084.267090;0.099523;0.000000;0.000000;0.000000;0.000000;2.000000;171.303253;-288.472137;2143.072754;0.151150;0.000000;0.000000;0.000000;0.000000;2.000000;202.145416;-390.860352;1967.615601;0.263385;0.000000;0.000000;0.000000;0.000000;2.000000;246.421021;-453.106110;1929.637085;0.468841;0.000000;0.000000;0.000000;0.000000;2.000000;296.591248;-516.615723;1878.519531;0.202366;0.000000;0.000000;0.000000;0.000000;2.000000;243.321991;-495.032532;1920.715576;0.341576;0.000000;0.000000;0.000000;0.000000;2.000000;2.331497;-586.433350;2001.109985;0.049365;0.000000;0.000000;0.000000;0.000000;2.000000;-90.318367;-565.943481;1933.508911;0.063229;0.000000;0.000000;0.000000;0.000000;2.000000;-44.927521;-323.429291;1896.770386;0.163195;0.000000;0.000000;0.000000;0.000000;2.000000;144.356506;-409.641205;1902.649658;0.226223;0.000000;0.000000;0.000000;0.000000;2.000000;215.918274;-465.638550;1916.062744;0.399710;0.000000;0.000000;0.000000;0.000000;2.000000;286.548126;-526.402100;1902.923950;0.585042;0.000000;0.000000;0.000000;0.000000;2.000000;211.174225;-495.810425;1932.254639;0.700127;0.000000;0.000000;0.000000;0.000000;2.000000;69.241089;-144.704697;2041.265747;0.009950;0.000000;0.000000;0.000000;0.000000;2.000000;129.244812;-38.670410;1708.188721;0.068487;0.000000;0.000000;0.000000;0.000000;2.000000;105.136559;299.413513;1706.631836;0.023453;0.000000;0.000000;0.000000;0.000000;2.000000;136.133331;438.570313;1621.666504;0.084859;0.000000;0.000000;0.000000;0.000000;2.000000;-62.437721;-154.775009;1962.788940;0.008977;0.000000;0.000000;0.000000;0.000000;2.000000;159.292175;-138.316147;1686.965698;0.086254;0.000000;0.000000;0.000000;0.000000;2.000000;247.561615;190.841431;1652.644775;0.030625;0.000000;0.000000;0.000000;0.000000;2.000000;326.153687;301.314514;1582.392944;0.079059;0.000000;0.000000;0.000000;0.000000;2.000000;55.059288;-680.376343;1989.196655;0.081459;0.000000;0.000000;0.000000;0.000000;2.000000;76.634651;-755.566589;1870.259033;0.022739;0.000000;0.000000;0.000000;0.000000;2.000000;113.191223;-755.271423;1903.760132;0.059205;0.000000;0.000000;0.000000;0.000000;2.000000;147.642548;-684.217773;1983.620239;0.070040;0.000000;0.000000;0.000000;0.000000;2.000000;74.363640;-779.980652;1908.983887;0.062858;0.000000;0.000000;0.000000;0.000000;2.000000;30.198471;-766.655823;2015.495728;0.167884;0.000000;0.000000;0.000000;0.000000;2.000000;20439599104.000000
0.000000;-150.000000;2000.000000;0.000000;0.000000;0.000000;0.000000;0.000000;2.000000;-7.720558;-304.685394;2033.151001;0.011987;0.000000;0.000000;0.000000;0.000000;2.000000;-6.841370;-430.434662;2047.965820;0.051923;0.000000;0.000000;0.000000;0.000000;2.000000;34.559429;-615.550903;2013.792358;0.068979;0.000000;0.000000;0.000000;0.000000;2.000000;51.757339;-583.139832;2037.186523;0.062965;0.000000;0.000000;0.000000;0.000000;2.000000;153.118713;-523.842773;2085.312988;0.054601;0.000000;0.000000;0.000000;0.000000;2.000000;171.466644;-286.574585;2144.940430;0.076617;0.000000;0.000000;0.000000;0.000000;2.000000;201.664734;-388.933105;1968.844604;0.067089;0.000000;0.000000;0.000000;0.000000;2.000000;247.002167;-452.148987;1933.399170;0.112741;0.000000;0.000000;0.000000;0.000000;2.000000;297.298126;-514.902954;1881.105103;0.091365;0.000000;0.000000;0.000000;0.000000;2.000000;243.040802;-494.004242;1921.471191;0.037531;0.000000;0.000000;0.000000;0.000000;2.000000;2.766068;-587.278687;2003.242554;0.067061;0.000000;0.000000;0.000000;0.000000;2.000000;-89.305031;-565.173340;1934.937500;0.054956;0.000000;0.000000;0.000000;0.000000;2.000000;-47.979424;-321.311676;1898.732056;0.120657;0.000000;0.000000;0.000000;0.000000;2.000000;144.837982;-400.666260;1900.593140;0.264824;0.000000;0.000000;0.000000;0.000000;2.000000;216.906921;-455.764618;1916.172974;0.285039;0.000000;0.000000;0.000000;0.000000;2.000000;285.152466;-520.140503;1906.724487;0.214169;0.000000;0.000000;0.000000;0.000000;2.000000;200.743927;-493.070129;1942.733398;0.431893;0.000000;0.000000;0.000000;0.000000;2.000000;69.579056;-144.679840;2041.028809;0.011877;0.000000;0.000000;0.000000;0.000000;2.000000;128.400131;-38.714691;1706.919434;0.043810;0.000000;0.000000;0.000000;0.000000;2.000000;105.500877;300.176666;1706.732178;0.024460;0.000000;0.000000;0.000000;0.000000;2.000000;137.417389;440.014374;1622.541016;0.060922;0.000000;0.000000;0.000000;0.000000;2.000000;-62.742485;-154.797440;1963.002563;0.010709;0.000000;0.000000;0.000000;0.000000;2.000000;160.606094;-137.595032;1687.565918;0.046373;0.000000;0.000000;0.000000;0.000000;2.000000;248.764923;192.356171;1653.330688;0.058954;0.000000;0.000000;0.000000;0.000000;2.000000;328.042999;302.121490;1582.043823;0.059854;0.000000;0.000000;0.000000;0.000000;2.000000;56.275242;-681.073547;1991.556396;0.078833;0.000000;0.000000;0.000000;0.000000;2.000000;77.970215;-755.165100;1871.594116;0.055453;0.000000;0.000000;0.000000;0.000000;2.000000;114.422424;-755.549194;1905.362671;0.058591;0.000000;0.000000;0.000000;0.000000;2.000000;149.051727;-685.567749;1986.418701;0.097992;0.000000;0.000000;0.000000;0.000000;2.000000;75.297546;-780.072144;1910.093872;0.041748;0.000000;0.000000;0.000000;0.000000;2.000000;30.562180;-767.649292;2016.744873;0.047017;0.000000;0.000000;0.000000;0.000000;2.000000;20439633920.000000
0.000000;-150.000000;2000.000000;0.000000;0.000000;0.000000;0.000000;0.000000;2.000000;-7.703354;-304.632629;2033.098267;0.002336;0.000000;0.000000;0.000000;0.000000;2.000000;-6.769569;-430.341614;2047.818115;0.005760;0.000000;0.000000;0.000000;0.000000;2.000000;35.081108;-615.257141;2013.541138;0.019814;0.000000;0.000000;0.000000;0.000000;2.000000;52.168098;-582.841431;2036.977905;0.016751;0.000000;0.000000;0.000000;0.000000;2.000000;153.193726;-523.278748;2085.348145;0.017397;0.000000;0.000000;0.000000;0.000000;2.000000;170.628571;-286.024963;2144.902344;0.030608;0.000000;0.000000;0.000000;0.000000;2.000000;201.684860;-388.279968;1968.992065;0.020443;0.000000;0.000000;0.000000;0.000000;2.000000;247.679443;-451.432129;1934.371826;0.042272;0.000000;0.000000;0.000000;0.000000;2.000000;298.818481;-514.281006;1883.089600;0.078618;0.000000;0.000000;0.000000;0.000000;2.000000;244.158447;-493.758331;1924.705688;0.104705;0.000000;0.000000;0.000000;0.000000;2.000000;3.249496;-587.059143;2002.980957;0.018063;0.000000;0.000000;0.000000;0.000000;2.000000;-88.663818;-565.659912;1934.319336;0.030972;0.000000;0.000000;0.000000;0.000000;2.000000;-50.241844;-321.355347;1898.595825;0.069181;0.000000;0.000000;0.000000;0.000000;2.000000;143.635452;-397.776917;1902.561768;0.112832;0.000000;0.000000;0.000000;0.000000;2.000000;216.511703;-451.090027;1920.238647;0.189449;0.000000;0.000000;0.000000;0.000000;2.000000;286.348389;-513.965332;1912.931519;0.269680;0.000000;0.000000;0.000000;0.000000;2.000000;200.783203;-488.374512;1946.648193;0.186572;0.000000;0.000000;0.000000;0.000000;2.000000;69.526924;-144.676514;2041.052612;0.001752;0.000000;0.000000;0.000000;0.000000;2.000000;128.932495;-38.532806;1707.254761;0.019987;0.000000;0.000000;0.000000;0.000000;2.000000;106.069908;300.224792;1707.142578;0.021461;0.000000;0.000000;0.000000;0.000000;2.000000;137.824478;439.779236;1622.552490;0.014351;0.000000;0.000000;0.000000;0.000000;2.000000;-62.695496;-154.800446;1962.980957;0.001581;0.000000;0.000000;0.000000;0.000000;2.000000;160.767487;-137.460373;1687.828857;0.010273;0.000000;0.000000;0.000000;0.000000;2.000000;248.890533;192.391174;1653.919678;0.018410;0.000000;0.000000;0.000000;0.000000;2.000000;328.207520;302.595154;1583.489380;0.046693;0.000000;0.000000;0.000000;0.000000;2.000000;56.966290;-680.683228;1991.281738;0.025630;0.000000;0.000000;0.000000;0.000000;2.000000;78.116760;-754.877258;1871.353516;0.012291;0.000000;0.000000;0.000000;0.000000;2.000000;114.713264;-755.207153;1904.936768;0.018886;0.000000;0.000000;0.000000;0.000000;2.000000;149.682220;-685.144958;1985.714233;0.031605;0.000000;0.000000;0.000000;0.000000;2.000000;75.636597;-779.730164;1909.879150;0.016091;0.000000;0.000000;0.000000;0.000000;2.000000;31.417202;-767.204895;2016.682617;0.029468;0.000000;0.000000;0.000000;0.000000;2.000000;20439666688.000000
0.000000;-149.999985;2000.000000;0.000000;0.000000;0.000000;0.000000;0.000000;2.000000;-8.950508;-304.643890;2035.419312;0.080411;0.000000;0.000000;0.000000;0.000000;2.000000;-6.662888;-430.989410;2048.420166;0.027184;0.000000;0.000000;0.000000;0.000000;2.000000;36.234238;-616.318237;2013.712158;0.048106;0.000000;0.000000;0.000000;0.000000;2.000000;53.227432;-583.740479;2037.286987;0.043438;0.000000;0.000000;0.000000;0.000000;2.000000;153.827713;-520.302246;2082.744873;0.122217;0.000000;0.000000;0.000000;0.000000;2.000000;175.168152;-283.199280;2145.247559;0.163523;0.000000;0.000000;0.000000;0.000000;2.000000;213.567673;-385.799194;1970.108765;0.372017;0.000000;0.000000;0.000000;0.000000;2.000000;256.874969;-456.002258;1946.621216;0.487796;0.000000;0.000000;0.000000;0.000000;2.000000;300.402710;-515.571045;1884.821777;0.081742;0.000000;0.000000;0.000000;0.000000;2.000000;246.909592;-498.369446;1925.608276;0.166162;0.000000;0.000000;0.000000;0.000000;2.000000;4.149750;-588.154541;2003.161133;0.043618;0.000000;0.000000;0.000000;0.000000;2.000000;-87.286774;-566.000488;1933.386108;0.051818;0.000000;0.000000;0.000000;0.000000;2.000000;-55.498062;-320.688080;1892.094727;0.255943;0.000000;0.000000;0.000000;0.000000;2.000000;143.852753;-383.779083;1898.486328;0.444967;0.000000;0.000000;0.000000;0.000000;2.000000;209.835648;-440.934448;1928.604980;0.450278;0.000000;0.000000;0.000000;0.000000;2.000000;275.423981;-508.900513;1933.859863;0.736853;0.000000;0.000000;0.000000;0.000000;2.000000;204.319809;-464.578766;1937.746094;0.782818;0.000000;0.000000;0.000000;0.000000;2.000000;69.402969;-144.441391;2041.807617;0.024427;0.000000;0.000000;0.000000;0.000000;2.000000;132.404572;-39.391205;1706.942383;0.109565;0.000000;0.000000;0.000000;0.000000;2.000000;107.876503;300.485779;1704.849365;0.089447;0.000000;0.000000;0.000000;0.000000;2.000000;139.389465;440.122681;1619.118164;0.115652;0.000000;0.000000;0.000000;0.000000;2.000000;-62.583710;-155.012390;1962.300293;0.022022;0.000000;0.000000;0.000000;0.000000;2.000000;161.697266;-137.839462;1686.131592;0.060182;0.000000;0.000000;0.000000;0.000000;2.000000;251.628708;192.734497;1651.324951;0.115597;0.000000;0.000000;0.000000;0.000000;2.000000;330.130310;303.651306;1579.892822;0.128565;0.000000;0.000000;0.000000;0.000000;2.000000;58.514954;-681.839600;1991.263062;0.058986;0.000000;0.000000;0.000000;0.000000;2.000000;75.960678;-755.946899;1870.071777;0.083217;0.000000;0.000000;0.000000;0.000000;2.000000;113.872849;-756.069763;1902.443848;0.084490;0.000000;0.000000;0.000000;0.000000;2.000000;151.339844;-685.637085;1982.347046;0.115516;0.000000;0.000000;0.000000;0.000000;2.000000;75.032715;-780.972839;1908.753906;0.054379;0.000000;0.000000;0.000000;0.000000;2.000000;34.420982;-768.902466;2017.487793;0.108123;0.000000;0.000000;0.000000;0.000000;2.000000;20439699456.000000
0.000000;-150.000000;2000.000000;0.000000;0.000000;0.000000;0.000000;0.000000;2.000000;-8.919769;-304.646057;2035.444580;0.001145;0.000000;0.000000;0.000000;0.000000;2.000000;-6.598610;-430.994812;2048.454834;0.002103;0.000000;0.000000;0.000000;0.000000;2.000000;36.400955;-616.313538;2013.778931;0.005160;0.000000;0.000000;0.000000;0.000000;2.000000;53.366817;-583.726135;2037.363281;0.004583;0.000000;0.000000;0.000000;0.000000;2.000000;153.947021;-520.286743;2082.877441;0.005142;0.000000;0.000000;0.000000;0.000000;2.000000;175.382141;-283.157043;2145.282715;0.006346;0.000000;0.000000;0.000000;0.000000;2.000000;213.820877;-385.890259;1970.221802;0.008383;0.000000;0.000000;0.000000;0.000000;2.000000;257.162659;-456.115295;1946.851807;0.011076;0.000000;0.000000;0.000000;0.000000;2.000000;300.777161;-515.798584;1885.218506;0.016977;0.000000;0.000000;0.000000;0.000000;2.000000;247.300537;-498.524658;1926.099243;0.018569;0.000000;0.000000;0.000000;0.000000;2.000000;4.309219;-588.163147;2003.207275;0.004775;0.000000;0.000000;0.000000;0.000000;2.000000;-87.039749;-565.929260;1933.335693;0.007525;0.000000;0.000000;0.000000;0.000000;2.000000;-54.863541;-320.647003;1892.107666;0.018267;0.000000;0.000000;0.000000;0.000000;2.000000;144.399445;-384.007355;1898.824951;0.019600;0.000000;0.000000;0.000000;0.000000;2.000000;210.333557;-441.137482;1929.108765;0.021164;0.000000;0.000000;0.000000;0.000000;2.000000;275.915222;-509.101318;1934.537231;0.024716;0.000000;0.000000;0.000000;0.000000;2.000000;204.839600;-464.741364;1938.339478;0.023134;0.000000;0.000000;0.000000;0.000000;2.000000;69.401474;-144.419495;2041.812988;0.000649;0.000000;0.000000;0.000000;0.000000;2.000000;132.246704;-39.448334;1706.879272;0.005152;0.000000;0.000000;0.000000;0.000000;2.000000;107.634186;300.434265;1704.602295;0.010049;0.000000;0.000000;0.000000;0.000000;2.000000;139.111877;440.044556;1618.802490;0.012281;0.000000;0.000000;0.000000;0.000000;2.000000;-62.582367;-155.032181;1962.295288;0.000588;0.000000;0.000000;0.000000;0.000000;2.000000;161.702560;-137.893616;1686.110352;0.001678;0.000000;0.000000;0.000000;0.000000;2.000000;251.576340;192.700562;1651.217773;0.003562;0.000000;0.000000;0.000000;0.000000;2.000000;330.058502;303.619751;1579.755371;0.004545;0.000000;0.000000;0.000000;0.000000;2.000000;58.724121;-681.828674;1991.344849;0.006458;0.000000;0.000000;0.000000;0.000000;2.000000;77.065414;-755.684937;1870.126221;0.032648;0.000000;0.000000;0.000000;0.000000;2.000000;114.816864;-755.709595;1902.688477;0.029859;0.000000;0.000000;0.000000;0.000000;2.000000;151.610062;-685.250977;1982.887573;0.020598;0.000000;0.000000;0.000000;0.000000;2.000000;76.041695;-780.774292;1908.766846;0.029538;0.000000;0.000000;0.000000;0.000000;2.000000;34.838428;-769.027954;2017.318237;0.013434;0.000000;0.000000;0.000000;0.000000;2.000000;20439734272.000000
0.000000;-150.000000;2000.000000;0.000000;0.000000;0.000000;0.000000;0.000000;2.000000;-8.919769;-304.646057;2035.444580;0.000000;0.000000;0.000000;0.000000;0.000000;2.000000;-6.598610;-430.994812;2048.454834;0.000000;0.000000;0.000000;0.000000;0.000000;2.000000;36.400955;-616.313538;2013.778931;0.000000;0.000000;0.000000;0.000000;0.000000;2.000000;53.366817;-583.726135;2037.363281;0.000000;0.000000;0.000000;0.000000;0.000000;2.000000;153.947021;-520.286743;2082.877441;0.000000;0.000000;0.000000;0.000000;0.000000;2.000000;175.382141;-283.157043;2145.282715;0.000000;0.000000;0.000000;0.000000;0.000000;2.000000;213.820877;-385.890259;1970.221802;0.000000;0.000000;0.000000;0.000000;0.000000;2.000000;257.162659;-456.115295;1946.851807;0.000000;0.000000;0.000000;0.000000;0.000000;2.000000;300.777161;-515.798584;1885.218506;0.000000;0.000000;0.000000;0.000000;0.000000;2.000000;247.300537;-498.524658;1926.099243;0.000000;0.000000;0.000000;0.000000;0.000000;2.000000;4.309219;-588.163147;2003.207275;0.000000;0.000000;0.000000;0.000000;0.000000;2.000000;-87.039749;-565.929260;1933.335693;0.000000;0.000000;0.000000;0.000000;0.000000;2.000000;-54.863541;-320.647003;1892.107666;0.000000;0.000000;0.000000;0.000000;0.000000;2.000000;144.399445;-384.007355;1898.824951;0.000000;0.000000;0.000000;0.000000;0.000000;2.000000;210.333557;-441.137482;1929.108765;0.000000;0.000000;0.000000;0.000000;0.000000;2.000000;275.915222;-509.101318;1934.537231;0.000000;0.000000;0.000000;0.000000;0.000000;2.000000;204.839600;-464.741364;1938.339478;0.000000;0.000000;0.000000;0.000000;0.000000;2.000000;69.401474;-144.419495;2041.812988;0.000000;0.000000;0.000000;0.000000;0.000000;2.000000;132.246704;-39.448334;1706.879272;0.000000;0.000000;0.000000;0.000000;0.000000;2.000000;107.634186;300.434265;1704.602295;0.000000;0.000000;0.000000;0.000000;0.000000;2.000000;139.111877;440.044556;1618.802490;0.000000;0.000000;0.000000;0.000000;0.000000;2.000000;-62.582367;-155.032181;1962.295288;0.000000;0.000000;0.000000;0.000000;0.000000;2.000000;161.702560;-137.893616;1686.110352;0.000000;0.000000;0.000000;0.000000;0.000000;2.000000;251.576340;192.700562;1651.217773;0.000000;0.000000;0.000000;0.000000;0.000000;2.000000;330.058502;303.619751;1579.755371;0.000000;0.000000;0.000000;0.000000;0.000000;2.000000;58.724121;-681.828674;1991.344849;0.000000;0.000000;0.000000;0.000000;0.000000;2.000000;77.065414;-755.684937;1870.126221;0.000000;0.000000;0.000000;0.000000;0.000000;2.000000;114.816864;-755.709595;1902.688477;0.000000;0.000000;0.000000;0.000000;0.000000;2.000000;151.610062;-685.250977;1982.887573;0.000000;0.000000;0.000000;0.000000;0.000000;2.000000;76.041695;-780.774292;1908.766846;0.000000;0.000000;0.000000;0.000000;0.000000;2.000000;34.838428;-769.027954;2017.318237;0.000000;0.000000;0.000000;0.000000;0.000000;2.000000;20439767040.000000
0.000000;-150.000000;2000.000000;0.000000;0.000000;0.000000;0.000000;0.000000;2.000000;-9.005280;-304.766357;2035.758911;0.010597;0.000000;0.000000;0.000000;0.000000;2.000000;-6.329285;-431.300110;2048.399414;0.012539;0.000000;0.000000;0.000000;0.000000;2.000000;36.687370;-616.561157;2012.166138;0.050557;0.000000;0.000000;0.000000;0.000000;2.000000;53.752449;-584.094788;2035.942993;0.046301;0.000000;0.000000;0.000000;0.000000;2.000000;155.029022;-521.689880;2081.772949;0.063718;0.000000;0.000000;0.000000;0.000000;2.000000;174.945526;-284.314270;2144.917236;0.039359;0.000000;0.000000;0.000000;0.000000;2.000000;210.063873;-387.432831;1969.091675;0.128652;0.000000;0.000000;0.000000;0.000000;2.000000;254.441238;-452.697632;1935.251343;0.378292;0.000000;0.000000;0.000000;0.000000;2.000000;303.062988;-517.742310;1883.381104;0.107373;0.000000;0.000000;0.000000;0.000000;2.000000;248.474564;-496.486023;1927.971436;0.091753;0.000000;0.000000;0.000000;0.000000;2.000000;4.496445;-588.321167;2001.918823;0.040025;0.000000;0.000000;0.000000;0.000000;2.000000;-87.949371;-566.345154;1933.179688;0.030892;0.000000;0.000000;0.000000;0.000000;2.000000;-52.335930;-321.408813;1890.888184;0.088744;0.000000;0.000000;0.000000;0.000000;2.000000;145.156494;-388.587219;1872.043701;0.829485;0.000000;0.000000;0.000000;0.000000;2.000000;210.151718;-445.477173;1905.029541;0.746699;0.000000;0.000000;0.000000;0.000000;2.000000;276.935486;-512.007935;1914.235718;0.626645;0.000000;0.000000;0.000000;0.000000;2.000000;205.301407;-464.853333;1934.872803;0.106784;0.000000;0.000000;0.000000;0.000000;2.000000;69.406464;-144.337982;2041.984497;0.005797;0.000000;0.000000;0.000000;0.000000;2.000000;133.125885;-40.946289;1706.266113;0.056212;0.000000;0.000000;0.000000;0.000000;2.000000;107.716797;299.285522;1703.270996;0.053721;0.000000;0.000000;0.000000;0.000000;2.000000;139.657410;438.071045;1615.925415;0.107766;0.000000;0.000000;0.000000;0.000000;2.000000;-62.586853;-155.105713;1962.140869;0.005221;0.000000;0.000000;0.000000;0.000000;2.000000;161.960358;-138.819580;1685.561523;0.033778;0.000000;0.000000;0.000000;0.000000;2.000000;251.001205;192.434021;1650.673340;0.025501;0.000000;0.000000;0.000000;0.000000;2.000000;330.452972;303.744446;1580.503174;0.026081;0.000000;0.000000;0.000000;0.000000;2.000000;58.982792;-681.978027;1989.140015;0.067901;0.000000;0.000000;0.000000;0.000000;2.000000;79.007965;-756.314514;1868.277222;0.084068;0.000000;0.000000;0.000000;0.000000;2.000000;116.071030;-756.818237;1901.707397;0.059211;0.000000;0.000000;0.000000;0.000000;2.000000;152.089752;-686.689636;1982.735474;0.046513;0.000000;0.000000;0.000000;0.000000;2.000000;76.782814;-781.371216;1906.955200;0.062450;0.000000;0.000000;0.000000;0.000000;2.000000;33.302002;-768.915222;2014.687744;0.093030;0.000000;0.000000;0.000000;0.000000;2.000000;20439799808.000000
0.000000;-150.000000;2000.000000;0.000000;0.000000;0.000000;0.000000;0.000000;2.000000;-9.271645;-305.016724;2036.232788;0.018265;0.000000;0.000000;0.000000;0.000000;2.000000;-6.893929;-431.796600;2049.402344;0.038253;0.000000;0.000000;0.000000;0.000000;2.000000;35.380459;-617.891846;2014.203369;0.084292;0.000000;0.000000;0.000000;0.000000;2.000000;52.604454;-585.299622;2037.877930;0.077886;0.000000;0.000000;0.000000;0.000000;2.000000;154.934906;-523.427917;2082.899414;0.063272;0.000000;0.000000;0.000000;0.000000;2.000000;173.829056;-284.710083;2143.459229;0.057329;0.000000;0.000000;0.000000;0.000000;2.000000;207.351746;-386.602417;1966.054443;0.126822;0.000000;0.000000;0.000000;0.000000;2.000000;246.307648;-445.972412;1917.416748;0.632426;0.000000;0.000000;0.000000;0.000000;2.000000;301.554138;-516.144775;1880.649658;0.106984;0.000000;0.000000;0.000000;0.000000;2.000000;247.340424;-490.091797;1925.629761;0.210673;0.000000;0.000000;0.000000;0.000000;2.000000;3.268860;-589.490051;2003.721191;0.075507;0.000000;0.000000;0.000000;0.000000;2.000000;-88.588249;-567.147949;1933.859253;0.037556;0.000000;0.000000;0.000000;0.000000;2.000000;-49.350388;-322.592896;1889.202271;0.110699;0.000000;0.000000;0.000000;0.000000;2.000000;147.060486;-393.102844;1866.301514;0.230380;0.000000;0.000000;0.000000;0.000000;2.000000;215.487457;-452.015015;1887.167480;0.602880;0.000000;0.000000;0.000000;0.000000;2.000000;288.404266;-510.656525;1903.192017;0.487635;0.000000;0.000000;0.000000;0.000000;2.000000;217.949829;-469.887543;1911.083740;0.836452;0.000000;0.000000;0.000000;0.000000;2.000000;69.562653;-144.323517;2042.086426;0.005709;0.000000;0.000000;0.000000;0.000000;2.000000;132.838043;-41.603607;1705.205688;0.039075;0.000000;0.000000;0.000000;0.000000;2.000000;108.125092;299.470551;1702.758545;0.020778;0.000000;0.000000;0.000000;0.000000;2.000000;138.935699;438.603668;1614.826294;0.043294;0.000000;0.000000;0.000000;0.000000;2.000000;-62.727699;-155.118729;1962.048706;0.005152;0.000000;0.000000;0.000000;0.000000;2.000000;162.114624;-140.398621;1684.564209;0.057189;0.000000;0.000000;0.000000;0.000000;2.000000;250.715149;191.747467;1649.199707;0.050375;0.000000;0.000000;0.000000;0.000000;2.000000;329.791779;303.897430;1579.167603;0.045719;0.000000;0.000000;0.000000;0.000000;2.000000;57.446121;-683.695618;1991.530396;0.101332;0.000000;0.000000;0.000000;0.000000;2.000000;75.315628;-757.224060;1869.450439;0.121447;0.000000;0.000000;0.000000;0.000000;2.000000;113.730209;-756.539429;1901.494507;0.072234;0.000000;0.000000;0.000000;0.000000;2.000000;150.554626;-685.236877;1981.492432;0.074829;0.000000;0.000000;0.000000;0.000000;2.000000;75.439552;-782.481201;1908.188232;0.065145;0.000000;0.000000;0.000000;0.000000;2.000000;35.678471;-771.709351;2017.814697;0.147095;0.000000;0.000000;0.000000;0.000000;2.000000;20439832576.000000
0.000000;-150.000015;2000.000000;0.000000;0.000000;0.000000;0.000000;0.000000;2.000000;-9.227158;-305.165894;2036.147217;0.005102;0.000000;0.000000;0.000000;0.000000;2.000000;-6.704002;-432.067688;2049.065186;0.013571;0.000000;0.000000;0.000000;0.000000;2.000000;35.486687;-618.191162;2013.097778;0.033040;0.000000;0.000000;0.000000;0.000000;2.000000;52.726486;-585.687988;2036.945313;0.029228;0.000000;0.000000;0.000000;0.000000;2.000000;155.169769;-524.561462;2082.995850;0.033365;0.000000;0.000000;0.000000;0.000000;2.000000;175.137421;-286.362183;2145.981934;0.094415;0.000000;0.000000;0.000000;0.000000;2.000000;208.673340;-387.641541;1968.042480;0.074781;0.000000;0.000000;0.000000;0.000000;2.000000;247.199066;-445.418488;1917.081787;0.031642;0.000000;0.000000;0.000000;0.000000;2.000000;302.403473;-514.220825;1877.568848;0.107140;0.000000;0.000000;0.000000;0.000000;2.000000;246.985504;-490.480347;1922.205444;0.099509;0.000000;0.000000;0.000000;0.000000;2.000000;3.384254;-589.697144;2002.694824;0.030256;0.000000;0.000000;0.000000;0.000000;2.000000;-88.618813;-566.807251;1933.050049;0.025234;0.000000;0.000000;0.000000;0.000000;2.000000;-47.045364;-322.388153;1888.668335;0.068213;0.000000;0.000000;0.000000;0.000000;2.000000;148.341522;-395.180542;1862.850342;0.121413;0.000000;0.000000;0.000000;0.000000;2.000000;216.507294;-455.713379;1879.901123;0.236010;0.000000;0.000000;0.000000;0.000000;2.000000;289.372223;-514.944946;1894.347900;0.283678;0.000000;0.000000;0.000000;0.000000;2.000000;216.306793;-475.149658;1881.986328;0.850615;0.000000;0.000000;0.000000;0.000000;2.000000;69.618523;-144.328583;2042.116577;0.001829;0.000000;0.000000;0.000000;0.000000;2.000000;131.832779;-41.349335;1704.824463;0.031732;0.000000;0.000000;0.000000;0.000000;2.000000;106.911713;299.975098;1702.511719;0.038404;0.000000;0.000000;0.000000;0.000000;2.000000;138.328430;439.469177;1615.121582;0.031530;0.000000;0.000000;0.000000;0.000000;2.000000;-62.778084;-155.114182;1962.021729;0.001647;0.000000;0.000000;0.000000;0.000000;2.000000;161.985413;-140.250351;1684.126221;0.013790;0.000000;0.000000;0.000000;0.000000;2.000000;250.326233;192.258057;1648.911133;0.020213;0.000000;0.000000;0.000000;0.000000;2.000000;329.646759;304.338196;1578.781738;0.017334;0.000000;0.000000;0.000000;0.000000;2.000000;57.538658;-683.967651;1990.152466;0.040429;0.000000;0.000000;0.000000;0.000000;2.000000;77.919777;-755.118652;1866.932129;0.120347;0.000000;0.000000;0.000000;0.000000;2.000000;115.891235;-754.640808;1899.562988;0.099520;0.000000;0.000000;0.000000;0.000000;2.000000;150.864319;-684.401917;1981.434448;0.025633;0.000000;0.000000;0.000000;0.000000;2.000000;77.745087;-781.099609;1905.231201;0.114776;0.000000;0.000000;0.000000;0.000000;2.000000;36.276669;-772.728516;2014.530640;0.100247;0.000000;0.000000;0.000000;0.000000;2.000000;20439867392.000000
0.000000;-150.000000;2000.000000;0.000000;0.000000;0.000000;0.000000;0.000000;2.000000;-9.208992;-305.179504;2036.159302;0.000785;0.000000;0.000000;0.000000;0.000000;2.000000;-6.667198;-432.092499;2049.081543;0.001444;0.000000;0.000000;0.000000;0.000000;2.000000;35.471916;-618.250000;2013.131226;0.002114;0.000000;0.000000;0.000000;0.000000;2.000000;52.717445;-585.749023;2036.985229;0.002243;0.000000;0.000000;0.000000;0.000000;2.000000;155.203278;-524.765259;2083.163574;0.008119;0.000000;0.000000;0.000000;0.000000;2.000000;175.604660;-286.577148;2146.143799;0.016455;0.000000;0.000000;0.000000;0.000000;2.000000;209.103058;-388.052795;1968.286255;0.019617;0.000000;0.000000;0.000000;0.000000;2.000000;247.991028;-445.645813;1917.378784;0.026728;0.000000;0.000000;0.000000;0.000000;2.000000;303.515198;-514.087280;1877.665649;0.034299;0.000000;0.000000;0.000000;0.000000;2.000000;249.503265;-489.637695;1921.822021;0.081866;0.000000;0.000000;0.000000;0.000000;2.000000;3.380020;-589.742065;2002.715942;0.001520;0.000000;0.000000;0.000000;0.000000;2.000000;-88.642555;-566.802368;1933.094727;0.001551;0.000000;0.000000;0.000000;0.000000;2.000000;-46.526161;-322.485504;1888.528442;0.016677;0.000000;0.000000;0.000000;0.000000;2.000000;148.577728;-395.847473;1862.030884;0.033039;0.000000;0.000000;0.000000;0.000000;2.000000;216.571442;-456.917938;1877.854736;0.072493;0.000000;0.000000;0.000000;0.000000;2.000000;289.262878;-516.655273;1891.101807;0.112022;0.000000;0.000000;0.000000;0.000000;2.000000;215.564880;-475.285400;1874.732178;0.222572;0.000000;0.000000;0.000000;0.000000;2.000000;69.623642;-144.316818;2042.121338;0.000418;0.000000;0.000000;0.000000;0.000000;2.000000;131.770035;-41.353882;1704.775879;0.002426;0.000000;0.000000;0.000000;0.000000;2.000000;106.803688;299.999115;1702.421387;0.004359;0.000000;0.000000;0.000000;0.000000;2.000000;138.258209;439.478668;1614.991455;0.004522;0.000000;0.000000;0.000000;0.000000;2.000000;-62.782707;-155.124756;1962.017456;0.000376;0.000000;0.000000;0.000000;0.000000;2.000000;161.989441;-140.279541;1684.084717;0.001553;0.000000;0.000000;0.000000;0.000000;2.000000;250.300140;192.265778;1648.825195;0.002751;0.000000;0.000000;0.000000;0.000000;2.000000;329.634521;304.315765;1578.631348;0.004655;0.000000;0.000000;0.000000;0.000000;2.000000;57.509579;-684.041443;1990.193237;0.002722;0.000000;0.000000;0.000000;0.000000;2.000000;77.965912;-755.145569;1866.942627;0.001661;0.000000;0.000000;0.000000;0.000000;2.000000;115.917236;-754.691956;1899.604492;0.002161;0.000000;0.000000;0.000000;0.000000;2.000000;150.850220;-684.493408;1981.542480;0.004342;0.000000;0.000000;0.000000;0.000000;2.000000;77.757225;-781.147095;1905.233032;0.001497;0.000000;0.000000;0.000000;0.000000;2.000000;36.207165;-772.817261;2014.516479;0.003467;0.000000;0.000000;0.000000;0.000000;2.000000;20439900160.000000
0.000000;-150.000015;2000.000000;0.000000;0.000000;0.000000;0.000000;0.000000;2.000000;-9.209274;-305.179749;2036.159668;0.000016;0.000000;0.000000;0.000000;0.000000;2.000000;-6.668236;-432.092896;2049.083008;0.000056;0.000000;0.000000;0.000000;0.000000;2.000000;35.467712;-618.252075;2013.135742;0.000199;0.000000;0.000000;0.000000;0.000000;2.000000;52.713696;-585.751038;2036.989502;0.000184;0.000000;0.000000;0.000000;0.000000;2.000000;155.199600;-524.769470;2083.171387;0.000293;0.000000;0.000000;0.000000;0.000000;2.000000;175.602585;-286.580505;2146.149902;0.000222;0.000000;0.000000;0.000000;0.000000;2.000000;209.106018;-388.062500;1968.296509;0.000440;0.000000;0.000000;0.000000;0.000000;2.000000;248.004913;-445.654968;1917.396362;0.000739;0.000000;0.000000;0.000000;0.000000;2.000000;303.538208;-514.091492;1877.686890;0.000964;0.000000;0.000000;0.000000;0.000000;2.000000;249.557648;-489.619995;1921.826782;0.001751;0.000000;0.000000;0.000000;0.000000;2.000000;3.376389;-589.743713;2002.719849;0.000170;0.000000;0.000000;0.000000;0.000000;2.000000;-88.646507;-566.803833;1933.098633;0.000175;0.000000;0.000000;0.000000;0.000000;2.000000;-46.520248;-322.489563;1888.524658;0.000247;0.000000;0.000000;0.000000;0.000000;2.000000;148.577866;-395.864441;1862.017700;0.000656;0.000000;0.000000;0.000000;0.000000;2.000000;216.563995;-456.948669;1877.822021;0.001389;0.000000;0.000000;0.000000;0.000000;2.000000;289.247559;-516.700928;1891.046265;0.002243;0.000000;0.000000;0.000000;0.000000;2.000000;215.541412;-475.302124;1874.630127;0.003236;0.000000;0.000000;0.000000;0.000000;2.000000;69.623795;-144.316864;2042.121338;0.000005;0.000000;0.000000;0.000000;0.000000;2.000000;131.769348;-41.355560;1704.774536;0.000069;0.000000;0.000000;0.000000;0.000000;2.000000;106.803802;299.998169;1702.416992;0.000137;0.000000;0.000000;0.000000;0.000000;2.000000;138.259460;439.474548;1614.981689;0.000326;0.000000;0.000000;0.000000;0.000000;2.000000;-62.782860;-155.124741;1962.017456;0.000005;0.000000;0.000000;0.000000;0.000000;2.000000;161.989044;-140.280426;1684.083496;0.000048;0.000000;0.000000;0.000000;0.000000;2.000000;250.300598;192.265259;1648.822266;0.000092;0.000000;0.000000;0.000000;0.000000;2.000000;329.635406;304.313538;1578.625732;0.000186;0.000000;0.000000;0.000000;0.000000;2.000000;57.504356;-684.044434;1990.198853;0.000251;0.000000;0.000000;0.000000;0.000000;2.000000;77.950439;-755.154785;1866.949707;0.000591;0.000000;0.000000;0.000000;0.000000;2.000000;115.903725;-754.701477;1899.609497;0.000527;0.000000;0.000000;0.000000;0.000000;2.000000;150.844650;-684.500977;1981.542725;0.000287;0.000000;0.000000;0.000000;0.000000;2.000000;77.742767;-781.154663;1905.241211;0.000557;0.000000;0.000000;0.000000;0.000000;2.000000;36.199261;-772.818359;2014.526733;0.000397;0.000000;0.000000;0.000000;0.000000;2.000000;20439932928.000000
0.000000;-149.999985;2000.000000;0.000001;0.000000;0.000000;0.000000;0.000000;2.000000;-8.491661;-306.115173;2032.504639;0.117202;0.000000;0.000000;0.000000;0.000000;2.000000;-6.298416;-433.239532;2044.019897;0.158828;0.000000;0.000000;0.000000;0.000000;2.000000;35.453384;-620.215820;2011.458252;0.078819;0.000000;0.000000;0.000000;0.000000;2.000000;52.567940;-587.403564;2035.022339;0.078531;0.000000;0.000000;0.000000;0.000000;2.000000;155.647995;-530.955139;2085.625000;0.203541;0.000000;0.000000;0.000000;0.000000;2.000000;168.178772;-290.114105;2140.589844;0.302899;0.000000;0.000000;0.000000;0.000000;2.000000;211.412018;-405.864227;1973.760010;0.572617;0.000000;0.000000;0.000000;0.000000;2.000000;267.184265;-465.857727;1946.944214;1.239282;0.000000;0.000000;0.000000;0.000000;2.000000;302.137024;-510.593689;1868.640625;0.299061;0.000000;0.000000;0.000000;0.000000;2.000000;266.690796;-502.551147;1911.764648;0.723470;0.000000;0.000000;0.000000;0.000000;2.000000;3.599136;-591.720703;2000.210693;0.097723;0.000000;0.000000;0.000000;0.000000;2.000000;-88.736542;-570.856506;1930.244141;0.151302;0.000000;0.000000;0.000000;0.000000;2.000000;-40.516602;-327.594299;1885.324219;0.259570;0.000000;0.000000;0.000000;0.000000;2.000000;147.077316;-418.738403;1858.890381;0.706038;0.000000;0.000000;0.000000;0.000000;2.000000;215.197052;-480.186798;1872.899536;0.726107;0.000000;0.000000;0.000000;0.000000;2.000000;290.417358;-536.953125;1885.443848;0.642253;0.000000;0.000000;0.000000;0.000000;2.000000;220.938385;-495.718811;1853.046387;0.921523;0.000000;0.000000;0.000000;0.000000;2.000000;69.570671;-144.961197;2042.375732;0.021203;0.000000;0.000000;0.000000;0.000000;2.000000;130.811859;-47.787048;1702.947876;0.206118;0.000000;0.000000;0.000000;0.000000;2.000000;106.384674;293.799072;1703.106934;0.190779;0.000000;0.000000;0.000000;0.000000;2.000000;138.521149;432.928040;1615.193604;0.200048;0.000000;0.000000;0.000000;0.000000;2.000000;-62.734940;-154.543671;1961.787964;0.019122;0.000000;0.000000;0.000000;0.000000;2.000000;161.729706;-145.438965;1683.110596;0.160397;0.000000;0.000000;0.000000;0.000000;2.000000;248.662140;187.805298;1649.211670;0.145487;0.000000;0.000000;0.000000;0.000000;2.000000;329.450439;297.018799;1576.083252;0.235819;0.000000;0.000000;0.000000;0.000000;2.000000;57.479656;-686.487183;1989.800415;0.075536;0.000000;0.000000;0.000000;0.000000;2.000000;74.484222;-763.338989;1869.417480;0.281500;0.000000;0.000000;0.000000;0.000000;2.000000;112.342850;-763.615479;1902.230103;0.303657;0.000000;0.000000;0.000000;0.000000;2.000000;150.739044;-692.186768;1981.600098;0.234580;0.000000;0.000000;0.000000;0.000000;2.000000;72.804886;-787.801514;1908.703003;0.273890;0.000000;0.000000;0.000000;0.000000;2.000000;31.448036;-773.055664;2017.449341;0.170386;0.000000;0.000000;0.000000;0.000000;2.000000;20439965696.000000
0.000000;-150.000000;2000.000000;0.000000;0.000000;0.000000;0.000000;0.000000;2.000000;-11.985039;-305.732635;2036.712769;0.157472;0.000000;0.000000;0.000000;0.000000;2.000000;-6.096313;-433.806854;2040.707642;0.096696;0.000000;0.000000;0.000000;0.000000;2.000000;33.580284;-621.557434;2004.655884;0.206284;0.000000;0.000000;0.000000;0.000000;2.000000;51.215965;-589.204163;2028.851929;0.188661;0.000000;0.000000;0.000000;0.000000;2.000000;156.969879;-534.186646;2076.998047;0.267310;0.000000;0.000000;0.000000;0.000000;2.000000;166.843552;-291.762054;2130.846191;0.286415;0.000000;0.000000;0.000000;0.000000;2.000000;210.289581;-406.492950;1962.144775;0.335658;0.000000;0.000000;0.000000;0.000000;2.000000;267.220673;-467.479797;1938.923340;0.235045;0.000000;0.000000;0.000000;0.000000;2.000000;298.750214;-506.686707;1855.781982;0.398072;0.000000;0.000000;0.000000;0.000000;2.000000;263.561371;-504.406372;1896.631226;0.447052;0.000000;0.000000;0.000000;0.000000;2.000000;1.884293;-592.365479;1993.930908;0.187890;0.000000;0.000000;0.000000;0.000000;2.000000;-91.216187;-573.332153;1923.511719;0.217994;0.000000;0.000000;0.000000;0.000000;2.000000;-42.787285;-329.255249;1876.531738;0.265154;0.000000;0.000000;0.000000;0.000000;2.000000;140.632874;-432.111328;1856.601563;0.431415;0.000000;0.000000;0.000000;0.000000;2.000000;213.374557;-487.705627;1874.282959;0.225737;0.000000;0.000000;0.000000;0.000000;2.000000;299.045898;-529.903625;1872.302002;0.494873;0.000000;0.000000;0.000000;0.000000;2.000000;219.338959;-503.451843;1855.468262;0.237240;0.000000;0.000000;0.000000;0.000000;2.000000;70.178970;-145.457565;2042.178833;0.023249;0.000000;0.000000;0.000000;0.000000;2.000000;125.591858;-49.625854;1699.576416;0.186135;0.000000;0.000000;0.000000;0.000000;2.000000;104.014938;293.741241;1693.991699;0.270520;0.000000;0.000000;0.000000;0.000000;2.000000;136.517944;433.798370;1606.159668;0.266952;0.000000;0.000000;0.000000;0.000000;2.000000;-63.283463;-154.096100;1961.965454;0.020963;0.000000;0.000000;0.000000;0.000000;2.000000;156.280716;-146.226273;1677.217285;0.231643;0.000000;0.000000;0.000000;0.000000;2.000000;247.440811;187.493011;1642.244629;0.203360;0.000000;0.000000;0.000000;0.000000;2.000000;328.123169;297.583893;1568.761719;0.214335;0.000000;0.000000;0.000000;0.000000;2.000000;54.880981;-688.012451;1981.695557;0.248359;0.000000;0.000000;0.000000;0.000000;2.000000;72.948860;-764.860596;1860.646729;0.259455;0.000000;0.000000;0.000000;0.000000;2.000000;111.189026;-764.271606;1893.377808;0.257102;0.000000;0.000000;0.000000;0.000000;2.000000;148.636734;-691.628357;1972.873291;0.258324;0.000000;0.000000;0.000000;0.000000;2.000000;72.061806;-789.460083;1900.132690;0.251634;0.000000;0.000000;0.000000;0.000000;2.000000;30.865952;-775.552734;2009.651611;0.235767;0.000000;0.000000;0.000000;0.000000;2.000000;20440000512.000000
0.000000;-150.000015;2000.000000;0.000000;0.000000;0.000000;0.000000;0.000000;2.000000;-11.363251;-305.852905;2034.696777;0.064488;0.000000;0.000000;0.000000;0.000000;2.000000;-6.448204;-433.617737;2040.015869;0.024379;0.000000;0.000000;0.000000;0.000000;2.000000;34.147747;-620.856934;2004.823730;0.027985;0.000000;0.000000;0.000000;0.000000;2.000000;51.495689;-588.419189;2028.925781;0.025531;0.000000;0.000000;0.000000;0.000000;2.000000;157.269226;-532.775879;2075.476563;0.063976;0.000000;0.000000;0.000000;0.000000;2.000000;167.688675;-291.583038;2131.991211;0.043773;0.000000;0.000000;0.000000;0.000000;2.000000;210.733124;-405.116089;1962.982910;0.051020;0.000000;0.000000;0.000000;0.000000;2.000000;266.584900;-464.604309;1934.588013;0.159942;0.000000;0.000000;0.000000;0.000000;2.000000;298.632507;-504.345886;1852.168701;0.131435;0.000000;0.000000;0.000000;0.000000;2.000000;259.311127;-503.277649;1894.500854;0.149122;0.000000;0.000000;0.000000;0.000000;2.000000;2.434082;-591.916626;1993.902954;0.021676;0.000000;0.000000;0.000000;0.000000;2.000000;-89.763786;-572.148315;1922.967529;0.059545;0.000000;0.000000;0.000000;0.000000;2.000000;-43.356979;-327.806793;1878.602783;0.079062;0.000000;0.000000;0.000000;0.000000;2.000000;139.860748;-431.147247;1865.882813;0.285738;0.000000;0.000000;0.000000;0.000000;2.000000;214.303375;-483.858612;1884.148682;0.324399;0.000000;0.000000;0.000000;0.000000;2.000000;299.420685;-526.466736;1879.580200;0.245898;0.000000;0.000000;0.000000;0.000000;2.000000;217.671173;-503.518066;1866.252686;0.333033;0.000000;0.000000;0.000000;0.000000;2.000000;69.572258;-145.541214;2042.813232;0.026910;0.000000;0.000000;0.000000;0.000000;2.000000;126.379692;-47.979553;1701.820557;0.088275;0.000000;0.000000;0.000000;0.000000;2.000000;104.804245;294.559021;1695.267944;0.052154;0.000000;0.000000;0.000000;0.000000;2.000000;137.013733;433.880554;1606.918945;0.027787;0.000000;0.000000;0.000000;0.000000;2.000000;-62.736366;-154.020721;1961.393311;0.024268;0.000000;0.000000;0.000000;0.000000;2.000000;157.080750;-145.411255;1677.932373;0.041121;0.000000;0.000000;0.000000;0.000000;2.000000;247.961151;187.504456;1642.699219;0.021089;0.000000;0.000000;0.000000;0.000000;2.000000;329.226959;297.447815;1570.416870;0.060855;0.000000;0.000000;0.000000;0.000000;2.000000;55.797066;-687.130615;1982.220459;0.041981;0.000000;0.000000;0.000000;0.000000;2.000000;76.517769;-761.684448;1860.568726;0.145819;0.000000;0.000000;0.000000;0.000000;2.000000;114.128006;-761.256104;1893.845825;0.129295;0.000000;0.000000;0.000000;0.000000;2.000000;149.492889;-689.708313;1974.889282;0.088888;0.000000;0.000000;0.000000;0.000000;2.000000;75.236137;-786.859375;1899.549072;0.126494;0.000000;0.000000;0.000000;0.000000;2.000000;32.244415;-775.122864;2008.331421;0.059707;0.000000;0.000000;0.000000;0.000000;2.000000;20440033280.000000
0.000000;-149.999985;2000.000000;0.000001;0.000000;0.000000;0.000000;0.000000;2.000000;-9.371330;-305.864380;2033.702637;0.067940;0.000000;0.000000;0.000000;0.000000;2.000000;-3.783783;-433.294800;2039.948730;0.081932;0.000000;0.000000;0.000000;0.000000;2.000000;35.801517;-620.153076;2003.817261;0.062864;0.000000;0.000000;0.000000;0.000000;2.000000;53.501842;-587.890625;2027.732178;0.073043;0.000000;0.000000;0.000000;0.000000;2.000000;159.428802;-532.342102;2073.308105;0.094329;0.000000;0.000000;0.000000;0.000000;2.000000;169.295227;-292.158356;2131.936523;0.052104;0.000000;0.000000;0.000000;0.000000;2.000000;209.216949;-406.646606;1963.334961;0.066618;0.000000;0.000000;0.000000;0.000000;2.000000;264.358673;-466.172302;1934.183228;0.084012;0.000000;0.000000;0.000000;0.000000;2.000000;297.327850;-505.406372;1852.120361;0.051330;0.000000;0.000000;0.000000;0.000000;2.000000;260.380219;-502.958618;1895.955811;0.055953;0.000000;0.000000;0.000000;0.000000;2.000000;4.090034;-591.164124;1993.401611;0.057579;0.000000;0.000000;0.000000;0.000000;2.000000;-89.486244;-572.073914;1924.520020;0.048183;0.000000;0.000000;0.000000;0.000000;2.000000;-46.309433;-327.293793;1882.332764;0.146016;0.000000;0.000000;0.000000;0.000000;2.000000;137.791168;-427.666473;1866.243164;0.124071;0.000000;0.000000;0.000000;0.000000;2.000000;211.229767;-482.102814;1882.416870;0.120260;0.000000;0.000000;0.000000;0.000000;2.000000;296.412415;-524.090393;1877.439453;0.133998;0.000000;0.000000;0.000000;0.000000;2.000000;216.762634;-498.423828;1867.634033;0.163447;0.000000;0.000000;0.000000;0.000000;2.000000;69.195038;-144.857040;2043.024902;0.024702;0.000000;0.000000;0.000000;0.000000;2.000000;126.613045;-49.139648;1702.392578;0.040110;0.000000;0.000000;0.000000;0.000000;2.000000;105.376892;292.711975;1695.954834;0.062627;0.000000;0.000000;0.000000;0.000000;2.000000;136.989182;434.041626;1611.317383;0.134322;0.000000;0.000000;0.000000;0.000000;2.000000;-62.396202;-154.637604;1961.202515;0.022273;0.000000;0.000000;0.000000;0.000000;2.000000;157.296417;-145.379318;1678.603760;0.021542;0.000000;0.000000;0.000000;0.000000;2.000000;248.424835;186.603149;1642.268311;0.033611;0.000000;0.000000;0.000000;0.000000;2.000000;329.020569;297.382996;1571.205566;0.024958;0.000000;0.000000;0.000000;0.000000;2.000000;56.948013;-686.282837;1980.810425;0.061276;0.000000;0.000000;0.000000;0.000000;2.000000;76.913094;-761.969116;1860.087646;0.020894;0.000000;0.000000;0.000000;0.000000;2.000000;114.145599;-762.223145;1893.633911;0.030217;0.000000;0.000000;0.000000;0.000000;2.000000;150.422943;-691.153931;1974.365112;0.054843;0.000000;0.000000;0.000000;0.000000;2.000000;74.679329;-786.793335;1899.135986;0.021254;0.000000;0.000000;0.000000;0.000000;2.000000;31.099232;-773.326050;2007.219360;0.073348;0.000000;0.000000;0.000000;0.000000;2.000000;20440066048.000000
0.000000;-150.000000;2000.000000;0.000000;0.000000;0.000000;0.000000;0.000000;2.000000;-8.765305;-305.318573;2033.988770;0.024825;0.000000;0.000000;0.000000;0.000000;2.000000;-4.327950;-432.284271;2042.086426;0.069690;0.000000;0.000000;0.000000;0.000000;2.000000;33.262127;-619.604614;2009.721680;0.185280;0.000000;0.000000;0.000000;0.000000;2.000000;51.127922;-587.207397;2033.069824;0.168933;0.000000;0.000000;0.000000;0.000000;2.000000;156.026001;-533.402344;2081.865967;0.266268;0.000000;0.000000;0.000000;0.000000;2.000000;167.789963;-293.212646;2136.692871;0.146457;0.000000;0.000000;0.000000;0.000000;2.000000;206.551910;-405.190857;1966.947998;0.135562;0.000000;0.000000;0.000000;0.000000;2.000000;258.708344;-467.171387;1938.228027;0.201640;0.000000;0.000000;0.000000;0.000000;2.000000;294.737427;-503.301056;1856.387207;0.155602;0.000000;0.000000;0.000000;0.000000;2.000000;257.350281;-501.273041;1901.021729;0.176322;0.000000;0.000000;0.000000;0.000000;2.000000;2.033249;-590.557251;1998.626465;0.162219;0.000000;0.000000;0.000000;0.000000;2.000000;-89.751106;-570.152527;1928.361328;0.123598;0.000000;0.000000;0.000000;0.000000;2.000000;-50.475853;-325.653992;1885.500488;0.157535;0.000000;0.000000;0.000000;0.000000;2.000000;136.379395;-420.261505;1876.484375;0.365248;0.000000;0.000000;0.000000;0.000000;2.000000;209.259613;-475.022125;1892.401611;0.356103;0.000000;0.000000;0.000000;0.000000;2.000000;294.654816;-516.032288;1888.877197;0.405021;0.000000;0.000000;0.000000;0.000000;2.000000;216.264252;-489.050842;1880.170898;0.449829;0.000000;0.000000;0.000000;0.000000;2.000000;69.976746;-144.924057;2041.241455;0.055963;0.000000;0.000000;0.000000;0.000000;2.000000;128.359177;-45.812317;1702.945190;0.109090;0.000000;0.000000;0.000000;0.000000;2.000000;104.493622;294.835510;1701.573242;0.174372;0.000000;0.000000;0.000000;0.000000;2.000000;134.969650;435.682861;1616.767090;0.173459;0.000000;0.000000;0.000000;0.000000;2.000000;-63.101097;-154.577179;1962.810547;0.050459;0.000000;0.000000;0.000000;0.000000;2.000000;156.775040;-143.745377;1681.850464;0.105465;0.000000;0.000000;0.000000;0.000000;2.000000;247.189606;187.590820;1648.379150;0.181301;0.000000;0.000000;0.000000;0.000000;2.000000;325.939514;298.747498;1576.897095;0.189977;0.000000;0.000000;0.000000;0.000000;2.000000;53.736801;-686.163574;1988.123779;0.229440;0.000000;0.000000;0.000000;0.000000;2.000000;74.725204;-760.312195;1867.163086;0.217977;0.000000;0.000000;0.000000;0.000000;2.000000;112.664665;-758.455627;1899.611938;0.207367;0.000000;0.000000;0.000000;0.000000;2.000000;146.838318;-685.687073;1979.234619;0.234133;0.000000;0.000000;0.000000;0.000000;2.000000;74.944649;-785.156738;1906.087524;0.205265;0.000000;0.000000;0.000000;0.000000;2.000000;33.670452;-774.269348;2014.961060;0.235865;0.000000;0.000000;0.000000;0.000000;2.000000;20440100864.000000
0.000000;-149.999985;2000.000000;0.000000;0.000000;0.000000;0.000000;0.000000;2.000000;-8.536758;-305.775177;2035.868896;0.059455;0.000000;0.000000;0.000000;0.000000;2.000000;-3.282066;-433.375366;2044.134521;0.077679;0.000000;0.000000;0.000000;0.000000;2.000000;34.549946;-621.039124;2008.086792;0.077139;0.000000;0.000000;0.000000;0.000000;2.000000;52.578465;-588.875183;2032.059448;0.074167;0.000000;0.000000;0.000000;0.000000;2.000000;159.000168;-536.586914;2080.977783;0.135712;0.000000;0.000000;0.000000;0.000000;2.000000;168.011963;-294.643799;2134.496338;0.080292;0.000000;0.000000;0.000000;0.000000;2.000000;203.915771;-400.350677;1958.862549;0.298622;0.000000;0.000000;0.000000;0.000000;2.000000;256.281067;-464.238617;1933.536621;0.184378;0.000000;0.000000;0.000000;0.000000;2.000000;295.890167;-505.368652;1855.180786;0.081083;0.000000;0.000000;0.000000;0.000000;2.000000;253.681244;-503.241821;1902.209473;0.132140;0.000000;0.000000;0.000000;0.000000;2.000000;3.080498;-591.676208;1997.587769;0.056500;0.000000;0.000000;0.000000;0.000000;2.000000;-89.637100;-573.004089;1927.025024;0.096167;0.000000;0.000000;0.000000;0.000000;2.000000;-49.626923;-327.068604;1885.249878;0.050925;0.000000;0.000000;0.000000;0.000000;2.000000;141.016342;-416.764496;1880.401855;0.213791;0.000000;0.000000;0.000000;0.000000;2.000000;219.201355;-465.877136;1891.788574;0.412659;0.000000;0.000000;0.000000;0.000000;2.000000;297.945313;-517.171448;1875.965820;0.408102;0.000000;0.000000;0.000000;0.000000;2.000000;222.943619;-481.385773;1887.135498;0.376089;0.000000;0.000000;0.000000;0.000000;2.000000;70.608635;-144.439301;2040.954346;0.025836;0.000000;0.000000;0.000000;0.000000;2.000000;127.000252;-48.752533;1699.345337;0.147784;0.000000;0.000000;0.000000;0.000000;2.000000;103.764664;293.752197;1697.881592;0.119500;0.000000;0.000000;0.000000;0.000000;2.000000;135.730225;434.817078;1612.237793;0.142627;0.000000;0.000000;0.000000;0.000000;2.000000;-63.670914;-155.014297;1963.069580;0.023299;0.000000;0.000000;0.000000;0.000000;2.000000;156.373932;-146.205994;1679.771484;0.099066;0.000000;0.000000;0.000000;0.000000;2.000000;248.394821;186.480408;1645.188599;0.109461;0.000000;0.000000;0.000000;0.000000;2.000000;328.067261;297.207153;1572.315918;0.161158;0.000000;0.000000;0.000000;0.000000;2.000000;55.105167;-687.531799;1985.098022;0.109607;0.000000;0.000000;0.000000;0.000000;2.000000;75.160355;-761.856201;1863.187134;0.130840;0.000000;0.000000;0.000000;0.000000;2.000000;112.982849;-761.427673;1896.226196;0.137829;0.000000;0.000000;0.000000;0.000000;2.000000;148.760193;-689.959351;1977.165649;0.156286;0.000000;0.000000;0.000000;0.000000;2.000000;74.163902;-787.098755;1902.134521;0.136503;0.000000;0.000000;0.000000;0.000000;2.000000;31.847137;-775.605835;2011.212646;0.133586;0.000000;0.000000;0.000000;0.000000;2.000000;20440133632.000000
0.000000;-149.999985;2000.000000;0.000000;0.000000;0.000000;0.000000;0.000000;2.000000;-7.750648;-304.745697;2034.505981;0.057381;0.000000;0.000000;0.000000;0.000000;2.000000;-4.260300;-431.065948;2046.122803;0.097673;0.000000;0.000000;0.000000;0.000000;2.000000;36.079872;-617.046143;2012.986450;0.198461;0.000000;0.000000;0.000000;0.000000;2.000000;53.553040;-584.514526;2036.187378;0.185644;0.000000;0.000000;0.000000;0.000000;2.000000;156.919403;-527.379028;2083.394531;0.297379;0.000000;0.000000;0.000000;0.000000;2.000000;168.569260;-288.314026;2139.664063;0.249950;0.000000;0.000000;0.000000;0.000000;2.000000;200.864075;-386.126526;1960.845825;0.448071;0.000000;0.000000;0.000000;0.000000;2.000000;250.681915;-447.931671;1928.616821;0.547169;0.000000;0.000000;0.000000;0.000000;2.000000;298.073212;-502.048828;1864.832520;0.318529;0.000000;0.000000;0.000000;0.000000;2.000000;244.671204;-492.019135;1911.709717;0.526270;0.000000;0.000000;0.000000;0.000000;2.000000;4.360100;-588.594604;2002.295776;0.176103;0.000000;0.000000;0.000000;0.000000;2.000000;-87.291771;-566.666748;1932.937256;0.274008;0.000000;0.000000;0.000000;0.000000;2.000000;-52.315231;-321.971008;1892.147949;0.274312;0.000000;0.000000;0.000000;0.000000;2.000000;144.097794;-393.332184;1891.300049;0.794243;0.000000;0.000000;0.000000;0.000000;2.000000;219.000580;-446.659058;1898.765381;0.623971;0.000000;0.000000;0.000000;0.000000;2.000000;291.959320;-503.560547;1879.543213;0.466716;0.000000;0.000000;0.000000;0.000000;2.000000;223.708771;-466.320862;1908.474121;0.797481;0.000000;0.000000;0.000000;0.000000;2.000000;69.603027;-144.279984;2041.286255;0.032681;0.000000;0.000000;0.000000;0.000000;2.000000;129.708115;-40.396759;1705.918945;0.334810;0.000000;0.000000;0.000000;0.000000;2.000000;105.474701;299.137634;1702.678955;0.226205;0.000000;0.000000;0.000000;0.000000;2.000000;136.433029;439.067993;1617.563477;0.209056;0.000000;0.000000;0.000000;0.000000;2.000000;-62.764107;-155.157974;1962.770508;0.029468;0.000000;0.000000;0.000000;0.000000;2.000000;157.978058;-139.070084;1684.172729;0.260502;0.000000;0.000000;0.000000;0.000000;2.000000;249.678741;190.700684;1649.903320;0.197040;0.000000;0.000000;0.000000;0.000000;2.000000;327.694000;302.009460;1578.891846;0.248759;0.000000;0.000000;0.000000;0.000000;2.000000;57.414692;-682.981201;1991.081055;0.239983;0.000000;0.000000;0.000000;0.000000;2.000000;76.037254;-755.884766;1869.510742;0.266771;0.000000;0.000000;0.000000;0.000000;2.000000;114.179451;-754.992798;1901.518921;0.256878;0.000000;0.000000;0.000000;0.000000;2.000000;150.133820;-683.884155;1981.352905;0.229040;0.000000;0.000000;0.000000;0.000000;2.000000;76.217934;-781.078552;1908.037354;0.264827;0.000000;0.000000;0.000000;0.000000;2.000000;36.256260;-770.771118;2017.063110;0.267865;0.000000;0.000000;0.000000;0.000000;2.000000;20440166400.000000
0.000000;-150.000000;2000.000000;0.000000;0.000000;0.000000;0.000000;0.000000;2.000000;-9.430862;-304.550537;2034.508667;0.051621;0.000000;0.000000;0.000000;0.000000;2.000000;-7.475853;-430.802734;2046.362061;0.098729;0.000000;0.000000;0.000000;0.000000;2.000000;35.844971;-615.778259;2012.084106;0.048029;0.000000;0.000000;0.000000;0.000000;2.000000;52.649330;-583.198242;2035.657227;0.051342;0.000000;0.000000;0.000000;0.000000;2.000000;152.107880;-518.241760;2080.891602;0.324270;0.000000;0.000000;0.000000;0.000000;2.000000;169.455551;-283.115936;2150.129395;0.357628;0.000000;0.000000;0.000000;0.000000;2.000000;204.454926;-386.483124;1975.133545;0.449718;0.000000;0.000000;0.000000;0.000000;2.000000;249.130371;-445.559174;1932.175415;0.138845;0.000000;0.000000;0.000000;0.000000;2.000000;296.901917;-501.144104;1870.048462;0.165462;0.000000;0.000000;0.000000;0.000000;2.000000;239.673462;-488.680603;1914.772461;0.205860;0.000000;0.000000;0.000000;0.000000;2.000000;3.805260;-587.732788;2001.386597;0.041812;0.000000;0.000000;0.000000;0.000000;2.000000;-88.130608;-565.741699;1932.548340;0.039914;0.000000;0.000000;0.000000;0.000000;2.000000;-54.481750;-320.936005;1892.260498;0.073355;0.000000;0.000000;0.000000;0.000000;2.000000;144.436707;-384.387054;1896.992432;0.323736;0.000000;0.000000;0.000000;0.000000;2.000000;215.352631;-440.529938;1914.832031;0.536460;0.000000;0.000000;0.000000;0.000000;2.000000;289.283783;-498.602051;1905.833740;0.820541;0.000000;0.000000;0.000000;0.000000;2.000000;208.674164;-473.247833;1929.642334;0.820075;0.000000;0.000000;0.000000;0.000000;2.000000;69.661926;-145.054306;2041.187744;0.023889;0.000000;0.000000;0.000000;0.000000;2.000000;131.867493;-38.954437;1707.134888;0.087505;0.000000;0.000000;0.000000;0.000000;2.000000;107.513130;300.364380;1704.499023;0.091414;0.000000;0.000000;0.000000;0.000000;2.000000;138.931854;440.028992;1619.318604;0.097695;0.000000;0.000000;0.000000;0.000000;2.000000;-62.817223;-154.459747;1962.859131;0.021540;0.000000;0.000000;0.000000;0.000000;2.000000;159.107010;-134.929779;1685.706421;0.139077;0.000000;0.000000;0.000000;0.000000;2.000000;252.167053;194.335388;1652.398071;0.154488;0.000000;0.000000;0.000000;0.000000;2.000000;331.023499;304.630676;1580.941406;0.143650;0.000000;0.000000;0.000000;0.000000;2.000000;58.306355;-681.171692;1989.833740;0.072380;0.000000;0.000000;0.000000;0.000000;2.000000;78.582375;-757.007568;1870.445923;0.089562;0.000000;0.000000;0.000000;0.000000;2.000000;115.785294;-756.348267;1903.499756;0.088130;0.000000;0.000000;0.000000;0.000000;2.000000;151.157349;-684.488037;1982.820313;0.057625;0.000000;0.000000;0.000000;0.000000;2.000000;77.051666;-781.362427;1909.444946;0.050672;0.000000;0.000000;0.000000;0.000000;2.000000;34.293159;-767.809082;2016.966797;0.108484;0.000000;0.000000;0.000000;0.000000;2.000000;20440199168.000000
0.000000;-150.000015;2000.000000;0.000000;0.000000;0.000000;0.000000;0.000000;2.000000;-11.584671;-303.018646;2037.791504;0.121053;0.000000;0.000000;0.000000;0.000000;2.000000;-8.796318;-428.900513;2048.251221;0.085836;0.000000;0.000000;0.000000;0.000000;2.000000;33.862545;-613.252197;2013.855591;0.105334;0.000000;0.000000;0.000000;0.000000;2.000000;50.724548;-580.855225;2037.337769;0.099575;0.000000;0.000000;0.000000;0.000000;2.000000;150.275299;-515.519958;2080.435059;0.095153;0.000000;0.000000;0.000000;0.000000;2.000000;169.916641;-280.846130;2147.285400;0.105349;0.000000;0.000000;0.000000;0.000000;2.000000;210.112045;-377.315308;1970.388184;0.338109;0.000000;0.000000;0.000000;0.000000;2.000000;255.153961;-447.013641;1950.647095;0.559610;0.000000;0.000000;0.000000;0.000000;2.000000;293.055756;-498.498138;1879.406738;0.300381;0.000000;0.000000;0.000000;0.000000;2.000000;236.362823;-491.245758;1918.727783;0.165459;0.000000;0.000000;0.000000;0.000000;2.000000;1.989105;-585.227295;2003.283569;0.104253;0.000000;0.000000;0.000000;0.000000;2.000000;-89.067123;-561.308960;1934.663452;0.143612;0.000000;0.000000;0.000000;0.000000;2.000000;-57.392822;-317.080200;1895.109009;0.161091;0.000000;0.000000;0.000000;0.000000;2.000000;145.551147;-362.842377;1898.227051;0.620657;0.000000;0.000000;0.000000;0.000000;2.000000;210.525009;-422.377533;1924.104126;0.601656;0.000000;0.000000;0.000000;0.000000;2.000000;281.569763;-484.061035;1923.757568;0.698971;0.000000;0.000000;0.000000;0.000000;2.000000;203.277863;-451.871185;1934.251831;0.646943;0.000000;0.000000;0.000000;0.000000;2.000000;69.219467;-145.032349;2041.332764;0.013389;0.000000;0.000000;0.000000;0.000000;2.000000;130.440384;-35.143005;1709.753540;0.139003;0.000000;0.000000;0.000000;0.000000;2.000000;106.268204;302.890198;1705.349609;0.084490;0.000000;0.000000;0.000000;0.000000;2.000000;137.106445;442.279724;1620.728516;0.092564;0.000000;0.000000;0.000000;0.000000;2.000000;-62.418228;-154.479599;1962.728394;0.012073;0.000000;0.000000;0.000000;0.000000;2.000000;158.502655;-132.712143;1686.652100;0.071388;0.000000;0.000000;0.000000;0.000000;2.000000;250.580887;195.393372;1652.475586;0.054808;0.000000;0.000000;0.000000;0.000000;2.000000;328.559662;306.466614;1582.507813;0.099060;0.000000;0.000000;0.000000;0.000000;2.000000;56.044048;-678.432861;1991.588257;0.113799;0.000000;0.000000;0.000000;0.000000;2.000000;77.587914;-753.744751;1872.732422;0.117947;0.000000;0.000000;0.000000;0.000000;2.000000;114.275238;-753.157471;1906.081909;0.125622;0.000000;0.000000;0.000000;0.000000;2.000000;148.619675;-681.729858;1985.644165;0.134786;0.000000;0.000000;0.000000;0.000000;2.000000;75.620895;-778.086609;1911.515991;0.118660;0.000000;0.000000;0.000000;0.000000;2.000000;31.811062;-764.797668;2018.171143;0.117305;0.000000;0.000000;0.000000;0.000000;2.000000;20440233984.000000
0.000000;-150.000000;2000.000000;0.000000;0.000000;0.000000;0.000000;0.000000;2.000000;-11.611755;-302.794922;2036.616455;0.036513;0.000000;0.000000;0.000000;0.000000;2.000000;-9.608269;-428.262726;2047.480713;0.039316;0.000000;0.000000;0.000000;0.000000;2.000000;32.770508;-612.147156;2013.582764;0.048138;0.000000;0.000000;0.000000;0.000000;2.000000;49.576427;-579.829163;2036.964355;0.048353;0.000000;0.000000;0.000000;0.000000;2.000000;149.264008;-516.065002;2080.933594;0.038218;0.000000;0.000000;0.000000;0.000000;2.000000;185.574814;-280.871979;2134.969727;0.607947;0.000000;0.000000;0.000000;0.000000;2.000000;221.188049;-370.686737;1954.367188;0.627868;0.000000;0.000000;0.000000;0.000000;2.000000;257.740723;-447.367126;1950.475586;0.079847;0.000000;0.000000;0.000000;0.000000;2.000000;292.724945;-499.188782;1878.391724;0.038803;0.000000;0.000000;0.000000;0.000000;2.000000;235.568024;-492.438599;1917.575195;0.056131;0.000000;0.000000;0.000000;0.000000;2.000000;1.045403;-584.192383;2002.941284;0.044000;0.000000;0.000000;0.000000;0.000000;2.000000;-89.295265;-560.437744;1933.934204;0.035364;0.000000;0.000000;0.000000;0.000000;2.000000;-61.110420;-316.462433;1895.069214;0.115014;0.000000;0.000000;0.000000;0.000000;2.000000;143.897522;-347.970520;1895.415649;0.464640;0.000000;0.000000;0.000000;0.000000;2.000000;208.262604;-405.620026;1925.696167;0.518320;0.000000;0.000000;0.000000;0.000000;2.000000;273.562592;-472.746246;1930.921021;0.476166;0.000000;0.000000;0.000000;0.000000;2.000000;194.749634;-435.082642;1949.072876;0.731308;0.000000;0.000000;0.000000;0.000000;2.000000;68.904404;-145.314728;2041.401733;0.013082;0.000000;0.000000;0.000000;0.000000;2.000000;129.699722;-33.202332;1711.672119;0.086294;0.000000;0.000000;0.000000;0.000000;2.000000;106.085777;303.761078;1704.298706;0.042022;0.000000;0.000000;0.000000;0.000000;2.000000;136.212524;444.063995;1621.973389;0.071781;0.000000;0.000000;0.000000;0.000000;2.000000;-62.134132;-154.224915;1962.666260;0.011797;0.000000;0.000000;0.000000;0.000000;2.000000;158.522842;-131.159134;1687.899902;0.060800;0.000000;0.000000;0.000000;0.000000;2.000000;250.765503;195.655060;1652.481445;0.009775;0.000000;0.000000;0.000000;0.000000;2.000000;326.218994;309.439728;1585.188232;0.141513;0.000000;0.000000;0.000000;0.000000;2.000000;54.847946;-677.187927;1991.535034;0.052711;0.000000;0.000000;0.000000;0.000000;2.000000;76.926796;-753.899536;1874.212158;0.049685;0.000000;0.000000;0.000000;0.000000;2.000000;113.411072;-752.684143;1907.538330;0.053662;0.000000;0.000000;0.000000;0.000000;2.000000;147.162720;-680.194336;1985.892090;0.065039;0.000000;0.000000;0.000000;0.000000;2.000000;74.961128;-777.606812;1913.219971;0.057654;0.000000;0.000000;0.000000;0.000000;2.000000;30.960476;-762.983521;2019.227417;0.069123;0.000000;0.000000;0.000000;0.000000;2.000000;20440266752.000000
0.000000;-150.000015;2000.000000;0.000000;0.000000;0.000000;0.000000;0.000000;2.000000;-11.536613;-302.882965;2036.736816;0.005096;0.000000;0.000000;0.000000;0.000000;2.000000;-9.522514;-428.419769;2047.800903;0.011194;0.000000;0.000000;0.000000;0.000000;2.000000;32.904446;-612.545898;2014.538330;0.031862;0.000000;0.000000;0.000000;0.000000;2.000000;49.696022;-580.131348;2037.851318;0.028828;0.000000;0.000000;0.000000;0.000000;2.000000;149.600739;-516.712158;2082.074219;0.041320;0.000000;0.000000;0.000000;0.000000;2.000000;188.405228;-282.059143;2137.462891;0.120676;0.000000;0.000000;0.000000;0.000000;2.000000;223.142365;-371.535828;1956.363403;0.089105;0.000000;0.000000;0.000000;0.000000;2.000000;259.182007;-448.514801;1952.312378;0.079394;0.000000;0.000000;0.000000;0.000000;2.000000;293.592407;-499.498718;1879.274658;0.038940;0.000000;0.000000;0.000000;0.000000;2.000000;236.158493;-493.572784;1919.814087;0.078684;0.000000;0.000000;0.000000;0.000000;2.000000;1.175095;-584.602905;2003.756958;0.028147;0.000000;0.000000;0.000000;0.000000;2.000000;-89.321930;-561.241821;1934.686523;0.033614;0.000000;0.000000;0.000000;0.000000;2.000000;-62.160980;-317.114471;1894.967041;0.037862;0.000000;0.000000;0.000000;0.000000;2.000000;143.364807;-346.046478;1893.499634;0.084445;0.000000;0.000000;0.000000;0.000000;2.000000;210.187546;-401.502594;1922.723877;0.165734;0.000000;0.000000;0.000000;0.000000;2.000000;277.738037;-466.530273;1926.930420;0.258946;0.000000;0.000000;0.000000;0.000000;2.000000;198.555908;-430.127655;1950.108276;0.193279;0.000000;0.000000;0.000000;0.000000;2.000000;68.932449;-145.240601;2041.453857;0.002895;0.000000;0.000000;0.000000;0.000000;2.000000;130.554794;-32.719452;1711.757324;0.030081;0.000000;0.000000;0.000000;0.000000;2.000000;106.745430;304.472351;1704.865967;0.034294;0.000000;0.000000;0.000000;0.000000;2.000000;136.454620;444.782532;1622.174316;0.023938;0.000000;0.000000;0.000000;0.000000;2.000000;-62.159439;-154.291779;1962.619263;0.002611;0.000000;0.000000;0.000000;0.000000;2.000000;158.480194;-131.565079;1687.500122;0.017436;0.000000;0.000000;0.000000;0.000000;2.000000;250.555405;195.432556;1651.098389;0.043228;0.000000;0.000000;0.000000;0.000000;2.000000;326.024109;308.595642;1582.549927;0.084744;0.000000;0.000000;0.000000;0.000000;2.000000;55.016739;-677.706055;1992.717529;0.039734;0.000000;0.000000;0.000000;0.000000;2.000000;76.178406;-757.887817;1877.446289;0.158357;0.000000;0.000000;0.000000;0.000000;2.000000;112.793091;-756.023804;1910.649414;0.140560;0.000000;0.000000;0.000000;0.000000;2.000000;147.352051;-681.586914;1986.907104;0.052905;0.000000;0.000000;0.000000;0.000000;2.000000;74.143387;-780.496094;1917.133789;0.150544;0.000000;0.000000;0.000000;0.000000;2.000000;30.535965;-762.565186;2022.882080;0.113005;0.000000;0.000000;0.000000;0.000000;2.000000;20440299520.000000
0.000000;-150.000015;2000.000000;0.000000;0.000000;0.000000;0.000000;0.000000;2.000000;-11.143829;-302.622253;2036.838257;0.013851;0.000000;0.000000;0.000000;0.000000;2.000000;-8.769714;-427.939758;2047.974609;0.026125;0.000000;0.000000;0.000000;0.000000;2.000000;33.150578;-612.035034;2015.719482;0.037633;0.000000;0.000000;0.000000;0.000000;2.000000;50.085701;-579.548767;2038.695190;0.031508;0.000000;0.000000;0.000000;0.000000;2.000000;150.155853;-515.151611;2080.474365;0.066143;0.000000;0.000000;0.000000;0.000000;2.000000;189.906174;-277.417816;2117.130859;0.600557;0.000000;0.000000;0.000000;0.000000;2.000000;222.533386;-373.706116;1939.545166;0.487380;0.000000;0.000000;0.000000;0.000000;2.000000;255.055771;-450.956421;1953.404541;0.141238;0.000000;0.000000;0.000000;0.000000;2.000000;293.971252;-498.373108;1880.428955;0.047569;0.000000;0.000000;0.000000;0.000000;2.000000;237.272781;-499.658691;1927.709839;0.288117;0.000000;0.000000;0.000000;0.000000;2.000000;1.454254;-584.161987;2004.948120;0.037352;0.000000;0.000000;0.000000;0.000000;2.000000;-88.831573;-559.928040;1936.221802;0.059723;0.000000;0.000000;0.000000;0.000000;2.000000;-63.271454;-315.952209;1897.055786;0.075703;0.000000;0.000000;0.000000;0.000000;2.000000;142.358795;-340.256897;1888.993652;0.212692;0.000000;0.000000;0.000000;0.000000;2.000000;209.185989;-394.818298;1919.399658;0.216342;0.000000;0.000000;0.000000;0.000000;2.000000;278.023804;-458.174744;1924.685181;0.248640;0.000000;0.000000;0.000000;0.000000;2.000000;199.606110;-420.444519;1951.095581;0.281188;0.000000;0.000000;0.000000;0.000000;2.000000;68.758003;-145.012970;2041.461182;0.008240;0.000000;0.000000;0.000000;0.000000;2.000000;132.189972;-30.699066;1713.347656;0.087521;0.000000;0.000000;0.000000;0.000000;2.000000;107.230095;305.860046;1706.664063;0.066706;0.000000;0.000000;0.000000;0.000000;2.000000;135.840576;444.810059;1621.856201;0.019879;0.000000;0.000000;0.000000;0.000000;2.000000;-62.002121;-154.497070;1962.612549;0.007431;0.000000;0.000000;0.000000;0.000000;2.000000;159.219086;-131.402573;1688.734253;0.041578;0.000000;0.000000;0.000000;0.000000;2.000000;250.047607;195.330933;1652.061523;0.031409;0.000000;0.000000;0.000000;0.000000;2.000000;325.210785;308.614136;1583.929077;0.045991;0.000000;0.000000;0.000000;0.000000;2.000000;55.017563;-677.258850;1994.233765;0.045405;0.000000;0.000000;0.000000;0.000000;2.000000;75.942055;-753.230835;1876.382080;0.137376;0.000000;0.000000;0.000000;0.000000;2.000000;113.178200;-751.180115;1908.752563;0.149819;0.000000;0.000000;0.000000;0.000000;2.000000;147.119171;-678.053467;1986.276367;0.103310;0.000000;0.000000;0.000000;0.000000;2.000000;75.524368;-776.995056;1915.351685;0.119605;0.000000;0.000000;0.000000;0.000000;2.000000;33.907013;-763.546265;2022.352783;0.101981;0.000000;0.000000;0.000000;0.000000;2.000000;20440334336.000000
0.000000;-150.000000;2000.000000;0.000000;0.000000;0.000000;0.000000;0.000000;2.000000;-10.831696;-302.681000;2037.444580;0.020889;0.000000;0.000000;0.000000;0.000000;2.000000;-8.228004;-428.093201;2049.063477;0.037409;0.000000;0.000000;0.000000;0.000000;2.000000;33.412731;-612.409790;2016.424072;0.025635;0.000000;0.000000;0.000000;0.000000;2.000000;50.491745;-579.928467;2039.392212;0.027208;0.000000;0.000000;0.000000;0.000000;2.000000;150.629822;-516.480530;2082.858154;0.084535;0.000000;0.000000;0.000000;0.000000;2.000000;196.239655;-276.960388;2094.067139;0.730039;0.000000;0.000000;0.000000;0.000000;2.000000;230.891907;-381.634003;1921.410889;0.655644;0.000000;0.000000;0.000000;0.000000;2.000000;256.682770;-456.123840;1953.345947;0.165339;0.000000;0.000000;0.000000;0.000000;2.000000;297.072418;-498.847534;1878.165283;0.118062;0.000000;0.000000;0.000000;0.000000;2.000000;239.573608;-507.382385;1937.399780;0.384623;0.000000;0.000000;0.000000;0.000000;2.000000;1.669373;-584.459900;2005.791748;0.028082;0.000000;0.000000;0.000000;0.000000;2.000000;-88.909035;-560.101746;1937.272949;0.032599;0.000000;0.000000;0.000000;0.000000;2.000000;-58.714607;-316.223236;1899.025146;0.151721;0.000000;0.000000;0.000000;0.000000;2.000000;145.811462;-346.753510;1882.478760;0.299897;0.000000;0.000000;0.000000;0.000000;2.000000;213.344727;-401.596680;1911.075439;0.351329;0.000000;0.000000;0.000000;0.000000;2.000000;282.135956;-465.304993;1914.162476;0.407701;0.000000;0.000000;0.000000;0.000000;2.000000;201.687775;-425.121185;1954.349731;0.185114;0.000000;0.000000;0.000000;0.000000;2.000000;68.883911;-144.734924;2041.394653;0.009533;0.000000;0.000000;0.000000;0.000000;2.000000;133.661438;-31.816681;1712.630615;0.060487;0.000000;0.000000;0.000000;0.000000;2.000000;106.493286;304.979187;1707.308594;0.040189;0.000000;0.000000;0.000000;0.000000;2.000000;135.469894;444.035583;1622.434570;0.031593;0.000000;0.000000;0.000000;0.000000;2.000000;-62.115639;-154.747742;1962.672607;0.008595;0.000000;0.000000;0.000000;0.000000;2.000000;160.534576;-132.165649;1689.395508;0.050608;0.000000;0.000000;0.000000;0.000000;2.000000;249.890015;195.470825;1653.575806;0.046658;0.000000;0.000000;0.000000;0.000000;2.000000;325.303711;308.583252;1585.053101;0.034432;0.000000;0.000000;0.000000;0.000000;2.000000;55.149445;-677.709534;1994.763672;0.021607;0.000000;0.000000;0.000000;0.000000;2.000000;78.422852;-752.299561;1876.278320;0.080929;0.000000;0.000000;0.000000;0.000000;2.000000;114.864639;-751.077026;1909.664063;0.058587;0.000000;0.000000;0.000000;0.000000;2.000000;147.519226;-679.313965;1989.172241;0.097154;0.000000;0.000000;0.000000;0.000000;2.000000;76.762245;-776.633789;1914.922241;0.041478;0.000000;0.000000;0.000000;0.000000;2.000000;32.460220;-764.268005;2021.114380;0.062152;0.000000;0.000000;0.000000;0.000000;2.000000;20440367104.000000
0.000000;-150.000015;2000.000000;0.000000;0.000000;0.000000;0.000000;0.000000;2.000000;-12.068893;-302.476532;2038.768677;0.055653;0.000000;0.000000;0.000000;0.000000;2.000000;-10.307365;-428.010315;2051.052246;0.087845;0.000000;0.000000;0.000000;0.000000;2.000000;33.263538;-611.577271;2015.336304;0.042050;0.000000;0.000000;0.000000;0.000000;2.000000;50.171234;-579.193115;2038.675415;0.032830;0.000000;0.000000;0.000000;0.000000;2.000000;148.723358;-514.986938;2085.049316;0.099670;0.000000;0.000000;0.000000;0.000000;2.000000;193.431808;-274.748932;2089.853516;0.168619;0.000000;0.000000;0.000000;0.000000;2.000000;224.305283;-378.022217;1915.319824;0.295138;0.000000;0.000000;0.000000;0.000000;2.000000;253.396744;-451.839813;1946.269409;0.271638;0.000000;0.000000;0.000000;0.000000;2.000000;306.960632;-484.477234;1874.165283;0.546156;0.000000;0.000000;0.000000;0.000000;2.000000;247.664993;-500.988342;1931.060547;0.369427;0.000000;0.000000;0.000000;0.000000;2.000000;1.070534;-583.811707;2005.351929;0.030090;0.000000;0.000000;0.000000;0.000000;2.000000;-89.687317;-560.010864;1936.609985;0.031323;0.000000;0.000000;0.000000;0.000000;2.000000;-57.429611;-315.935638;1899.132080;0.040317;0.000000;0.000000;0.000000;0.000000;2.000000;146.459000;-349.685791;1878.084229;0.162431;0.000000;0.000000;0.000000;0.000000;2.000000;212.185806;-410.670929;1897.311035;0.504366;0.000000;0.000000;0.000000;0.000000;2.000000;282.013611;-472.278229;1909.673462;0.253116;0.000000;0.000000;0.000000;0.000000;2.000000;200.173157;-435.260254;1947.335815;0.379069;0.000000;0.000000;0.000000;0.000000;2.000000;69.148262;-144.998489;2041.197021;0.012890;0.000000;0.000000;0.000000;0.000000;2.000000;133.176514;-33.095215;1711.428833;0.055556;0.000000;0.000000;0.000000;0.000000;2.000000;106.513290;304.204346;1706.593750;0.032178;0.000000;0.000000;0.000000;0.000000;2.000000;135.322876;443.246948;1621.207520;0.044739;0.000000;0.000000;0.000000;0.000000;2.000000;-62.354019;-154.510132;1962.850708;0.011621;0.000000;0.000000;0.000000;0.000000;2.000000;160.802750;-132.960709;1689.289063;0.025812;0.000000;0.000000;0.000000;0.000000;2.000000;249.205338;195.430237;1653.632446;0.021003;0.000000;0.000000;0.000000;0.000000;2.000000;324.976013;308.390320;1584.797852;0.013977;0.000000;0.000000;0.000000;0.000000;2.000000;55.611588;-676.381958;1992.518555;0.080838;0.000000;0.000000;0.000000;0.000000;2.000000;80.335609;-752.912170;1875.342651;0.067618;0.000000;0.000000;0.000000;0.000000;2.000000;116.323029;-751.370605;1909.301636;0.046727;0.000000;0.000000;0.000000;0.000000;2.000000;148.170563;-678.507446;1988.347412;0.040429;0.000000;0.000000;0.000000;0.000000;2.000000;77.968132;-776.701416;1914.360107;0.040655;0.000000;0.000000;0.000000;0.000000;2.000000;32.067608;-762.552673;2019.818115;0.066699;0.000000;0.000000;0.000000;0.000000;2.000000;20440399872.000000
0.000000;-149.999985;2000.000000;0.000001;0.000000;0.000000;0.000000;0.000000;2.000000;-11.731934;-303.299286;2038.424316;0.029097;0.000000;0.000000;0.000000;0.000000;2.000000;-9.938995;-429.370941;2050.839111;0.043507;0.000000;0.000000;0.000000;0.000000;2.000000;34.151360;-613.554688;2014.444214;0.071533;0.000000;0.000000;0.000000;0.000000;2.000000;51.147133;-581.027832;2037.871582;0.067998;0.000000;0.000000;0.000000;0.000000;2.000000;155.454239;-523.401794;2081.735840;0.344042;0.000000;0.000000;0.000000;0.000000;2.000000;138.710312;-278.524231;2078.356934;1.710310;0.000000;0.000000;0.000000;0.000000;2.000000;181.980652;-363.244659;1895.607544;1.494528;0.000000;0.000000;0.000000;0.000000;2.000000;243.208496;-422.927155;1893.242798;1.869202;0.000000;0.000000;0.000000;0.000000;2.000000;311.652740;-487.006378;1872.696899;0.168728;0.000000;0.000000;0.000000;0.000000;2.000000;244.371887;-459.152252;1921.101807;1.316252;0.000000;0.000000;0.000000;0.000000;2.000000;1.702782;-585.735413;2004.605469;0.065861;0.000000;0.000000;0.000000;0.000000;2.000000;-87.570045;-561.007507;1933.431519;0.120453;0.000000;0.000000;0.000000;0.000000;2.000000;-54.807999;-315.654114;1897.561035;0.093666;0.000000;0.000000;0.000000;0.000000;2.000000;146.025604;-361.933411;1865.113892;0.544567;0.000000;0.000000;0.000000;0.000000;2.000000;217.112976;-419.171631;1877.463867;0.675845;0.000000;0.000000;0.000000;0.000000;2.000000;293.236389;-470.714111;1898.670288;0.482011;0.000000;0.000000;0.000000;0.000000;2.000000;215.875916;-442.991516;1919.461792;1.004446;0.000000;0.000000;0.000000;0.000000;2.000000;69.428879;-144.935303;2041.404785;0.010829;0.000000;0.000000;0.000000;0.000000;2.000000;130.570953;-33.439484;1709.302612;0.103167;0.000000;0.000000;0.000000;0.000000;2.000000;107.130020;305.593628;1706.098755;0.048785;0.000000;0.000000;0.000000;0.000000;2.000000;136.908752;443.741333;1618.227539;0.104117;0.000000;0.000000;0.000000;0.000000;2.000000;-62.607079;-154.567032;1962.663574;0.009761;0.000000;0.000000;0.000000;0.000000;2.000000;161.130768;-132.530411;1687.626709;0.053351;0.000000;0.000000;0.000000;0.000000;2.000000;250.225433;197.347900;1653.153076;0.067882;0.000000;0.000000;0.000000;0.000000;2.000000;328.555817;308.104614;1582.165527;0.135883;0.000000;0.000000;0.000000;0.000000;2.000000;56.669197;-678.540161;1991.312622;0.082061;0.000000;0.000000;0.000000;0.000000;2.000000;81.864662;-753.855103;1872.707520;0.097327;0.000000;0.000000;0.000000;0.000000;2.000000;118.158195;-752.208801;1906.650269;0.101675;0.000000;0.000000;0.000000;0.000000;2.000000;149.627686;-679.464233;1986.643921;0.074381;0.000000;0.000000;0.000000;0.000000;2.000000;79.983643;-778.182739;1911.653198;0.112477;0.000000;0.000000;0.000000;0.000000;2.000000;34.245129;-765.656372;2017.938232;0.129146;0.000000;0.000000;0.000000;0.000000;2.000000;20440432640.000000
0.000000;-150.000015;2000.000000;0.000001;0.000000;0.000000;0.000000;0.000000;2.000000;-11.736710;-303.130890;2038.537231;0.005825;0.000000;0.000000;0.000000;0.000000;2.000000;-10.126152;-429.047638;2051.437500;0.020261;0.000000;0.000000;0.000000;0.000000;2.000000;32.277313;-613.620483;2015.889893;0.068008;0.000000;0.000000;0.000000;0.000000;2.000000;49.401375;-581.246155;2039.366089;0.066304;0.000000;0.000000;0.000000;0.000000;2.000000;154.395157;-529.892639;2088.726318;0.275675;0.000000;0.000000;0.000000;0.000000;2.000000;138.237152;-286.215851;2111.411133;0.974857;0.000000;0.000000;0.000000;0.000000;2.000000;185.466431;-364.451050;1926.956543;0.906631;0.000000;0.000000;0.000000;0.000000;2.000000;238.378616;-420.225372;1889.627075;0.189874;0.000000;0.000000;0.000000;0.000000;2.000000;307.698486;-484.123779;1872.050659;0.141771;0.000000;0.000000;0.000000;0.000000;2.000000;250.015228;-455.648010;1884.939209;1.056056;0.000000;0.000000;0.000000;0.000000;2.000000;0.239784;-585.506348;2005.714355;0.053136;0.000000;0.000000;0.000000;0.000000;2.000000;-89.052704;-560.211792;1934.928711;0.064693;0.000000;0.000000;0.000000;0.000000;2.000000;-50.074196;-316.546234;1895.438843;0.151192;0.000000;0.000000;0.000000;0.000000;2.000000;146.792847;-374.292938;1858.517090;0.403000;0.000000;0.000000;0.000000;0.000000;2.000000;219.304825;-430.939178;1859.469604;0.620745;0.000000;0.000000;0.000000;0.000000;2.000000;296.099976;-474.812744;1892.081787;0.237559;0.000000;0.000000;0.000000;0.000000;2.000000;224.224197;-442.016174;1855.751099;1.845781;0.000000;0.000000;0.000000;0.000000;2.000000;69.273079;-144.860138;2041.521240;0.005990;0.000000;0.000000;0.000000;0.000000;2.000000;135.167206;-32.655975;1710.894287;0.141508;0.000000;0.000000;0.000000;0.000000;2.000000;109.663361;305.938843;1707.828247;0.088659;0.000000;0.000000;0.000000;0.000000;2.000000;135.673126;442.686218;1616.892212;0.060407;0.000000;0.000000;0.000000;0.000000;2.000000;-62.466583;-154.634872;1962.558472;0.005403;0.000000;0.000000;0.000000;0.000000;2.000000;161.446167;-132.835541;1688.036499;0.017246;0.000000;0.000000;0.000000;0.000000;2.000000;247.697327;197.411072;1652.781494;0.073416;0.000000;0.000000;0.000000;0.000000;2.000000;327.384705;307.127258;1581.970093;0.044170;0.000000;0.000000;0.000000;0.000000;2.000000;54.281857;-678.842224;1993.126587;0.086555;0.000000;0.000000;0.000000;0.000000;2.000000;80.476349;-761.577271;1879.952393;0.306735;0.000000;0.000000;0.000000;0.000000;2.000000;116.992805;-756.529053;1913.252441;0.229081;0.000000;0.000000;0.000000;0.000000;2.000000;147.102158;-677.521423;1987.486572;0.094666;0.000000;0.000000;0.000000;0.000000;2.000000;79.652260;-783.107544;1920.502563;0.291040;0.000000;0.000000;0.000000;0.000000;2.000000;34.609634;-764.366638;2026.059570;0.236420;0.000000;0.000000;0.000000;0.000000;2.000000;20440467456.000000
0.000000;-150.000015;2000.000000;0.000000;0.000000;0.000000;0.000000;0.000000;2.000000;-11.557144;-303.029449;2038.471436;0.006606;0.000000;0.000000;0.000000;0.000000;2.000000;-9.658234;-428.870575;2051.068359;0.018974;0.000000;0.000000;0.000000;0.000000;2.000000;33.057369;-613.104614;2014.980591;0.039807;0.000000;0.000000;0.000000;0.000000;2.000000;50.139908;-580.779907;2038.490601;0.037739;0.000000;0.000000;0.000000;0.000000;2.000000;155.489288;-530.216736;2087.646484;0.047945;0.000000;0.000000;0.000000;0.000000;2.000000;145.870209;-286.293335;2109.238525;0.242206;0.000000;0.000000;0.000000;0.000000;2.000000;189.401169;-366.071564;1924.719604;0.146713;0.000000;0.000000;0.000000;0.000000;2.000000;242.374695;-421.169586;1886.637573;0.155002;0.000000;0.000000;0.000000;0.000000;2.000000;311.847870;-484.564758;1868.281738;0.171596;0.000000;0.000000;0.000000;0.000000;2.000000;248.407715;-450.345123;1855.654053;0.909570;0.000000;0.000000;0.000000;0.000000;2.000000;0.963066;-585.058533;2004.948975;0.034922;0.000000;0.000000;0.000000;0.000000;2.000000;-88.609810;-560.131104;1934.542969;0.018092;0.000000;0.000000;0.000000;0.000000;2.000000;-49.569267;-316.774719;1894.483276;0.033711;0.000000;0.000000;0.000000;0.000000;2.000000;146.640076;-374.880859;1855.621704;0.090284;0.000000;0.000000;0.000000;0.000000;2.000000;219.110596;-431.459198;1854.626831;0.148757;0.000000;0.000000;0.000000;0.000000;2.000000;295.765137;-474.817505;1888.030273;0.124064;0.000000;0.000000;0.000000;0.000000;2.000000;222.990997;-442.286102;1848.590088;0.221906;0.000000;0.000000;0.000000;0.000000;2.000000;69.228897;-144.805054;2041.461182;0.002829;0.000000;0.000000;0.000000;0.000000;2.000000;134.730682;-33.253693;1710.842285;0.022643;0.000000;0.000000;0.000000;0.000000;2.000000;108.664009;305.024719;1707.816650;0.041334;0.000000;0.000000;0.000000;0.000000;2.000000;134.556793;441.981262;1617.407837;0.043256;0.000000;0.000000;0.000000;0.000000;2.000000;-62.426750;-154.684555;1962.612549;0.002550;0.000000;0.000000;0.000000;0.000000;2.000000;161.085983;-132.640030;1688.153076;0.013003;0.000000;0.000000;0.000000;0.000000;2.000000;246.949677;197.431213;1652.994629;0.023733;0.000000;0.000000;0.000000;0.000000;2.000000;326.949799;307.064941;1582.675537;0.025362;0.000000;0.000000;0.000000;0.000000;2.000000;55.146965;-678.163940;1992.021240;0.047575;0.000000;0.000000;0.000000;0.000000;2.000000;79.577156;-756.058228;1875.219727;0.223564;0.000000;0.000000;0.000000;0.000000;2.000000;116.475899;-752.602844;1908.240967;0.194924;0.000000;0.000000;0.000000;0.000000;2.000000;147.825897;-677.028625;1985.343750;0.070642;0.000000;0.000000;0.000000;0.000000;2.000000;79.118561;-779.273865;1914.792114;0.210530;0.000000;0.000000;0.000000;0.000000;2.000000;35.443958;-764.853271;2021.493530;0.142428;0.000000;0.000000;0.000000;0.000000;2.000000;20440500224.000000
0.000000;-149.999985;2000.000000;0.000001;0.000000;0.000000;0.000000;0.000000;2.000000;-7.233925;-302.766968;2034.703369;0.175197;0.000000;0.000000;0.000000;0.000000;2.000000;-6.012070;-427.164825;2050.276367;0.125201;0.000000;0.000000;0.000000;0.000000;2.000000;32.947140;-611.521423;2020.003418;0.160754;0.000000;0.000000;0.000000;0.000000;2.000000;50.511482;-579.097168;2042.287354;0.127244;0.000000;0.000000;0.000000;0.000000;2.000000;151.752411;-528.131470;2096.541504;0.301235;0.000000;0.000000;0.000000;0.000000;2.000000;142.026001;-285.663025;2107.622559;0.128705;0.000000;0.000000;0.000000;0.000000;2.000000;207.824631;-393.343567;1947.487427;1.221298;0.000000;0.000000;0.000000;0.000000;2.000000;277.667908;-427.846924;1980.597656;3.069816;0.000000;0.000000;0.000000;0.000000;2.000000;283.411316;-484.708252;1904.730591;1.410816;0.000000;0.000000;0.000000;0.000000;2.000000;304.023560;-445.225464;1913.553833;2.455047;0.000000;0.000000;0.000000;0.000000;2.000000;1.615082;-583.466797;2009.279053;0.142188;0.000000;0.000000;0.000000;0.000000;2.000000;-88.839279;-559.626770;1941.354370;0.208554;0.000000;0.000000;0.000000;0.000000;2.000000;-49.819839;-318.815643;1899.525146;0.166170;0.000000;0.000000;0.000000;0.000000;2.000000;138.429077;-393.726959;1859.807495;0.640227;0.000000;0.000000;0.000000;0.000000;2.000000;220.056656;-434.211060;1861.902832;0.239146;0.000000;0.000000;0.000000;0.000000;2.000000;293.551758;-480.191589;1896.557739;0.314934;0.000000;0.000000;0.000000;0.000000;2.000000;220.349304;-455.874329;1837.450439;0.542244;0.000000;0.000000;0.000000;0.000000;2.000000;69.744408;-144.419769;2039.102783;0.074604;0.000000;0.000000;0.000000;0.000000;2.000000;135.142853;-34.867554;1711.135010;0.051611;0.000000;0.000000;0.000000;0.000000;2.000000;105.499588;300.129883;1713.989746;0.259094;0.000000;0.000000;0.000000;0.000000;2.000000;133.136398;437.768799;1627.903076;0.347837;0.000000;0.000000;0.000000;0.000000;2.000000;-62.891617;-155.031906;1964.739380;0.067278;0.000000;0.000000;0.000000;0.000000;2.000000;159.313431;-132.381866;1693.285889;0.165906;0.000000;0.000000;0.000000;0.000000;2.000000;247.064789;194.464111;1662.080933;0.291723;0.000000;0.000000;0.000000;0.000000;2.000000;324.921326;303.519958;1591.360107;0.292879;0.000000;0.000000;0.000000;0.000000;2.000000;53.622452;-677.057495;1999.178223;0.225852;0.000000;0.000000;0.000000;0.000000;2.000000;76.644981;-753.141968;1882.416260;0.253300;0.000000;0.000000;0.000000;0.000000;2.000000;112.715790;-751.902222;1915.855469;0.260045;0.000000;0.000000;0.000000;0.000000;2.000000;145.559082;-679.806519;1994.225830;0.292311;0.000000;0.000000;0.000000;0.000000;2.000000;74.465614;-776.817932;1921.185913;0.252693;0.000000;0.000000;0.000000;0.000000;2.000000;29.862267;-762.570557;2026.411255;0.237469;0.000000;0.000000;0.000000;0.000000;2.000000;20440532992.000000
0.000000;-150.000000;2000.000000;0.000000;0.000000;0.000000;0.000000;0.000000;2.000000;-8.338684;-304.083588;2037.817993;0.108562;0.000000;0.000000;0.000000;0.000000;2.000000;-3.695343;-430.576019;2048.329590;0.139160;0.000000;0.000000;0.000000;0.000000;2.000000;34.361057;-617.315369;2015.771729;0.223167;0.000000;0.000000;0.000000;0.000000;2.000000;52.192604;-584.926941;2038.972656;0.210990;0.000000;0.000000;0.000000;0.000000;2.000000;156.236145;-538.198486;2095.519531;0.337758;0.000000;0.000000;0.000000;0.000000;2.000000;152.057541;-297.001984;2144.178223;1.207478;0.000000;0.000000;0.000000;0.000000;2.000000;213.494614;-394.562683;1972.804688;0.792634;0.000000;0.000000;0.000000;0.000000;2.000000;280.826935;-443.636200;1952.518921;0.987797;0.000000;0.000000;0.000000;0.000000;2.000000;308.103027;-483.563843;1869.325195;1.317756;0.000000;0.000000;0.000000;0.000000;2.000000;291.391907;-462.444489;1903.852661;0.715809;0.000000;0.000000;0.000000;0.000000;2.000000;3.025246;-588.454224;2004.889160;0.207282;0.000000;0.000000;0.000000;0.000000;2.000000;-87.878571;-565.246155;1934.792114;0.265281;0.000000;0.000000;0.000000;0.000000;2.000000;-53.010979;-321.513885;1887.327759;0.393476;0.000000;0.000000;0.000000;0.000000;2.000000;135.769287;-404.460724;1852.253296;0.408701;0.000000;0.000000;0.000000;0.000000;2.000000;217.697372;-446.575348;1858.506226;0.397876;0.000000;0.000000;0.000000;0.000000;2.000000;292.296173;-494.917297;1890.818848;0.483834;0.000000;0.000000;0.000000;0.000000;2.000000;219.582794;-467.232605;1831.466553;0.392486;0.000000;0.000000;0.000000;0.000000;2.000000;70.676796;-144.119431;2039.543457;0.032780;0.000000;0.000000;0.000000;0.000000;2.000000;135.942993;-39.901184;1704.911377;0.245494;0.000000;0.000000;0.000000;0.000000;2.000000;105.963882;299.488403;1706.332520;0.234926;0.000000;0.000000;0.000000;0.000000;2.000000;134.160110;438.562805;1618.605957;0.286467;0.000000;0.000000;0.000000;0.000000;2.000000;-63.732376;-155.302795;1964.341919;0.029560;0.000000;0.000000;0.000000;0.000000;2.000000;157.752029;-137.757263;1686.019897;0.279910;0.000000;0.000000;0.000000;0.000000;2.000000;246.690964;193.541748;1656.489624;0.173315;0.000000;0.000000;0.000000;0.000000;2.000000;327.233948;301.640381;1583.088623;0.268309;0.000000;0.000000;0.000000;0.000000;2.000000;54.927113;-683.637390;1994.087158;0.256994;0.000000;0.000000;0.000000;0.000000;2.000000;76.667206;-756.747742;1873.011108;0.307394;0.000000;0.000000;0.000000;0.000000;2.000000;113.920197;-756.024902;1906.120117;0.324728;0.000000;0.000000;0.000000;0.000000;2.000000;147.962097;-684.992615;1986.994629;0.281293;0.000000;0.000000;0.000000;0.000000;2.000000;75.629303;-781.947388;1911.568848;0.334517;0.000000;0.000000;0.000000;0.000000;2.000000;32.594746;-771.390320;2019.505737;0.351868;0.000000;0.000000;0.000000;0.000000;2.000000;20440565760.000000
0.000000;-150.000000;2000.000000;0.000000;0.000000;0.000000;0.000000;0.000000;2.000000;-6.814003;-304.199554;2034.137207;0.114481;0.000000;0.000000;0.000000;0.000000;2.000000;-2.664856;-429.988831;2045.585327;0.085868;0.000000;0.000000;0.000000;0.000000;2.000000;35.500759;-616.593628;2018.595703;0.089891;0.000000;0.000000;0.000000;0.000000;2.000000;52.827061;-583.829102;2041.234253;0.074471;0.000000;0.000000;0.000000;0.000000;2.000000;153.581207;-533.418884;2099.127686;0.188153;0.000000;0.000000;0.000000;0.000000;2.000000;146.463959;-291.904785;2138.827637;0.266203;0.000000;0.000000;0.000000;0.000000;2.000000;216.114014;-398.191895;1977.312622;0.182458;0.000000;0.000000;0.000000;0.000000;2.000000;283.289551;-444.330750;1952.043091;0.074752;0.000000;0.000000;0.000000;0.000000;2.000000;311.262604;-482.852173;1868.973999;0.093570;0.000000;0.000000;0.000000;0.000000;2.000000;285.222595;-471.009521;1901.339478;0.311657;0.000000;0.000000;0.000000;0.000000;2.000000;4.606178;-588.110840;2006.419189;0.063957;0.000000;0.000000;0.000000;0.000000;2.000000;-85.557686;-564.077576;1936.622681;0.091295;0.000000;0.000000;0.000000;0.000000;2.000000;-53.520729;-321.014557;1890.364258;0.089591;0.000000;0.000000;0.000000;0.000000;2.000000;132.322205;-408.381439;1856.590210;0.194939;0.000000;0.000000;0.000000;0.000000;2.000000;213.619019;-449.393494;1868.781006;0.327670;0.000000;0.000000;0.000000;0.000000;2.000000;289.885681;-494.706116;1900.194336;0.278111;0.000000;0.000000;0.000000;0.000000;2.000000;216.060394;-473.147644;1838.996338;0.293043;0.000000;0.000000;0.000000;0.000000;2.000000;69.332214;-143.977905;2041.041138;0.057952;0.000000;0.000000;0.000000;0.000000;2.000000;131.457504;-36.994873;1708.588379;0.186334;0.000000;0.000000;0.000000;0.000000;2.000000;105.134521;300.989105;1708.213623;0.073107;0.000000;0.000000;0.000000;0.000000;2.000000;135.569778;440.100677;1622.912720;0.137449;0.000000;0.000000;0.000000;0.000000;2.000000;-62.519890;-155.430389;1962.991333;0.052260;0.000000;0.000000;0.000000;0.000000;2.000000;159.713577;-136.354538;1687.659668;0.083760;0.000000;0.000000;0.000000;0.000000;2.000000;246.952179;193.599884;1658.056396;0.045653;0.000000;0.000000;0.000000;0.000000;2.000000;327.050140;302.240570;1586.597900;0.102395;0.000000;0.000000;0.000000;0.000000;2.000000;56.275646;-683.127991;1999.089111;0.149516;0.000000;0.000000;0.000000;0.000000;2.000000;77.238083;-763.636597;1883.540283;0.361772;0.000000;0.000000;0.000000;0.000000;2.000000;114.611145;-760.494995;1915.991333;0.311873;0.000000;0.000000;0.000000;0.000000;2.000000;148.780136;-684.394226;1991.217163;0.124726;0.000000;0.000000;0.000000;0.000000;2.000000;76.736618;-786.093628;1923.503174;0.364272;0.000000;0.000000;0.000000;0.000000;2.000000;34.874359;-768.685181;2030.378052;0.328394;0.000000;0.000000;0.000000;0.000000;2.000000;20440600576.000000
0.000000;-150.000015;2000.000000;0.000000;0.000000;0.000000;0.000000;0.000000;2.000000;-6.541374;-303.166748;2034.225708;0.032710;0.000000;0.000000;0.000000;0.000000;2.000000;-3.084343;-428.037170;2047.081787;0.076137;0.000000;0.000000;0.000000;0.000000;2.000000;35.540329;-613.049438;2018.472900;0.108232;0.000000;0.000000;0.000000;0.000000;2.000000;52.905399;-580.532349;2040.912354;0.101116;0.000000;0.000000;0.000000;0.000000;2.000000;152.822632;-528.648010;2097.184570;0.158904;0.000000;0.000000;0.000000;0.000000;2.000000;151.732330;-289.151733;2140.082520;0.185405;0.000000;0.000000;0.000000;0.000000;2.000000;212.635529;-399.141937;1979.161255;0.123662;0.000000;0.000000;0.000000;0.000000;2.000000;278.305756;-443.902802;1949.631592;0.169467;0.000000;0.000000;0.000000;0.000000;2.000000;314.381683;-469.017975;1865.257080;0.447402;0.000000;0.000000;0.000000;0.000000;2.000000;284.200378;-469.946777;1904.062134;0.094492;0.000000;0.000000;0.000000;0.000000;2.000000;4.487633;-584.858459;2007.032349;0.101068;0.000000;0.000000;0.000000;0.000000;2.000000;-86.545189;-562.052307;1939.206299;0.104618;0.000000;0.000000;0.000000;0.000000;2.000000;-57.449219;-319.880829;1894.850098;0.185232;0.000000;0.000000;0.000000;0.000000;2.000000;127.737289;-406.624512;1864.081299;0.273340;0.000000;0.000000;0.000000;0.000000;2.000000;207.988342;-447.749237;1878.290283;0.340971;0.000000;0.000000;0.000000;0.000000;2.000000;288.137634;-490.204895;1901.063110;0.149727;0.000000;0.000000;0.000000;0.000000;2.000000;214.583405;-473.434265;1854.369873;0.471404;0.000000;0.000000;0.000000;0.000000;2.000000;69.122536;-143.929047;2040.379761;0.021226;0.000000;0.000000;0.000000;0.000000;2.000000;130.660629;-29.844604;1712.597412;0.251346;0.000000;0.000000;0.000000;0.000000;2.000000;103.990707;305.958740;1714.033691;0.236149;0.000000;0.000000;0.000000;0.000000;2.000000;134.971802;441.991272;1626.042114;0.113059;0.000000;0.000000;0.000000;0.000000;2.000000;-62.330833;-155.474472;1963.587891;0.019145;0.000000;0.000000;0.000000;0.000000;2.000000;160.467682;-133.715485;1691.809326;0.151832;0.000000;0.000000;0.000000;0.000000;2.000000;246.999481;194.021545;1660.536133;0.076775;0.000000;0.000000;0.000000;0.000000;2.000000;326.191925;301.926025;1589.010376;0.078730;0.000000;0.000000;0.000000;0.000000;2.000000;56.280979;-678.909058;1998.343140;0.130749;0.000000;0.000000;0.000000;0.000000;2.000000;76.802170;-755.153564;1880.943604;0.271065;0.000000;0.000000;0.000000;0.000000;2.000000;113.305176;-754.613037;1914.048218;0.193200;0.000000;0.000000;0.000000;0.000000;2.000000;148.248993;-683.187866;1992.381226;0.053666;0.000000;0.000000;0.000000;0.000000;2.000000;74.639832;-778.940308;1919.732788;0.254931;0.000000;0.000000;0.000000;0.000000;2.000000;31.345146;-764.229248;2025.643311;0.225765;0.000000;0.000000;0.000000;0.000000;2.000000;20440633344.000000
0.000000;-150.000000;2000.000000;0.000000;0.000000;0.000000;0.000000;0.000000;2.000000;-6.246445;-303.474243;2033.117310;0.036239;0.000000;0.000000;0.000000;0.000000;2.000000;-3.652794;-428.315613;2046.825439;0.020841;0.000000;0.000000;0.000000;0.000000;2.000000;33.856506;-613.786133;2019.309692;0.061629;0.000000;0.000000;0.000000;0.000000;2.000000;51.569901;-581.172607;2041.360596;0.047223;0.000000;0.000000;0.000000;0.000000;2.000000;154.774231;-532.484375;2094.562988;0.153801;0.000000;0.000000;0.000000;0.000000;2.000000;163.475998;-295.882965;2150.972656;0.530179;0.000000;0.000000;0.000000;0.000000;2.000000;208.810364;-392.934479;1977.031860;0.231811;0.000000;0.000000;0.000000;0.000000;2.000000;270.046448;-444.915497;1949.813354;0.254002;0.000000;0.000000;0.000000;0.000000;2.000000;305.389771;-469.691833;1864.995239;0.275297;0.000000;0.000000;0.000000;0.000000;2.000000;275.685577;-469.910309;1903.690063;0.260101;0.000000;0.000000;0.000000;0.000000;2.000000;2.834686;-585.523926;2007.908325;0.060594;0.000000;0.000000;0.000000;0.000000;2.000000;-88.216545;-563.217407;1939.877441;0.065462;0.000000;0.000000;0.000000;0.000000;2.000000;-58.542900;-321.080017;1895.272705;0.051182;0.000000;0.000000;0.000000;0.000000;2.000000;127.969391;-407.835724;1873.378174;0.286203;0.000000;0.000000;0.000000;0.000000;2.000000;207.489777;-450.969788;1885.816040;0.250277;0.000000;0.000000;0.000000;0.000000;2.000000;294.352081;-484.348083;1895.378662;0.313061;0.000000;0.000000;0.000000;0.000000;2.000000;215.677704;-475.761292;1868.907104;0.450528;0.000000;0.000000;0.000000;0.000000;2.000000;69.282410;-144.147690;2040.188843;0.010113;0.000000;0.000000;0.000000;0.000000;2.000000;132.744110;-31.022583;1712.318848;0.073535;0.000000;0.000000;0.000000;0.000000;2.000000;104.715050;304.763489;1715.834473;0.069565;0.000000;0.000000;0.000000;0.000000;2.000000;133.497650;441.234558;1627.676025;0.071018;0.000000;0.000000;0.000000;0.000000;2.000000;-62.474998;-155.277298;1963.759888;0.009117;0.000000;0.000000;0.000000;0.000000;2.000000;160.569717;-134.451721;1691.963257;0.023164;0.000000;0.000000;0.000000;0.000000;2.000000;246.610260;193.709595;1662.654297;0.066409;0.000000;0.000000;0.000000;0.000000;2.000000;325.528320;302.557678;1592.158936;0.100072;0.000000;0.000000;0.000000;0.000000;2.000000;54.118847;-679.918884;1999.508301;0.081042;0.000000;0.000000;0.000000;0.000000;2.000000;75.914391;-755.559326;1881.893066;0.041556;0.000000;0.000000;0.000000;0.000000;2.000000;112.361824;-754.599976;1915.073120;0.042512;0.000000;0.000000;0.000000;0.000000;2.000000;146.177460;-682.890503;1993.692261;0.075364;0.000000;0.000000;0.000000;0.000000;2.000000;74.019966;-779.491455;1920.624146;0.037158;0.000000;0.000000;0.000000;0.000000;2.000000;30.329624;-765.685303;2026.534302;0.060616;0.000000;0.000000;0.000000;0.000000;2.000000;20440666112.000000
0.000000;-150.000000;2000.000000;0.000000;0.000000;0.000000;0.000000;0.000000;2.000000;-4.814774;-304.644379;2032.243164;0.058744;0.000000;0.000000;0.000000;0.000000;2.000000;-2.196518;-430.098907;2047.011719;0.066346;0.000000;0.000000;0.000000;0.000000;2.000000;36.930195;-616.427368;2019.807983;0.117278;0.000000;0.000000;0.000000;0.000000;2.000000;54.550594;-583.414307;2041.830811;0.107971;0.000000;0.000000;0.000000;0.000000;2.000000;157.490997;-531.457642;2094.181396;0.084136;0.000000;0.000000;0.000000;0.000000;2.000000;169.364655;-293.124969;2148.812012;0.196809;0.000000;0.000000;0.000000;0.000000;2.000000;205.860718;-392.514404;1972.728638;0.150333;0.000000;0.000000;0.000000;0.000000;2.000000;263.841431;-450.114807;1948.296143;0.236567;0.000000;0.000000;0.000000;0.000000;2.000000;303.293121;-471.407959;1863.722046;0.085985;0.000000;0.000000;0.000000;0.000000;2.000000;274.935547;-471.685699;1904.080322;0.056481;0.000000;0.000000;0.000000;0.000000;2.000000;5.469551;-588.286011;2008.344360;0.110355;0.000000;0.000000;0.000000;0.000000;2.000000;-85.821831;-566.191223;1939.423706;0.110438;0.000000;0.000000;0.000000;0.000000;2.000000;-48.242340;-323.361877;1896.544189;0.305222;0.000000;0.000000;0.000000;0.000000;2.000000;139.592285;-412.195099;1885.682129;0.502013;0.000000;0.000000;0.000000;0.000000;2.000000;219.917908;-456.170349;1892.741211;0.435088;0.000000;0.000000;0.000000;0.000000;2.000000;306.262390;-489.552246;1875.923950;0.672022;0.000000;0.000000;0.000000;0.000000;2.000000;224.455475;-480.420502;1886.846680;0.589045;0.000000;0.000000;0.000000;0.000000;2.000000;69.883774;-143.828690;2040.034302;0.020050;0.000000;0.000000;0.000000;0.000000;2.000000;138.333221;-35.143219;1709.468750;0.215592;0.000000;0.000000;0.000000;0.000000;2.000000;107.605347;302.359497;1714.006226;0.120070;0.000000;0.000000;0.000000;0.000000;2.000000;137.067551;441.189819;1627.983398;0.102924;0.000000;0.000000;0.000000;0.000000;2.000000;-63.017265;-155.564941;1963.899292;0.018080;0.000000;0.000000;0.000000;0.000000;2.000000;161.747192;-137.890442;1690.642212;0.111080;0.000000;0.000000;0.000000;0.000000;2.000000;249.547729;191.810913;1660.801758;0.113683;0.000000;0.000000;0.000000;0.000000;2.000000;328.660675;301.091064;1589.296631;0.128949;0.000000;0.000000;0.000000;0.000000;2.000000;57.779320;-682.842773;2000.039429;0.135423;0.000000;0.000000;0.000000;0.000000;2.000000;78.762543;-757.484985;1880.660156;0.104906;0.000000;0.000000;0.000000;0.000000;2.000000;115.829269;-756.610229;1913.581909;0.122830;0.000000;0.000000;0.000000;0.000000;2.000000;150.310944;-685.090820;1993.004150;0.135941;0.000000;0.000000;0.000000;0.000000;2.000000;77.518654;-781.986450;1919.373901;0.128543;0.000000;0.000000;0.000000;0.000000;2.000000;34.815010;-769.566956;2026.582397;0.170380;0.000000;0.000000;0.000000;0.000000;2.000000;20440700928.000000
0.000000;-149.999985;2000.000000;0.000000;0.000000;0.000000;0.000000;0.000000;2.000000;-5.841553;-303.929626;2034.152344;0.069658;0.000000;0.000000;0.000000;0.000000;2.000000;-2.948555;-429.251068;2048.188965;0.049869;0.000000;0.000000;0.000000;0.000000;2.000000;35.595078;-615.045105;2018.837280;0.065705;0.000000;0.000000;0.000000;0.000000;2.000000;53.318050;-582.380127;2041.153076;0.053279;0.000000;0.000000;0.000000;0.000000;2.000000;155.963516;-528.368774;2091.455078;0.134094;0.000000;0.000000;0.000000;0.000000;2.000000;166.836548;-291.426514;2150.355957;0.104207;0.000000;0.000000;0.000000;0.000000;2.000000;204.229462;-385.311218;1971.854004;0.226965;0.000000;0.000000;0.000000;0.000000;2.000000;258.824829;-445.340118;1946.003296;0.222634;0.000000;0.000000;0.000000;0.000000;2.000000;303.869141;-470.176208;1865.465088;0.067465;0.000000;0.000000;0.000000;0.000000;2.000000;269.127289;-469.923035;1906.789063;0.202845;0.000000;0.000000;0.000000;0.000000;2.000000;4.228706;-586.747009;2007.785156;0.062698;0.000000;0.000000;0.000000;0.000000;2.000000;-87.233101;-564.455688;1939.483032;0.068289;0.000000;0.000000;0.000000;0.000000;2.000000;-49.819923;-321.423279;1900.162964;0.134217;0.000000;0.000000;0.000000;0.000000;2.000000;139.395447;-407.050018;1896.531494;0.366490;0.000000;0.000000;0.000000;0.000000;2.000000;219.794891;-450.950134;1900.604858;0.288068;0.000000;0.000000;0.000000;0.000000;2.000000;303.926208;-486.891663;1879.313843;0.149592;0.000000;0.000000;0.000000;0.000000;2.000000;226.022461;-474.748962;1906.644043;0.630288;0.000000;0.000000;0.000000;0.000000;2.000000;70.298363;-144.003174;2039.052612;0.032954;0.000000;0.000000;0.000000;0.000000;2.000000;136.439392;-33.882507;1709.123779;0.070224;0.000000;0.000000;0.000000;0.000000;2.000000;106.394012;303.116699;1713.669067;0.044793;0.000000;0.000000;0.000000;0.000000;2.000000;135.362183;440.996216;1626.488037;0.069469;0.000000;0.000000;0.000000;0.000000;2.000000;-63.391121;-155.407593;1964.784546;0.029717;0.000000;0.000000;0.000000;0.000000;2.000000;159.378906;-136.188339;1690.761230;0.089078;0.000000;0.000000;0.000000;0.000000;2.000000;248.056763;192.597595;1659.949219;0.057651;0.000000;0.000000;0.000000;0.000000;2.000000;327.006958;301.687988;1588.515137;0.058716;0.000000;0.000000;0.000000;0.000000;2.000000;56.201363;-681.172913;1998.304077;0.087866;0.000000;0.000000;0.000000;0.000000;2.000000;77.712036;-755.547119;1879.133057;0.081836;0.000000;0.000000;0.000000;0.000000;2.000000;114.438110;-754.978516;1912.318604;0.075950;0.000000;0.000000;0.000000;0.000000;2.000000;148.620697;-683.974243;1992.068237;0.068100;0.000000;0.000000;0.000000;0.000000;2.000000;75.986900;-780.088013;1917.713013;0.090060;0.000000;0.000000;0.000000;0.000000;2.000000;32.513390;-767.669678;2024.402710;0.112742;0.000000;0.000000;0.000000;0.000000;2.000000;20440733696.000000
0.000000;-150.000015;2000.000000;0.000001;0.000000;0.000000;0.000000;0.000000;2.000000;-6.572250;-304.055206;2033.789185;0.025195;0.000000;0.000000;0.000000;0.000000;2.000000;-4.907547;-429.331360;2048.912109;0.063774;0.000000;0.000000;0.000000;0.000000;2.000000;34.116432;-615.178467;2019.952393;0.056665;0.000000;0.000000;0.000000;0.000000;2.000000;51.624283;-582.466919;2042.408203;0.064389;0.000000;0.000000;0.000000;0.000000;2.000000;153.720245;-527.424194;2092.857422;0.085727;0.000000;0.000000;0.000000;0.000000;2.000000;167.668365;-290.851013;2153.049805;0.087814;0.000000;0.000000;0.000000;0.000000;2.000000;204.229584;-381.597168;1972.653198;0.115938;0.000000;0.000000;0.000000;0.000000;2.000000;256.464417;-442.453064;1943.892456;0.130772;0.000000;0.000000;0.000000;0.000000;2.000000;300.924133;-470.974060;1864.202026;0.100777;0.000000;0.000000;0.000000;0.000000;2.000000;265.917664;-471.136047;1914.248779;0.250580;0.000000;0.000000;0.000000;0.000000;2.000000;2.793709;-586.910034;2008.624146;0.050972;0.000000;0.000000;0.000000;0.000000;2.000000;-89.725014;-565.858643;1941.266846;0.102858;0.000000;0.000000;0.000000;0.000000;2.000000;-44.954491;-323.290985;1906.273193;0.245084;0.000000;0.000000;0.000000;0.000000;2.000000;148.663940;-398.711212;1909.629761;0.551858;0.000000;0.000000;0.000000;0.000000;2.000000;227.812256;-445.011688;1912.365601;0.470662;0.000000;0.000000;0.000000;0.000000;2.000000;307.168915;-489.205139;1888.265625;0.299013;0.000000;0.000000;0.000000;0.000000;2.000000;233.239349;-466.705170;1917.168701;0.460355;0.000000;0.000000;0.000000;0.000000;2.000000;69.993736;-144.275925;2039.712280;0.023685;0.000000;0.000000;0.000000;0.000000;2.000000;136.605682;-34.399261;1709.620850;0.022462;0.000000;0.000000;0.000000;0.000000;2.000000;105.879303;302.681702;1715.119141;0.048798;0.000000;0.000000;0.000000;0.000000;2.000000;135.530243;440.120544;1627.328125;0.037386;0.000000;0.000000;0.000000;0.000000;2.000000;-63.116447;-155.161682;1964.189697;0.021357;0.000000;0.000000;0.000000;0.000000;2.000000;162.467606;-137.131989;1692.183594;0.107696;0.000000;0.000000;0.000000;0.000000;2.000000;248.066589;192.805054;1663.270386;0.101552;0.000000;0.000000;0.000000;0.000000;2.000000;327.184601;300.846802;1590.294434;0.060306;0.000000;0.000000;0.000000;0.000000;2.000000;54.979633;-681.321533;1999.610962;0.054784;0.000000;0.000000;0.000000;0.000000;2.000000;77.735535;-756.166016;1880.887939;0.056792;0.000000;0.000000;0.000000;0.000000;2.000000;114.166962;-755.401367;1914.426514;0.066130;0.000000;0.000000;0.000000;0.000000;2.000000;147.500458;-683.988403;1994.243774;0.074678;0.000000;0.000000;0.000000;0.000000;2.000000;75.692123;-780.567627;1919.565796;0.059095;0.000000;0.000000;0.000000;0.000000;2.000000;31.185776;-767.794983;2025.845337;0.059953;0.000000;0.000000;0.000000;0.000000;2.000000;20440766464.000000
0.000000;-150.000000;2000.000000;0.000000;0.000000;0.000000;0.000000;0.000000;2.000000;-6.738068;-303.856598;2033.858154;0.008172;0.000000;0.000000;0.000000;0.000000;2.000000;-5.927902;-428.875305;2050.000488;0.047608;0.000000;0.000000;0.000000;0.000000;2.000000;34.234764;-613.937988;2019.030884;0.047297;0.000000;0.000000;0.000000;0.000000;2.000000;51.804852;-581.268311;2041.407715;0.047965;0.000000;0.000000;0.000000;0.000000;2.000000;155.695129;-525.841370;2087.214355;0.188740;0.000000;0.000000;0.000000;0.000000;2.000000;175.732971;-289.651428;2146.096436;0.327017;0.000000;0.000000;0.000000;0.000000;2.000000;196.820587;-378.647186;1962.635498;0.390756;0.000000;0.000000;0.000000;0.000000;2.000000;253.124237;-439.256470;1942.643188;0.146152;0.000000;0.000000;0.000000;0.000000;2.000000;302.506439;-468.962036;1866.487061;0.104713;0.000000;0.000000;0.000000;0.000000;2.000000;265.978851;-469.409302;1915.959595;0.074204;0.000000;0.000000;0.000000;0.000000;2.000000;2.504959;-585.906128;2008.456055;0.032289;0.000000;0.000000;0.000000;0.000000;2.000000;-90.342064;-563.713379;1942.143799;0.073191;0.000000;0.000000;0.000000;0.000000;2.000000;-44.855019;-321.717377;1906.064941;0.048536;0.000000;0.000000;0.000000;0.000000;2.000000;148.781815;-396.283966;1912.236084;0.108749;0.000000;0.000000;0.000000;0.000000;2.000000;227.708588;-442.724884;1915.574829;0.120300;0.000000;0.000000;0.000000;0.000000;2.000000;307.194885;-486.789063;1892.071777;0.137583;0.000000;0.000000;0.000000;0.000000;2.000000;233.570862;-464.218719;1921.985107;0.165725;0.000000;0.000000;0.000000;0.000000;2.000000;70.367264;-144.521255;2038.900024;0.028292;0.000000;0.000000;0.000000;0.000000;2.000000;135.739090;-31.274170;1710.116211;0.100117;0.000000;0.000000;0.000000;0.000000;2.000000;105.724281;305.514404;1714.684082;0.087589;0.000000;0.000000;0.000000;0.000000;2.000000;134.755157;444.000427;1628.690674;0.127704;0.000000;0.000000;0.000000;0.000000;2.000000;-63.453270;-154.940414;1964.922241;0.025515;0.000000;0.000000;0.000000;0.000000;2.000000;160.709808;-134.477524;1692.415283;0.097416;0.000000;0.000000;0.000000;0.000000;2.000000;247.058685;194.551086;1659.999512;0.117257;0.000000;0.000000;0.000000;0.000000;2.000000;326.726135;303.328247;1589.089966;0.085332;0.000000;0.000000;0.000000;0.000000;2.000000;55.324547;-679.664551;1997.869385;0.074112;0.000000;0.000000;0.000000;0.000000;2.000000;77.479736;-754.802612;1879.403931;0.061993;0.000000;0.000000;0.000000;0.000000;2.000000;113.779289;-754.460022;1913.012695;0.053168;0.000000;0.000000;0.000000;0.000000;2.000000;147.720001;-683.473999;1992.783203;0.047729;0.000000;0.000000;0.000000;0.000000;2.000000;75.023849;-779.117981;1918.053101;0.067113;0.000000;0.000000;0.000000;0.000000;2.000000;30.414452;-765.721436;2024.074585;0.086479;0.000000;0.000000;0.000000;0.000000;2.000000;20440799232.000000
0.000000;-150.000000;2000.000000;0.000000;0.000000;0.000000;0.000000;0.000000;2.000000;-6.496109;-303.641632;2034.192749;0.013371;0.000000;0.000000;0.000000;0.000000;2.000000;-5.266655;-428.570618;2050.080078;0.021036;0.000000;0.000000;0.000000;0.000000;2.000000;34.058891;-613.911133;2020.859619;0.052774;0.000000;0.000000;0.000000;0.000000;2.000000;51.844894;-581.101379;2042.777832;0.039661;0.000000;0.000000;0.000000;0.000000;2.000000;156.557968;-527.132202;2088.123047;0.051672;0.000000;0.000000;0.000000;0.000000;2.000000;177.266800;-291.037994;2146.203613;0.059468;0.000000;0.000000;0.000000;0.000000;2.000000;194.822098;-379.000427;1962.087891;0.060376;0.000000;0.000000;0.000000;0.000000;2.000000;252.784576;-438.820984;1945.011963;0.069862;0.000000;0.000000;0.000000;0.000000;2.000000;303.422913;-469.736603;1870.287964;0.114482;0.000000;0.000000;0.000000;0.000000;2.000000;266.494965;-469.843689;1919.905762;0.114988;0.000000;0.000000;0.000000;0.000000;2.000000;2.397621;-585.907654;2010.173340;0.049421;0.000000;0.000000;0.000000;0.000000;2.000000;-90.673004;-566.439880;1943.510254;0.088111;0.000000;0.000000;0.000000;0.000000;2.000000;-45.039207;-324.541656;1908.585693;0.108860;0.000000;0.000000;0.000000;0.000000;2.000000;152.000443;-388.695679;1917.099487;0.274888;0.000000;0.000000;0.000000;0.000000;2.000000;227.130875;-440.905396;1920.444092;0.150221;0.000000;0.000000;0.000000;0.000000;2.000000;305.194824;-487.560120;1897.531738;0.168476;0.000000;0.000000;0.000000;0.000000;2.000000;230.286209;-466.978271;1930.356201;0.270173;0.000000;0.000000;0.000000;0.000000;2.000000;70.482460;-144.408112;2038.517334;0.011930;0.000000;0.000000;0.000000;0.000000;2.000000;135.981583;-31.905243;1709.859741;0.020768;0.000000;0.000000;0.000000;0.000000;2.000000;105.850433;304.543793;1715.194580;0.031707;0.000000;0.000000;0.000000;0.000000;2.000000;135.182281;442.383636;1628.565918;0.048165;0.000000;0.000000;0.000000;0.000000;2.000000;-63.557144;-155.042450;1965.267334;0.010758;0.000000;0.000000;0.000000;0.000000;2.000000;161.317398;-135.064301;1693.741455;0.045161;0.000000;0.000000;0.000000;0.000000;2.000000;247.166489;193.947113;1663.251709;0.095059;0.000000;0.000000;0.000000;0.000000;2.000000;326.183685;302.791229;1592.024170;0.087082;0.000000;0.000000;0.000000;0.000000;2.000000;54.789711;-679.866089;2000.292847;0.071517;0.000000;0.000000;0.000000;0.000000;2.000000;78.349808;-755.162598;1882.359619;0.089098;0.000000;0.000000;0.000000;0.000000;2.000000;114.530022;-754.093628;1916.013672;0.089473;0.000000;0.000000;0.000000;0.000000;2.000000;147.157730;-682.266846;1995.431274;0.085135;0.000000;0.000000;0.000000;0.000000;2.000000;76.185532;-779.300293;1921.086792;0.093452;0.000000;0.000000;0.000000;0.000000;2.000000;31.177662;-766.087952;2026.844238;0.083185;0.000000;0.000000;0.000000;0.000000;2.000000;20440834048.000000
0.000000;-149.999985;2000.000000;0.000000;0.000000;0.000000;0.000000;0.000000;2.000000;-6.372925;-303.202057;2034.464478;0.016213;0.000000;0.000000;0.000000;0.000000;2.000000;-4.860313;-427.844299;2050.208984;0.025701;0.000000;0.000000;0.000000;0.000000;2.000000;33.416431;-613.130127;2022.262695;0.052782;0.000000;0.000000;0.000000;0.000000;2.000000;51.413227;-580.312622;2043.790894;0.041337;0.000000;0.000000;0.000000;0.000000;2.000000;156.685791;-525.964172;2086.475586;0.061754;0.000000;0.000000;0.000000;0.000000;2.000000;180.908722;-290.926361;2145.045654;0.116675;0.000000;0.000000;0.000000;0.000000;2.000000;196.307892;-379.475159;1961.559937;0.050254;0.000000;0.000000;0.000000;0.000000;2.000000;254.079895;-439.321533;1944.940186;0.042435;0.000000;0.000000;0.000000;0.000000;2.000000;303.571564;-470.914032;1870.020264;0.037127;0.000000;0.000000;0.000000;0.000000;1.000000;267.699982;-470.320099;1919.466064;0.041759;0.000000;0.000000;0.000000;0.000000;2.000000;1.899109;-585.135742;2011.549438;0.050497;0.000000;0.000000;0.000000;0.000000;2.000000;-91.009834;-565.060547;1945.322510;0.070259;0.000000;0.000000;0.000000;0.000000;2.000000;-46.476906;-323.734375;1909.239746;0.054133;0.000000;0.000000;0.000000;0.000000;2.000000;149.229004;-390.185303;1918.837769;0.109700;0.000000;0.000000;0.000000;0.000000;2.000000;228.769043;-434.418640;1926.494385;0.275281;0.000000;0.000000;0.000000;0.000000;2.000000;305.590576;-484.574249;1908.144043;0.336653;0.000000;0.000000;0.000000;0.000000;2.000000;227.942017;-465.081757;1937.246216;0.229520;0.000000;0.000000;0.000000;0.000000;2.000000;70.359612;-144.304810;2038.326782;0.007603;0.000000;0.000000;0.000000;0.000000;2.000000;135.382233;-29.943939;1711.121582;0.073484;0.000000;0.000000;0.000000;0.000000;2.000000;104.813400;305.672241;1715.573730;0.048181;0.000000;0.000000;0.000000;0.000000;2.000000;135.156219;442.335693;1628.182617;0.011815;0.000000;0.000000;0.000000;0.000000;2.000000;-63.446358;-155.135590;1965.439087;0.006854;0.000000;0.000000;0.000000;0.000000;2.000000;161.135513;-134.428574;1694.817139;0.038534;0.000000;0.000000;0.000000;0.000000;2.000000;246.412048;193.909424;1664.535156;0.045448;0.000000;0.000000;0.000000;0.000000;2.000000;325.692719;302.393677;1593.825195;0.058246;0.000000;0.000000;0.000000;0.000000;2.000000;53.706554;-679.171875;2002.140137;0.068699;0.000000;0.000000;0.000000;0.000000;2.000000;79.145508;-754.827087;1885.236450;0.091664;0.000000;0.000000;0.000000;0.000000;2.000000;115.360184;-752.129333;1918.588623;0.102031;0.000000;0.000000;0.000000;0.000000;2.000000;145.855865;-678.469482;1996.790649;0.129341;0.000000;0.000000;0.000000;0.000000;2.000000;78.018913;-778.508667;1924.161011;0.111874;0.000000;0.000000;0.000000;0.000000;2.000000;33.254787;-765.625244;2029.761963;0.110209;0.000000;0.000000;0.000000;0.000000;2.000000;20440866816.000000
0.000000;-150.000015;2000.000000;0.000001;0.000000;0.000000;0.000000;0.000000;2.000000;-6.182869;-302.858704;2034.076050;0.016851;0.000000;0.000000;0.000000;0.000000;2.000000;-5.027763;-427.094482;2050.333252;0.023751;0.000000;0.000000;0.000000;0.000000;2.000000;32.612061;-612.155518;2023.611938;0.056415;0.000000;0.000000;0.000000;0.000000;2.000000;50.772793;-579.296448;2044.699341;0.045960;0.000000;0.000000;0.000000;0.000000;2.000000;155.805817;-523.363525;2084.843262;0.097476;0.000000;0.000000;0.000000;0.000000;2.000000;185.317276;-289.564545;2143.198975;0.151670;0.000000;0.000000;0.000000;0.000000;2.000000;192.786957;-373.219696;1957.552856;0.250884;0.000000;0.000000;0.000000;0.000000;2.000000;249.499603;-435.805847;1952.757202;0.296578;0.000000;0.000000;0.000000;0.000000;2.000000;295.050171;-461.973389;1873.689453;0.393206;0.000000;0.000000;0.000000;0.000000;2.000000;268.130249;-464.014313;1920.934326;0.198021;0.000000;0.000000;0.000000;0.000000;2.000000;1.154282;-584.262146;2012.939575;0.055020;0.000000;0.000000;0.000000;0.000000;2.000000;-91.111900;-562.608521;1946.861572;0.088404;0.000000;0.000000;0.000000;0.000000;2.000000;-48.113907;-322.150085;1907.869873;0.081123;0.000000;0.000000;0.000000;0.000000;2.000000;149.514893;-381.438934;1909.852417;0.382770;0.000000;0.000000;0.000000;0.000000;2.000000;224.267029;-428.728088;1931.587158;0.270536;0.000000;0.000000;0.000000;0.000000;2.000000;305.271423;-474.855774;1927.480347;0.660509;0.000000;0.000000;0.000000;0.000000;2.000000;229.074036;-446.490326;1931.991943;0.590600;0.000000;0.000000;0.000000;0.000000;2.000000;70.301544;-144.375702;2037.985229;0.010792;0.000000;0.000000;0.000000;0.000000;2.000000;135.410889;-27.281342;1712.802246;0.096093;0.000000;0.000000;0.000000;0.000000;2.000000;104.985146;307.445801;1715.591797;0.054381;0.000000;0.000000;0.000000;0.000000;2.000000;134.135742;444.091736;1628.614380;0.063367;0.000000;0.000000;0.000000;0.000000;2.000000;-63.393990;-155.071686;1965.746948;0.009728;0.000000;0.000000;0.000000;0.000000;2.000000;159.968384;-130.733627;1695.663208;0.121038;0.000000;0.000000;0.000000;0.000000;2.000000;246.103119;196.285889;1663.974365;0.075110;0.000000;0.000000;0.000000;0.000000;2.000000;324.438080;305.416504;1594.094971;0.100218;0.000000;0.000000;0.000000;0.000000;2.000000;52.583881;-678.207275;2003.906494;0.070329;0.000000;0.000000;0.000000;0.000000;2.000000;77.347038;-759.655151;1891.293945;0.242683;0.000000;0.000000;0.000000;0.000000;2.000000;113.781555;-754.907349;1923.973267;0.191080;0.000000;0.000000;0.000000;0.000000;2.000000;144.414490;-677.121643;1997.557495;0.064610;0.000000;0.000000;0.000000;0.000000;2.000000;76.810112;-781.148926;1931.339600;0.236318;0.000000;0.000000;0.000000;0.000000;2.000000;33.154640;-762.959229;2036.279419;0.214916;0.000000;0.000000;0.000000;0.000000;2.000000;20440899584.000000
0.000000;-149.999985;2000.000000;0.000001;0.000000;0.000000;0.000000;0.000000;2.000000;-7.224533;-302.753937;2033.488892;0.036631;0.000000;0.000000;0.000000;0.000000;2.000000;-7.347198;-426.858307;2049.655762;0.074093;0.000000;0.000000;0.000000;0.000000;2.000000;31.137341;-611.356628;2021.867310;0.073855;0.000000;0.000000;0.000000;0.000000;2.000000;49.166706;-578.554138;2043.052124;0.073773;0.000000;0.000000;0.000000;0.000000;2.000000;153.131439;-522.285889;2085.005859;0.088132;0.000000;0.000000;0.000000;0.000000;2.000000;183.695740;-289.453491;2145.459961;0.084978;0.000000;0.000000;0.000000;0.000000;2.000000;193.659958;-373.990845;1960.594971;0.099411;0.000000;0.000000;0.000000;0.000000;2.000000;252.511536;-434.035339;1952.187622;0.108029;0.000000;0.000000;0.000000;0.000000;2.000000;271.678497;-504.752563;1892.006104;1.589199;0.000000;0.000000;0.000000;0.000000;1.000000;263.924744;-461.112854;1918.059082;0.178917;0.000000;0.000000;0.000000;0.000000;2.000000;-0.460403;-583.605103;2011.448730;0.070001;0.000000;0.000000;0.000000;0.000000;2.000000;-93.813660;-563.728149;1946.588013;0.089640;0.000000;0.000000;0.000000;0.000000;2.000000;-52.160988;-323.469513;1906.757080;0.134271;0.000000;0.000000;0.000000;0.000000;2.000000;147.114517;-375.979187;1903.896240;0.257230;0.000000;0.000000;0.000000;0.000000;2.000000;219.423996;-423.832855;1931.435547;0.210198;0.000000;0.000000;0.000000;0.000000;2.000000;301.904144;-467.082092;1934.958252;0.344846;0.000000;0.000000;0.000000;0.000000;2.000000;220.789963;-449.704010;1939.418213;0.353402;0.000000;0.000000;0.000000;0.000000;2.000000;70.848251;-145.266251;2036.876221;0.046502;0.000000;0.000000;0.000000;0.000000;2.000000;133.029419;-27.589508;1711.777100;0.079681;0.000000;0.000000;0.000000;0.000000;2.000000;103.663193;306.833130;1714.841675;0.050012;0.000000;0.000000;0.000000;0.000000;2.000000;131.989288;444.178162;1629.067139;0.066998;0.000000;0.000000;0.000000;0.000000;2.000000;-63.887009;-154.268616;1966.747070;0.041935;0.000000;0.000000;0.000000;0.000000;2.000000;156.613678;-128.162170;1695.018921;0.130484;0.000000;0.000000;0.000000;0.000000;2.000000;245.950394;197.681335;1664.374512;0.044546;0.000000;0.000000;0.000000;0.000000;2.000000;323.009155;307.256409;1594.158081;0.071120;0.000000;0.000000;0.000000;0.000000;2.000000;51.372814;-677.119019;2001.773926;0.081881;0.000000;0.000000;0.000000;0.000000;2.000000;76.455688;-759.904297;1890.422363;0.038797;0.000000;0.000000;0.000000;0.000000;2.000000;111.618706;-757.080139;1924.596191;0.095472;0.000000;0.000000;0.000000;0.000000;2.000000;143.206635;-681.020264;1999.373169;0.136325;0.000000;0.000000;0.000000;0.000000;2.000000;73.042122;-781.236633;1930.351685;0.118907;0.000000;0.000000;0.000000;0.000000;2.000000;26.035740;-760.533875;2033.209351;0.247900;0.000000;0.000000;0.000000;0.000000;2.000000;20440932352.000000
0.000000;-150.000000;2000.000000;0.000000;0.000000;0.000000;0.000000;0.000000;2.000000;-7.683243;-303.024994;2033.710449;0.016574;0.000000;0.000000;0.000000;0.000000;2.000000;-8.184341;-427.334229;2050.356445;0.034206;0.000000;0.000000;0.000000;0.000000;2.000000;31.136787;-611.880615;2021.299438;0.022193;0.000000;0.000000;0.000000;0.000000;2.000000;49.079506;-579.070190;2042.730469;0.017644;0.000000;0.000000;0.000000;0.000000;2.000000;153.196579;-522.690979;2084.957031;0.011868;0.000000;0.000000;0.000000;0.000000;2.000000;186.006592;-289.302246;2144.151367;0.076400;0.000000;0.000000;0.000000;0.000000;2.000000;188.983185;-369.159180;1956.503540;0.226082;0.000000;0.000000;0.000000;0.000000;2.000000;249.194061;-428.653595;1954.253174;0.191032;0.000000;0.000000;0.000000;0.000000;2.000000;284.801697;-486.660950;1887.952881;0.652419;0.000000;0.000000;0.000000;0.000000;1.000000;263.841827;-459.116089;1919.409424;0.069276;0.000000;0.000000;0.000000;0.000000;2.000000;-0.649940;-584.135742;2011.055054;0.019743;0.000000;0.000000;0.000000;0.000000;2.000000;-93.058815;-560.773193;1945.568604;0.092363;0.000000;0.000000;0.000000;0.000000;2.000000;-47.652481;-320.239532;1908.312134;0.165441;0.000000;0.000000;0.000000;0.000000;2.000000;150.910797;-377.002563;1905.472168;0.121664;0.000000;0.000000;0.000000;0.000000;2.000000;222.396790;-424.420532;1936.353638;0.165921;0.000000;0.000000;0.000000;0.000000;2.000000;305.666870;-465.974487;1944.247314;0.289615;0.000000;0.000000;0.000000;0.000000;2.000000;225.173615;-448.882813;1939.918823;0.128904;0.000000;0.000000;0.000000;0.000000;2.000000;70.587379;-145.231873;2037.732544;0.025731;0.000000;0.000000;0.000000;0.000000;2.000000;137.060379;-25.234192;1713.522339;0.143158;0.000000;0.000000;0.000000;0.000000;2.000000;106.834435;309.799011;1719.049805;0.173674;0.000000;0.000000;0.000000;0.000000;2.000000;133.121185;445.194092;1628.962036;0.043790;0.000000;0.000000;0.000000;0.000000;2.000000;-63.651756;-154.299637;1965.974854;0.023203;0.000000;0.000000;0.000000;0.000000;2.000000;157.458282;-126.769791;1693.915405;0.056502;0.000000;0.000000;0.000000;0.000000;2.000000;246.701294;199.988281;1664.757080;0.070544;0.000000;0.000000;0.000000;0.000000;2.000000;324.791473;308.145752;1592.808472;0.069107;0.000000;0.000000;0.000000;0.000000;2.000000;51.678459;-677.567139;2000.728882;0.033819;0.000000;0.000000;0.000000;0.000000;2.000000;76.357109;-752.442566;1883.463379;0.293074;0.000000;0.000000;0.000000;0.000000;2.000000;111.364578;-752.743042;1918.060303;0.225417;0.000000;0.000000;0.000000;0.000000;2.000000;143.649368;-682.817627;1998.654419;0.057035;0.000000;0.000000;0.000000;0.000000;2.000000;72.276985;-776.665527;1921.757813;0.280445;0.000000;0.000000;0.000000;0.000000;2.000000;24.697933;-762.829712;2025.772949;0.226817;0.000000;0.000000;0.000000;0.000000;2.000000;20440967168.000000
0.000000;-150.000000;2000.000000;0.000000;0.000000;0.000000;0.000000;0.000000;2.000000;-6.957199;-302.733124;2033.799194;0.024034;0.000000;0.000000;0.000000;0.000000;2.000000;-7.295776;-426.626831;2051.698486;0.053654;0.000000;0.000000;0.000000;0.000000;2.000000;30.408978;-611.078247;2022.290527;0.044807;0.000000;0.000000;0.000000;0.000000;2.000000;48.501881;-578.568115;2043.886963;0.042322;0.000000;0.000000;0.000000;0.000000;2.000000;154.064606;-527.690491;2088.717285;0.192740;0.000000;0.000000;0.000000;0.000000;2.000000;199.310562;-294.638000;2138.365234;0.471736;0.000000;0.000000;0.000000;0.000000;2.000000;178.376633;-369.433716;1950.199463;0.376637;0.000000;0.000000;0.000000;0.000000;2.000000;243.969482;-422.680420;1947.957153;0.309140;0.000000;0.000000;0.000000;0.000000;1.000000;283.065918;-485.595581;1888.735352;0.066583;0.000000;0.000000;0.000000;0.000000;1.000000;258.880005;-456.758087;1919.813232;0.168104;0.000000;0.000000;0.000000;0.000000;1.000000;-1.004646;-583.061035;2011.987671;0.044754;0.000000;0.000000;0.000000;0.000000;2.000000;-93.754196;-560.944214;1946.940918;0.047239;0.000000;0.000000;0.000000;0.000000;2.000000;-45.433746;-322.077576;1905.949463;0.113710;0.000000;0.000000;0.000000;0.000000;2.000000;152.432861;-379.894196;1906.870972;0.108476;0.000000;0.000000;0.000000;0.000000;2.000000;221.852280;-425.374023;1944.196655;0.241684;0.000000;0.000000;0.000000;0.000000;2.000000;305.676178;-462.478668;1961.122681;0.525929;0.000000;0.000000;0.000000;0.000000;2.000000;226.685349;-450.642609;1940.335693;0.071934;0.000000;0.000000;0.000000;0.000000;2.000000;69.742973;-144.574661;2038.871948;0.047701;0.000000;0.000000;0.000000;0.000000;2.000000;128.620850;-30.663025;1711.739990;0.311032;0.000000;0.000000;0.000000;0.000000;2.000000;101.290924;304.019501;1712.327271;0.319089;0.000000;0.000000;0.000000;0.000000;2.000000;133.020111;442.103790;1628.893799;0.094382;0.000000;0.000000;0.000000;0.000000;2.000000;-62.890305;-154.892273;1964.947388;0.043015;0.000000;0.000000;0.000000;0.000000;2.000000;158.143463;-128.083649;1693.621826;0.046100;0.000000;0.000000;0.000000;0.000000;2.000000;246.134506;198.184723;1662.782471;0.083426;0.000000;0.000000;0.000000;0.000000;2.000000;323.529144;307.358490;1592.239502;0.048608;0.000000;0.000000;0.000000;0.000000;2.000000;50.417915;-676.757568;2001.650024;0.053670;0.000000;0.000000;0.000000;0.000000;2.000000;72.769859;-754.893311;1886.386841;0.159806;0.000000;0.000000;0.000000;0.000000;2.000000;108.510666;-753.944336;1920.076904;0.112769;0.000000;0.000000;0.000000;0.000000;2.000000;142.170685;-681.549500;1997.574585;0.067971;0.000000;0.000000;0.000000;0.000000;2.000000;69.745094;-777.913330;1925.411133;0.140892;0.000000;0.000000;0.000000;0.000000;2.000000;24.615128;-761.202026;2029.851318;0.134032;0.000000;0.000000;0.000000;0.000000;2.000000;20440999936.000000
0.000000;-150.000000;2000.000000;0.000000;0.000000;0.000000;0.000000;0.000000;2.000000;-6.741920;-303.195007;2034.126587;0.018484;0.000000;0.000000;0.000000;0.000000;2.000000;-6.347122;-427.588867;2051.411621;0.042151;0.000000;0.000000;0.000000;0.000000;2.000000;32.385178;-612.435425;2021.778198;0.074813;0.000000;0.000000;0.000000;0.000000;2.000000;50.328270;-579.768066;2043.542236;0.067515;0.000000;0.000000;0.000000;0.000000;2.000000;156.309631;-529.844299;2089.590820;0.098615;0.000000;0.000000;0.000000;0.000000;2.000000;201.271683;-294.380157;2131.374268;0.221723;0.000000;0.000000;0.000000;0.000000;2.000000;186.303970;-375.584595;1944.579590;0.350964;0.000000;0.000000;0.000000;0.000000;2.000000;247.983093;-433.114105;1953.267700;0.377695;0.000000;0.000000;0.000000;0.000000;2.000000;265.865723;-520.309814;1919.650879;1.512605;0.000000;0.000000;0.000000;0.000000;1.000000;254.885361;-456.765656;1903.333740;0.517479;0.000000;0.000000;0.000000;0.000000;2.000000;0.776169;-584.452148;2011.384033;0.071380;0.000000;0.000000;0.000000;0.000000;2.000000;-91.621765;-562.025513;1945.280884;0.088828;0.000000;0.000000;0.000000;0.000000;2.000000;-41.876183;-322.448334;1905.273926;0.111086;0.000000;0.000000;0.000000;0.000000;2.000000;156.501968;-380.912292;1906.364502;0.128937;0.000000;0.000000;0.000000;0.000000;2.000000;223.202347;-425.452576;1949.978027;0.181196;0.000000;0.000000;0.000000;0.000000;2.000000;305.087036;-464.514709;1972.685791;0.358758;0.000000;0.000000;0.000000;0.000000;2.000000;228.318390;-451.243103;1941.198486;0.059269;0.000000;0.000000;0.000000;0.000000;2.000000;69.789589;-144.319107;2039.289185;0.014999;0.000000;0.000000;0.000000;0.000000;2.000000;134.240616;-28.855591;1712.516113;0.181704;0.000000;0.000000;0.000000;0.000000;2.000000;107.174652;306.950012;1712.059204;0.200763;0.000000;0.000000;0.000000;0.000000;2.000000;134.646301;444.396912;1625.077271;0.144657;0.000000;0.000000;0.000000;0.000000;2.000000;-62.932327;-155.122696;1964.571411;0.013518;0.000000;0.000000;0.000000;0.000000;2.000000;158.521729;-128.409241;1692.094727;0.049029;0.000000;0.000000;0.000000;0.000000;2.000000;248.427231;198.499634;1661.333740;0.083322;0.000000;0.000000;0.000000;0.000000;2.000000;326.332611;307.950867;1590.720825;0.098967;0.000000;0.000000;0.000000;0.000000;2.000000;52.811924;-678.212769;2001.044067;0.087475;0.000000;0.000000;0.000000;0.000000;2.000000;74.215324;-754.155273;1883.590454;0.098671;0.000000;0.000000;0.000000;0.000000;2.000000;110.661911;-753.317139;1916.757813;0.122214;0.000000;0.000000;0.000000;0.000000;2.000000;144.832947;-681.651245;1995.226318;0.108380;0.000000;0.000000;0.000000;0.000000;2.000000;72.206299;-778.002319;1922.355957;0.119758;0.000000;0.000000;0.000000;0.000000;2.000000;28.605312;-763.791504;2028.220581;0.153459;0.000000;0.000000;0.000000;0.000000;2.000000;20441032704.000000
0.000000;-150.000015;2000.000000;0.000000;0.000000;0.000000;0.000000;0.000000;2.000000;-7.357773;-303.277466;2034.354614;0.019010;0.000000;0.000000;0.000000;0.000000;2.000000;-7.320602;-427.800903;2051.627441;0.029280;0.000000;0.000000;0.000000;0.000000;2.000000;31.159222;-612.718872;2020.892212;0.044202;0.000000;0.000000;0.000000;0.000000;2.000000;49.024948;-580.240479;2043.084717;0.041930;0.000000;0.000000;0.000000;0.000000;2.000000;154.551178;-533.230652;2093.393799;0.154734;0.000000;0.000000;0.000000;0.000000;2.000000;209.390198;-296.768250;2113.591797;0.565642;0.000000;0.000000;0.000000;0.000000;2.000000;180.478088;-417.041718;1950.826294;1.215761;0.000000;0.000000;0.000000;0.000000;2.000000;241.087173;-473.667938;1968.823120;1.263179;0.000000;0.000000;0.000000;0.000000;2.000000;228.436371;-565.204102;1945.752930;1.838633;0.000000;0.000000;0.000000;0.000000;2.000000;256.312561;-479.428223;1917.188477;0.764029;0.000000;0.000000;0.000000;0.000000;2.000000;-0.305023;-584.532776;2010.424561;0.041584;0.000000;0.000000;0.000000;0.000000;2.000000;-92.887634;-562.388611;1944.281006;0.047492;0.000000;0.000000;0.000000;0.000000;2.000000;-45.420456;-322.441986;1902.229370;0.134202;0.000000;0.000000;0.000000;0.000000;2.000000;153.788773;-378.458771;1908.298096;0.118843;0.000000;0.000000;0.000000;0.000000;2.000000;221.676865;-420.561157;1952.685547;0.166451;0.000000;0.000000;0.000000;0.000000;2.000000;305.165710;-455.294495;1976.921509;0.291444;0.000000;0.000000;0.000000;0.000000;2.000000;227.568573;-449.092224;1942.391602;0.073856;0.000000;0.000000;0.000000;0.000000;2.000000;69.796677;-144.504547;2039.467163;0.007385;0.000000;0.000000;0.000000;0.000000;2.000000;134.662170;-27.488892;1712.946533;0.042900;0.000000;0.000000;0.000000;0.000000;2.000000;105.662743;308.480164;1709.782715;0.089960;0.000000;0.000000;0.000000;0.000000;2.000000;135.231110;446.139404;1623.512695;0.069329;0.000000;0.000000;0.000000;0.000000;2.000000;-62.938736;-154.955505;1964.410645;0.006665;0.000000;0.000000;0.000000;0.000000;2.000000;158.562500;-129.768631;1691.370483;0.044256;0.000000;0.000000;0.000000;0.000000;2.000000;248.174973;197.379150;1658.577881;0.085754;0.000000;0.000000;0.000000;0.000000;2.000000;325.867065;308.019348;1589.267334;0.043881;0.000000;0.000000;0.000000;0.000000;2.000000;51.592396;-678.464111;1999.814819;0.050256;0.000000;0.000000;0.000000;0.000000;2.000000;77.288605;-752.809570;1882.029663;0.106281;0.000000;0.000000;0.000000;0.000000;2.000000;112.909317;-751.700439;1916.146240;0.081435;0.000000;0.000000;0.000000;0.000000;2.000000;143.868988;-680.242615;1996.279175;0.057602;0.000000;0.000000;0.000000;0.000000;2.000000;74.728539;-777.134644;1920.518433;0.093032;0.000000;0.000000;0.000000;0.000000;2.000000;28.202400;-764.828735;2025.499023;0.084451;0.000000;0.000000;0.000000;0.000000;2.000000;20441067520.000000
0.000000;-150.000000;2000.000000;0.000000;0.000000;0.000000;0.000000;0.000000;2.000000;-7.513031;-302.989746;2034.086426;0.012905;0.000000;0.000000;0.000000;0.000000;2.000000;-7.694206;-427.250854;2051.320557;0.022349;0.000000;0.000000;0.000000;0.000000;2.000000;29.877029;-611.916260;2020.452759;0.048072;0.000000;0.000000;0.000000;0.000000;2.000000;47.800220;-579.632690;2042.705688;0.043299;0.000000;0.000000;0.000000;0.000000;2.000000;153.911209;-535.207031;2093.466553;0.063436;0.000000;0.000000;0.000000;0.000000;2.000000;215.603348;-300.632446;2109.236328;0.259857;0.000000;0.000000;0.000000;0.000000;2.000000;179.259216;-430.412170;1956.087524;0.440062;0.000000;0.000000;0.000000;0.000000;2.000000;241.304657;-484.617737;1975.725708;0.395071;0.000000;0.000000;0.000000;0.000000;2.000000;227.919708;-574.579468;1948.145386;0.295703;0.000000;0.000000;0.000000;0.000000;2.000000;259.277466;-488.709595;1925.302002;0.386941;0.000000;0.000000;0.000000;0.000000;2.000000;-1.349411;-583.616211;2009.961548;0.044698;0.000000;0.000000;0.000000;0.000000;2.000000;-93.190155;-561.121399;1943.331665;0.049195;0.000000;0.000000;0.000000;0.000000;2.000000;-46.349548;-321.072144;1904.361328;0.082369;0.000000;0.000000;0.000000;0.000000;2.000000;152.638397;-375.946838;1912.791138;0.160966;0.000000;0.000000;0.000000;0.000000;2.000000;218.934265;-416.576965;1960.441162;0.278940;0.000000;0.000000;0.000000;0.000000;2.000000;301.541565;-449.977539;1988.506958;0.404432;0.000000;0.000000;0.000000;0.000000;2.000000;225.628571;-446.742981;1946.310181;0.151479;0.000000;0.000000;0.000000;0.000000;2.000000;69.624321;-144.630859;2039.444336;0.006558;0.000000;0.000000;0.000000;0.000000;2.000000;134.853333;-26.250763;1714.293945;0.056148;0.000000;0.000000;0.000000;0.000000;2.000000;106.448929;309.058899;1711.510620;0.060566;0.000000;0.000000;0.000000;0.000000;2.000000;135.074554;446.962646;1625.982178;0.079584;0.000000;0.000000;0.000000;0.000000;2.000000;-62.783310;-154.841599;1964.431396;0.005915;0.000000;0.000000;0.000000;0.000000;2.000000;157.928619;-129.147552;1691.757813;0.029550;0.000000;0.000000;0.000000;0.000000;2.000000;247.933258;197.065552;1658.195679;0.016794;0.000000;0.000000;0.000000;0.000000;2.000000;325.506470;307.596924;1589.280884;0.016955;0.000000;0.000000;0.000000;0.000000;2.000000;50.002907;-677.588440;1999.369629;0.057024;0.000000;0.000000;0.000000;0.000000;2.000000;77.077934;-752.319702;1882.499756;0.021694;0.000000;0.000000;0.000000;0.000000;2.000000;112.276627;-750.904236;1916.891724;0.038481;0.000000;0.000000;0.000000;0.000000;2.000000;142.121277;-679.058350;1996.772095;0.066160;0.000000;0.000000;0.000000;0.000000;2.000000;74.222656;-776.394714;1921.010986;0.031212;0.000000;0.000000;0.000000;0.000000;2.000000;26.705143;-763.712891;2025.232544;0.057563;0.000000;0.000000;0.000000;0.000000;2.000000;20441100288.000000
0.000000;-150.000000;2000.000000;0.000000;0.000000;0.000000;0.000000;0.000000;2.000000;-8.517349;-301.880188;2035.402222;0.060814;0.000000;0.000000;0.000000;0.000000;2.000000;-7.589722;-425.855896;2050.220215;0.054314;0.000000;0.000000;0.000000;0.000000;2.000000;30.333881;-610.034668;2022.578735;0.087755;0.000000;0.000000;0.000000;0.000000;2.000000;48.053471;-577.496399;2044.224121;0.080358;0.000000;0.000000;0.000000;0.000000;2.000000;148.636566;-531.998657;2103.170898;0.351005;0.000000;0.000000;0.000000;0.000000;2.000000;229.382156;-306.941467;2066.351563;1.388051;0.000000;0.000000;0.000000;0.000000;2.000000;232.021469;-481.830688;1963.225708;2.258852;0.000000;0.000000;0.000000;0.000000;2.000000;298.025757;-527.677124;1988.678833;2.208928;0.000000;0.000000;0.000000;0.000000;1.000000;225.585052;-575.639160;1951.258301;0.123073;0.000000;0.000000;0.000000;0.000000;1.000000;314.559448;-536.761047;1936.579956;2.261645;0.000000;0.000000;0.000000;0.000000;1.000000;-0.802574;-582.124756;2011.627197;0.070243;0.000000;0.000000;0.000000;0.000000;2.000000;-91.580902;-559.381653;1944.567871;0.081572;0.000000;0.000000;0.000000;0.000000;2.000000;-58.879639;-317.669525;1908.965088;0.420407;0.000000;0.000000;0.000000;0.000000;2.000000;143.650574;-350.876678;1896.418823;0.954057;0.000000;0.000000;0.000000;0.000000;2.000000;217.124451;-389.192871;1933.459595;1.174498;0.000000;0.000000;0.000000;0.000000;2.000000;274.274292;-429.957275;1994.432007;1.048056;0.000000;0.000000;0.000000;0.000000;2.000000;206.353928;-426.488464;1961.367310;0.969131;0.000000;0.000000;0.000000;0.000000;2.000000;69.510826;-144.830017;2038.903564;0.017924;0.000000;0.000000;0.000000;0.000000;2.000000;135.264862;-25.115540;1716.142822;0.067391;0.000000;0.000000;0.000000;0.000000;2.000000;107.164093;308.645264;1716.116211;0.142795;0.000000;0.000000;0.000000;0.000000;2.000000;133.999466;446.297241;1631.090576;0.160600;0.000000;0.000000;0.000000;0.000000;2.000000;-62.680954;-154.661987;1964.919067;0.016165;0.000000;0.000000;0.000000;0.000000;2.000000;160.099869;-127.796295;1696.195557;0.156308;0.000000;0.000000;0.000000;0.000000;2.000000;248.396698;197.203552;1662.469971;0.131273;0.000000;0.000000;0.000000;0.000000;2.000000;325.152924;307.547974;1593.904297;0.141515;0.000000;0.000000;0.000000;0.000000;2.000000;50.569382;-675.681152;2002.702393;0.118454;0.000000;0.000000;0.000000;0.000000;2.000000;77.784912;-752.308044;1887.911865;0.166568;0.000000;0.000000;0.000000;0.000000;2.000000;112.383331;-750.950562;1922.583984;0.173750;0.000000;0.000000;0.000000;0.000000;2.000000;142.243408;-678.715820;2001.371216;0.140792;0.000000;0.000000;0.000000;0.000000;2.000000;74.033699;-775.617920;1926.564819;0.171236;0.000000;0.000000;0.000000;0.000000;2.000000;25.597683;-760.589539;2029.446045;0.163591;0.000000;0.000000;0.000000;0.000000;2.000000;20441133056.000000
0.000000;-150.000000;2000.000000;0.000000;0.000000;0.000000;0.000000;0.000000;2.000000;-8.638847;-301.570709;2035.508179;0.010649;0.000000;0.000000;0.000000;0.000000;2.000000;-7.735474;-425.343323;2050.206543;0.016268;0.000000;0.000000;0.000000;0.000000;2.000000;31.437763;-608.680908;2021.018066;0.071485;0.000000;0.000000;0.000000;0.000000;2.000000;49.083961;-576.176819;2042.627686;0.070599;0.000000;0.000000;0.000000;0.000000;2.000000;150.609650;-528.705200;2097.823242;0.200901;0.000000;0.000000;0.000000;0.000000;2.000000;218.919189;-297.340271;2109.137207;1.375753;0.000000;0.000000;0.000000;0.000000;2.000000;218.988129;-435.060974;1960.413818;1.484165;0.000000;0.000000;0.000000;0.000000;2.000000;289.602600;-475.548340;1981.770752;1.625210;0.000000;0.000000;0.000000;0.000000;2.000000;244.502121;-545.172974;1936.651733;1.181703;0.000000;0.000000;0.000000;0.000000;1.000000;308.331299;-474.674011;1929.655396;1.915945;0.000000;0.000000;0.000000;0.000000;2.000000;-0.015053;-581.031738;2010.617920;0.051370;0.000000;0.000000;0.000000;0.000000;2.000000;-91.343369;-558.797302;1944.482788;0.019424;0.000000;0.000000;0.000000;0.000000;2.000000;-61.535522;-317.033875;1909.646362;0.085894;0.000000;0.000000;0.000000;0.000000;2.000000;141.329987;-344.689026;1895.044189;0.205992;0.000000;0.000000;0.000000;0.000000;2.000000;217.019104;-381.217560;1928.910034;0.280222;0.000000;0.000000;0.000000;0.000000;2.000000;278.843201;-420.276306;1986.074585;0.414458;0.000000;0.000000;0.000000;0.000000;2.000000;206.708069;-414.689575;1962.060059;0.360856;0.000000;0.000000;0.000000;0.000000;2.000000;69.485275;-144.900162;2038.674561;0.007351;0.000000;0.000000;0.000000;0.000000;2.000000;134.241638;-26.938416;1715.724609;0.065059;0.000000;0.000000;0.000000;0.000000;2.000000;106.706528;306.281433;1713.594482;0.106402;0.000000;0.000000;0.000000;0.000000;2.000000;134.142960;444.771606;1630.695190;0.048296;0.000000;0.000000;0.000000;0.000000;2.000000;-62.657928;-154.598770;1965.125488;0.006626;0.000000;0.000000;0.000000;0.000000;2.000000;158.979843;-127.893921;1696.229004;0.034325;0.000000;0.000000;0.000000;0.000000;2.000000;248.145264;196.201782;1661.962646;0.035117;0.000000;0.000000;0.000000;0.000000;2.000000;323.805115;307.567200;1594.410400;0.043940;0.000000;0.000000;0.000000;0.000000;2.000000;51.991402;-673.905029;2000.531738;0.095966;0.000000;0.000000;0.000000;0.000000;2.000000;78.796295;-752.797485;1887.490723;0.036619;0.000000;0.000000;0.000000;0.000000;2.000000;113.285110;-751.023071;1922.133301;0.030845;0.000000;0.000000;0.000000;0.000000;2.000000;143.484467;-677.622742;1999.429565;0.077835;0.000000;0.000000;0.000000;0.000000;2.000000;74.816856;-775.288208;1926.512573;0.025981;0.000000;0.000000;0.000000;0.000000;2.000000;26.401188;-757.951172;2028.817383;0.086327;0.000000;0.000000;0.000000;0.000000;2.000000;20441165824.000000
0.000000;-150.000015;2000.000000;0.000000;0.000000;0.000000;0.000000;0.000000;2.000000;-8.959290;-301.592102;2035.518311;0.009229;0.000000;0.000000;0.000000;0.000000;2.000000;-8.421219;-425.324341;2050.840332;0.026826;0.000000;0.000000;0.000000;0.000000;2.000000;31.519913;-608.578857;2021.845947;0.024075;0.000000;0.000000;0.000000;0.000000;2.000000;48.942787;-576.012085;2043.564697;0.027625;0.000000;0.000000;0.000000;0.000000;2.000000;150.499176;-523.694458;2094.210205;0.177461;0.000000;0.000000;0.000000;0.000000;2.000000;226.225250;-297.367920;2131.581055;0.677938;0.000000;0.000000;0.000000;0.000000;2.000000;202.483780;-393.585327;1954.702881;1.292585;0.000000;0.000000;0.000000;0.000000;2.000000;250.662170;-460.569641;1971.359253;1.235104;0.000000;0.000000;0.000000;0.000000;2.000000;239.628143;-549.829468;1942.497559;0.256278;0.000000;0.000000;0.000000;0.000000;1.000000;275.732422;-466.929199;1935.015259;0.974616;0.000000;0.000000;0.000000;0.000000;2.000000;0.028969;-581.022827;2011.268188;0.018722;0.000000;0.000000;0.000000;0.000000;2.000000;-91.193634;-555.908997;1945.970459;0.093416;0.000000;0.000000;0.000000;0.000000;2.000000;-66.062164;-314.023285;1907.979004;0.163325;0.000000;0.000000;0.000000;0.000000;2.000000;138.068619;-330.466705;1893.318359;0.422024;0.000000;0.000000;0.000000;0.000000;2.000000;211.076126;-378.595886;1917.148804;0.385907;0.000000;0.000000;0.000000;0.000000;2.000000;280.414215;-425.575531;1957.214844;0.843987;0.000000;0.000000;0.000000;0.000000;2.000000;204.316422;-400.485474;1954.669800;0.464995;0.000000;0.000000;0.000000;0.000000;2.000000;68.970284;-144.794571;2039.614380;0.030930;0.000000;0.000000;0.000000;0.000000;2.000000;135.139160;-24.230255;1717.813721;0.101566;0.000000;0.000000;0.000000;0.000000;2.000000;105.824844;308.909424;1713.834961;0.079916;0.000000;0.000000;0.000000;0.000000;2.000000;134.284851;446.341248;1629.447266;0.057740;0.000000;0.000000;0.000000;0.000000;2.000000;-62.193542;-154.694000;1964.278076;0.027889;0.000000;0.000000;0.000000;0.000000;2.000000;159.553085;-127.808167;1695.369507;0.029776;0.000000;0.000000;0.000000;0.000000;2.000000;248.283646;196.272766;1659.018066;0.084693;0.000000;0.000000;0.000000;0.000000;2.000000;324.103149;308.075256;1592.283203;0.063397;0.000000;0.000000;0.000000;0.000000;2.000000;52.405598;-673.750732;2001.463745;0.029627;0.000000;0.000000;0.000000;0.000000;2.000000;78.042442;-751.934814;1887.616211;0.033102;0.000000;0.000000;0.000000;0.000000;2.000000;112.403343;-751.306396;1922.443604;0.028055;0.000000;0.000000;0.000000;0.000000;2.000000;143.824738;-679.447876;2000.736938;0.065220;0.000000;0.000000;0.000000;0.000000;2.000000;73.386299;-774.782959;1926.368652;0.043772;0.000000;0.000000;0.000000;0.000000;2.000000;24.853111;-757.559021;2028.670776;0.046062;0.000000;0.000000;0.000000;0.000000;2.000000;20441200640.000000
0.000000;-150.000000;2000.000000;0.000000;0.000000;0.000000;0.000000;0.000000;2.000000;-8.452934;-301.319397;2035.087524;0.021929;0.000000;0.000000;0.000000;0.000000;2.000000;-7.534340;-424.818390;2049.716309;0.046342;0.000000;0.000000;0.000000;0.000000;2.000000;31.526535;-607.921265;2021.692017;0.020612;0.000000;0.000000;0.000000;0.000000;2.000000;49.075691;-575.390869;2043.150269;0.023148;0.000000;0.000000;0.000000;0.000000;2.000000;149.244995;-519.384705;2091.802246;0.155446;0.000000;0.000000;0.000000;0.000000;2.000000;206.021301;-287.206543;2122.333984;0.745630;0.000000;0.000000;0.000000;0.000000;2.000000;225.594147;-376.879303;1942.119751;0.951207;0.000000;0.000000;0.000000;0.000000;2.000000;248.334473;-452.251251;1971.307861;0.263613;0.000000;0.000000;0.000000;0.000000;2.000000;245.545685;-545.375427;1957.254639;0.503889;0.000000;0.000000;0.000000;0.000000;2.000000;281.780701;-466.473053;1947.691895;0.428864;0.000000;0.000000;0.000000;0.000000;2.000000;0.203651;-580.366211;2011.054077;0.021740;0.000000;0.000000;0.000000;0.000000;2.000000;-89.266533;-553.281555;1944.635864;0.107456;0.000000;0.000000;0.000000;0.000000;2.000000;-69.675087;-310.983154;1910.171021;0.158869;0.000000;0.000000;0.000000;0.000000;2.000000;133.568375;-323.037415;1888.027588;0.310379;0.000000;0.000000;0.000000;0.000000;2.000000;207.884521;-371.618805;1905.063232;0.436867;0.000000;0.000000;0.000000;0.000000;2.000000;273.732056;-427.683960;1938.195679;0.618556;0.000000;0.000000;0.000000;0.000000;2.000000;215.924957;-389.747955;1896.726807;1.832947;0.000000;0.000000;0.000000;0.000000;2.000000;69.284828;-144.904449;2038.666748;0.030655;0.000000;0.000000;0.000000;0.000000;2.000000;132.996704;-22.863861;1717.881592;0.077576;0.000000;0.000000;0.000000;0.000000;2.000000;105.252914;309.515808;1710.745972;0.097640;0.000000;0.000000;0.000000;0.000000;2.000000;133.158997;448.412231;1629.422852;0.071941;0.000000;0.000000;0.000000;0.000000;2.000000;-62.477165;-154.594894;1965.132568;0.027642;0.000000;0.000000;0.000000;0.000000;2.000000;157.195679;-125.326279;1695.909180;0.105753;0.000000;0.000000;0.000000;0.000000;2.000000;247.792542;197.217224;1658.376465;0.037931;0.000000;0.000000;0.000000;0.000000;2.000000;321.874023;309.344055;1591.088013;0.086356;0.000000;0.000000;0.000000;0.000000;2.000000;52.063160;-673.119019;2001.667603;0.022794;0.000000;0.000000;0.000000;0.000000;2.000000;78.308388;-750.958740;1888.157349;0.035013;0.000000;0.000000;0.000000;0.000000;2.000000;112.678406;-749.822998;1922.790039;0.047240;0.000000;0.000000;0.000000;0.000000;2.000000;143.317123;-677.606262;2000.670166;0.058333;0.000000;0.000000;0.000000;0.000000;2.000000;74.082123;-773.742554;1926.864624;0.041087;0.000000;0.000000;0.000000;0.000000;2.000000;25.762768;-757.024048;2029.030640;0.034026;0.000000;0.000000;0.000000;0.000000;2.000000;20441233408.000000
0.000000;-150.000000;2000.000000;0.000000;0.000000;0.000000;0.000000;0.000000;2.000000;-9.979637;-301.802399;2035.594238;0.051256;0.000000;0.000000;0.000000;0.000000;2.000000;-9.906540;-425.903076;2049.747559;0.079609;0.000000;0.000000;0.000000;0.000000;2.000000;29.232258;-609.735107;2021.055542;0.091343;0.000000;0.000000;0.000000;0.000000;2.000000;46.881805;-577.133057;2042.691895;0.086632;0.000000;0.000000;0.000000;0.000000;2.000000;145.742203;-514.294006;2086.856445;0.241544;0.000000;0.000000;0.000000;0.000000;2.000000;199.288132;-283.015991;2133.872070;0.427272;0.000000;0.000000;0.000000;0.000000;2.000000;225.557648;-365.586090;1950.162964;0.423119;0.000000;0.000000;0.000000;0.000000;2.000000;253.212784;-440.645477;1976.856934;0.419863;0.000000;0.000000;0.000000;0.000000;2.000000;253.234680;-532.438965;1953.867554;0.470748;0.000000;0.000000;0.000000;0.000000;2.000000;273.431458;-468.678864;1954.336182;0.332518;0.000000;0.000000;0.000000;0.000000;2.000000;-2.219940;-582.016785;2010.466064;0.091267;0.000000;0.000000;0.000000;0.000000;2.000000;-92.066895;-554.534668;1943.859497;0.096578;0.000000;0.000000;0.000000;0.000000;2.000000;-71.659119;-311.524628;1907.338501;0.106823;0.000000;0.000000;0.000000;0.000000;2.000000;131.922852;-328.272461;1883.213013;0.222786;0.000000;0.000000;0.000000;0.000000;2.000000;207.951355;-376.739990;1893.930420;0.373975;0.000000;0.000000;0.000000;0.000000;2.000000;269.421997;-429.531647;1939.602295;0.149409;0.000000;0.000000;0.000000;0.000000;2.000000;213.196899;-396.530914;1886.931885;0.373003;0.000000;0.000000;0.000000;0.000000;2.000000;69.837456;-145.572067;2038.464722;0.027158;0.000000;0.000000;0.000000;0.000000;2.000000;133.358215;-23.037018;1716.182617;0.053272;0.000000;0.000000;0.000000;0.000000;2.000000;104.821922;310.753998;1710.380127;0.041539;0.000000;0.000000;0.000000;0.000000;2.000000;133.316681;449.482574;1627.562256;0.065682;0.000000;0.000000;0.000000;0.000000;2.000000;-62.975510;-153.992844;1965.314575;0.024489;0.000000;0.000000;0.000000;0.000000;2.000000;157.872726;-127.366165;1694.818481;0.073554;0.000000;0.000000;0.000000;0.000000;2.000000;247.657593;196.876434;1656.816162;0.048913;0.000000;0.000000;0.000000;0.000000;2.000000;322.187134;310.424103;1590.961304;0.034535;0.000000;0.000000;0.000000;0.000000;2.000000;49.820473;-675.166382;2000.746582;0.096840;0.000000;0.000000;0.000000;0.000000;2.000000;77.230713;-758.980347;1891.079102;0.262601;0.000000;0.000000;0.000000;0.000000;2.000000;112.416931;-754.160400;1924.864136;0.146939;0.000000;0.000000;0.000000;0.000000;2.000000;141.536316;-675.644043;1997.752686;0.120277;0.000000;0.000000;0.000000;0.000000;2.000000;74.896706;-779.586182;1931.363892;0.226437;0.000000;0.000000;0.000000;0.000000;2.000000;27.914204;-758.670166;2033.934814;0.170978;0.000000;0.000000;0.000000;0.000000;2.000000;20441266176.000000
0.000000;-150.000015;2000.000000;0.000000;0.000000;0.000000;0.000000;0.000000;2.000000;-9.969559;-301.778198;2035.546631;0.001561;0.000000;0.000000;0.000000;0.000000;2.000000;-9.857956;-425.861694;2049.603516;0.004525;0.000000;0.000000;0.000000;0.000000;2.000000;29.441284;-609.586792;2020.728149;0.011942;0.000000;0.000000;0.000000;0.000000;2.000000;47.068584;-576.992798;2042.375977;0.011285;0.000000;0.000000;0.000000;0.000000;2.000000;145.723877;-513.854614;2086.493164;0.016384;0.000000;0.000000;0.000000;0.000000;2.000000;198.005341;-282.203644;2132.811768;0.053192;0.000000;0.000000;0.000000;0.000000;2.000000;224.856903;-365.242035;1949.448242;0.030400;0.000000;0.000000;0.000000;0.000000;2.000000;252.989227;-439.953247;1976.557373;0.022596;0.000000;0.000000;0.000000;0.000000;2.000000;253.918732;-532.074890;1955.033569;0.040212;0.000000;0.000000;0.000000;0.000000;2.000000;273.229858;-468.049072;1954.264771;0.019104;0.000000;0.000000;0.000000;0.000000;2.000000;-2.039940;-581.897705;2010.187866;0.010113;0.000000;0.000000;0.000000;0.000000;2.000000;-92.030052;-554.531494;1943.771729;0.002736;0.000000;0.000000;0.000000;0.000000;2.000000;-71.686943;-311.568115;1907.276855;0.002310;0.000000;0.000000;0.000000;0.000000;2.000000;131.695435;-328.671112;1882.131470;0.033746;0.000000;0.000000;0.000000;0.000000;2.000000;207.551544;-377.617737;1891.654541;0.070997;0.000000;0.000000;0.000000;0.000000;2.000000;269.227936;-431.136353;1936.145264;0.109612;0.000000;0.000000;0.000000;0.000000;2.000000;211.686340;-398.726654;1881.388184;0.176674;0.000000;0.000000;0.000000;0.000000;2.000000;69.825317;-145.581299;2038.450806;0.000593;0.000000;0.000000;0.000000;0.000000;2.000000;133.289856;-22.995880;1716.262207;0.003237;0.000000;0.000000;0.000000;0.000000;2.000000;104.750977;310.721191;1710.557495;0.005567;0.000000;0.000000;0.000000;0.000000;2.000000;133.241013;449.428650;1627.775391;0.006678;0.000000;0.000000;0.000000;0.000000;2.000000;-62.964561;-153.984558;1965.327271;0.000537;0.000000;0.000000;0.000000;0.000000;2.000000;157.783112;-127.241501;1694.862061;0.004584;0.000000;0.000000;0.000000;0.000000;2.000000;247.520813;196.943848;1656.936279;0.005576;0.000000;0.000000;0.000000;0.000000;2.000000;322.001556;310.442566;1591.019165;0.005608;0.000000;0.000000;0.000000;0.000000;2.000000;50.077957;-674.964233;2000.351563;0.014736;0.000000;0.000000;0.000000;0.000000;2.000000;77.816498;-757.793823;1890.060913;0.047956;0.000000;0.000000;0.000000;0.000000;2.000000;112.960022;-753.129517;1923.896240;0.043508;0.000000;0.000000;0.000000;0.000000;2.000000;141.776001;-675.119263;1997.408447;0.019296;0.000000;0.000000;0.000000;0.000000;2.000000;75.527649;-778.722656;1930.170044;0.046037;0.000000;0.000000;0.000000;0.000000;2.000000;28.430336;-758.781738;2032.853760;0.034557;0.000000;0.000000;0.000000;0.000000;2.000000;20441300992.000000
0.000000;-149.999985;2000.000000;0.000001;0.000000;0.000000;0.000000;0.000000;2.000000;-9.982368;-301.769165;2035.534668;0.000602;0.000000;0.000000;0.000000;0.000000;2.000000;-9.844444;-425.851532;2049.525146;0.002447;0.000000;0.000000;0.000000;0.000000;2.000000;29.548626;-609.504639;2020.406006;0.010661;0.000000;0.000000;0.000000;0.000000;2.000000;47.152245;-576.935059;2042.103882;0.008864;0.000000;0.000000;0.000000;0.000000;2.000000;145.650299;-514.005127;2086.841309;0.011791;0.000000;0.000000;0.000000;0.000000;2.000000;197.617310;-282.963287;2136.359375;0.111350;0.000000;0.000000;0.000000;0.000000;2.000000;225.834229;-362.370239;1951.612793;0.113727;0.000000;0.000000;0.000000;0.000000;2.000000;255.080444;-437.046875;1977.597168;0.113783;0.000000;0.000000;0.000000;0.000000;2.000000;258.723267;-529.295227;1956.950317;0.179209;0.000000;0.000000;0.000000;0.000000;2.000000;275.162903;-465.003052;1957.447632;0.146819;0.000000;0.000000;0.000000;0.000000;2.000000;-1.940170;-581.817627;2009.895264;0.009746;0.000000;0.000000;0.000000;0.000000;2.000000;-92.010109;-554.389160;1943.626831;0.006228;0.000000;0.000000;0.000000;0.000000;2.000000;-70.436104;-311.612976;1906.709473;0.041938;0.000000;0.000000;0.000000;0.000000;2.000000;132.658142;-331.450470;1881.359619;0.092802;0.000000;0.000000;0.000000;0.000000;2.000000;207.963409;-381.157654;1891.248779;0.109461;0.000000;0.000000;0.000000;0.000000;2.000000;268.267303;-434.892670;1937.318848;0.123625;0.000000;0.000000;0.000000;0.000000;2.000000;204.962158;-408.138184;1865.602539;0.597224;0.000000;0.000000;0.000000;0.000000;2.000000;69.810417;-145.585175;2038.466919;0.000680;0.000000;0.000000;0.000000;0.000000;2.000000;133.301514;-23.104401;1716.269775;0.003339;0.000000;0.000000;0.000000;0.000000;2.000000;104.796135;310.589600;1710.392822;0.006579;0.000000;0.000000;0.000000;0.000000;2.000000;133.360504;449.040405;1627.229614;0.020763;0.000000;0.000000;0.000000;0.000000;2.000000;-62.951118;-153.981018;1965.312744;0.000614;0.000000;0.000000;0.000000;0.000000;2.000000;157.975739;-127.269470;1695.021729;0.007683;0.000000;0.000000;0.000000;0.000000;2.000000;247.914337;196.815552;1656.920898;0.012640;0.000000;0.000000;0.000000;0.000000;2.000000;322.283325;310.159241;1590.635742;0.016900;0.000000;0.000000;0.000000;0.000000;2.000000;50.221497;-674.839050;1999.945557;0.013686;0.000000;0.000000;0.000000;0.000000;2.000000;78.392479;-754.826965;1887.696655;0.117101;0.000000;0.000000;0.000000;0.000000;2.000000;113.511475;-750.791565;1921.633301;0.100713;0.000000;0.000000;0.000000;0.000000;2.000000;141.912476;-674.429077;1997.002075;0.024795;0.000000;0.000000;0.000000;0.000000;2.000000;76.220726;-776.728149;1927.286255;0.109075;0.000000;0.000000;0.000000;0.000000;2.000000;29.030556;-759.526184;2030.412964;0.080000;0.000000;0.000000;0.000000;0.000000;2.000000;20441333760.000000
0.000000;-150.000015;2000.000000;0.000001;0.000000;0.000000;0.000000;0.000000;2.000000;-9.982315;-301.769196;2035.534790;0.000004;0.000000;0.000000;0.000000;0.000000;2.000000;-9.844368;-425.851532;2049.525391;0.000008;0.000000;0.000000;0.000000;0.000000;2.000000;29.548832;-609.504639;2020.406738;0.000023;0.000000;0.000000;0.000000;0.000000;2.000000;47.152340;-576.935059;2042.104614;0.000023;0.000000;0.000000;0.000000;0.000000;2.000000;145.650055;-514.005371;2086.843262;0.000061;0.000000;0.000000;0.000000;0.000000;2.000000;197.616959;-282.964203;2136.364258;0.000152;0.000000;0.000000;0.000000;0.000000;2.000000;225.835617;-362.369019;1951.617188;0.000145;0.000000;0.000000;0.000000;0.000000;2.000000;255.082321;-437.045593;1977.601318;0.000144;0.000000;0.000000;0.000000;0.000000;2.000000;258.727020;-529.293945;1956.954834;0.000183;0.000000;0.000000;0.000000;0.000000;2.000000;275.164978;-465.001648;1957.453613;0.000198;0.000000;0.000000;0.000000;0.000000;2.000000;-1.939919;-581.817627;2009.895752;0.000017;0.000000;0.000000;0.000000;0.000000;2.000000;-92.009354;-554.389038;1943.626709;0.000024;0.000000;0.000000;0.000000;0.000000;2.000000;-70.434006;-311.613007;1906.708984;0.000066;0.000000;0.000000;0.000000;0.000000;2.000000;132.660400;-331.451996;1881.361328;0.000098;0.000000;0.000000;0.000000;0.000000;2.000000;207.965088;-381.159729;1891.252197;0.000132;0.000000;0.000000;0.000000;0.000000;2.000000;268.267090;-434.894745;1937.324829;0.000193;0.000000;0.000000;0.000000;0.000000;2.000000;204.962784;-408.141663;1865.604736;0.000127;0.000000;0.000000;0.000000;0.000000;2.000000;69.810387;-145.585129;2038.466919;0.000002;0.000000;0.000000;0.000000;0.000000;2.000000;133.301788;-23.104553;1716.269775;0.000010;0.000000;0.000000;0.000000;0.000000;2.000000;104.796188;310.589355;1710.392334;0.000017;0.000000;0.000000;0.000000;0.000000;2.000000;133.360580;449.040100;1627.229126;0.000018;0.000000;0.000000;0.000000;0.000000;2.000000;-62.951080;-153.981110;1965.312622;0.000005;0.000000;0.000000;0.000000;0.000000;2.000000;157.976074;-127.269592;1695.021729;0.000011;0.000000;0.000000;0.000000;0.000000;2.000000;247.914474;196.815552;1656.920898;0.000004;0.000000;0.000000;0.000000;0.000000;2.000000;322.283386;310.159302;1590.635620;0.000005;0.000000;0.000000;0.000000;0.000000;2.000000;50.221798;-674.839111;1999.946411;0.000028;0.000000;0.000000;0.000000;0.000000;2.000000;78.393028;-754.826660;1887.697266;0.000027;0.000000;0.000000;0.000000;0.000000;2.000000;113.511948;-750.791321;1921.634033;0.000028;0.000000;0.000000;0.000000;0.000000;2.000000;141.912781;-674.429077;1997.003174;0.000035;0.000000;0.000000;0.000000;0.000000;2.000000;76.221184;-776.727905;1927.286865;0.000024;0.000000;0.000000;0.000000;0.000000;2.000000;29.030773;-759.526245;2030.413452;0.000016;0.000000;0.000000;0.000000;0.000000;2.000000;20441366528.000000
0.000000;-150.000000;2000.000000;0.000000;0.000000;0.000000;0.000000;0.000000;2.000000;-9.945152;-301.439758;2034.862061;0.022888;0.000000;0.000000;0.000000;0.000000;2.000000;-10.103813;-425.136292;2048.889160;0.030267;0.000000;0.000000;0.000000;0.000000;2.000000;30.045792;-607.992432;2019.551880;0.055139;0.000000;0.000000;0.000000;0.000000;2.000000;47.177090;-575.594055;2041.623291;0.043487;0.000000;0.000000;0.000000;0.000000;2.000000;144.775055;-516.813660;2092.495605;0.194455;0.000000;0.000000;0.000000;0.000000;2.000000;193.789398;-292.475037;2166.303711;0.965763;0.000000;0.000000;0.000000;0.000000;2.000000;228.982758;-342.102905;1973.220093;0.909048;0.000000;0.000000;0.000000;0.000000;2.000000;280.855835;-406.532379;1988.121216;1.260490;0.000000;0.000000;0.000000;0.000000;2.000000;291.217285;-484.258545;1935.715942;1.814422;0.000000;0.000000;0.000000;0.000000;2.000000;280.376648;-453.640289;1960.566040;0.393108;0.000000;0.000000;0.000000;0.000000;2.000000;-1.241585;-580.406250;2008.718750;0.059996;0.000000;0.000000;0.000000;0.000000;2.000000;-91.579903;-554.565796;1942.784912;0.029340;0.000000;0.000000;0.000000;0.000000;2.000000;-70.283043;-313.186249;1901.768066;0.158311;0.000000;0.000000;0.000000;0.000000;2.000000;130.187103;-352.162079;1883.892334;0.641182;0.000000;0.000000;0.000000;0.000000;2.000000;206.304657;-398.699707;1899.053955;0.588028;0.000000;0.000000;0.000000;0.000000;2.000000;263.421448;-448.567200;1952.391846;0.638271;0.000000;0.000000;0.000000;0.000000;2.000000;201.430786;-429.278046;1867.371704;0.656195;0.000000;0.000000;0.000000;0.000000;2.000000;69.598534;-145.738678;2038.365601;0.008563;0.000000;0.000000;0.000000;0.000000;2.000000;133.337433;-22.816711;1717.544434;0.039894;0.000000;0.000000;0.000000;0.000000;2.000000;105.617645;309.878510;1709.560181;0.041761;0.000000;0.000000;0.000000;0.000000;2.000000;133.745422;448.724152;1627.901367;0.025530;0.000000;0.000000;0.000000;0.000000;2.000000;-62.760063;-153.842621;1965.404053;0.007722;0.000000;0.000000;0.000000;0.000000;2.000000;156.235275;-125.332779;1695.100220;0.079509;0.000000;0.000000;0.000000;0.000000;2.000000;248.161560;197.190582;1657.615845;0.025251;0.000000;0.000000;0.000000;0.000000;2.000000;322.419250;309.884064;1591.139404;0.018003;0.000000;0.000000;0.000000;0.000000;2.000000;51.125782;-672.976990;1999.150757;0.067676;0.000000;0.000000;0.000000;0.000000;2.000000;77.031654;-751.769653;1886.048828;0.113843;0.000000;0.000000;0.000000;0.000000;2.000000;111.834030;-749.818237;1920.279419;0.072200;0.000000;0.000000;0.000000;0.000000;2.000000;142.502274;-676.306946;1997.085449;0.060118;0.000000;0.000000;0.000000;0.000000;2.000000;73.564934;-774.209961;1925.083130;0.130379;0.000000;0.000000;0.000000;0.000000;2.000000;26.222301;-756.996399;2027.750000;0.141114;0.000000;0.000000;0.000000;0.000000;2.000000;20441399296.000000
0.000000;-150.000000;2000.000000;0.000000;0.000000;0.000000;0.000000;0.000000;2.000000;-9.944641;-301.439636;2034.863037;0.000032;0.000000;0.000000;0.000000;0.000000;2.000000;-10.103180;-425.136047;2048.891602;0.000073;0.000000;0.000000;0.000000;0.000000;2.000000;30.047909;-607.992554;2019.557983;0.000186;0.000000;0.000000;0.000000;0.000000;2.000000;47.178673;-575.593689;2041.629272;0.000178;0.000000;0.000000;0.000000;0.000000;2.000000;144.775238;-516.810120;2092.500488;0.000173;0.000000;0.000000;0.000000;0.000000;2.000000;193.779694;-292.467957;2166.304932;0.000347;0.000000;0.000000;0.000000;0.000000;2.000000;228.979843;-342.090057;1973.220947;0.000379;0.000000;0.000000;0.000000;0.000000;2.000000;280.863281;-406.512054;1988.118530;0.000626;0.000000;0.000000;0.000000;0.000000;2.000000;291.229523;-484.218231;1935.684448;0.001511;0.000000;0.000000;0.000000;0.000000;2.000000;280.389404;-453.620300;1960.550171;0.000820;0.000000;0.000000;0.000000;0.000000;2.000000;-1.239449;-580.406677;2008.723877;0.000160;0.000000;0.000000;0.000000;0.000000;2.000000;-91.574829;-554.564880;1942.786499;0.000155;0.000000;0.000000;0.000000;0.000000;2.000000;-70.267380;-313.186859;1901.765747;0.000455;0.000000;0.000000;0.000000;0.000000;2.000000;130.201767;-352.176941;1883.908936;0.000766;0.000000;0.000000;0.000000;0.000000;2.000000;206.311539;-398.722534;1899.085327;0.001132;0.000000;0.000000;0.000000;0.000000;2.000000;263.411041;-448.592377;1952.439453;0.001575;0.000000;0.000000;0.000000;0.000000;2.000000;201.432129;-429.309906;1867.398804;0.001202;0.000000;0.000000;0.000000;0.000000;2.000000;69.598404;-145.738129;2038.365845;0.000018;0.000000;0.000000;0.000000;0.000000;2.000000;133.337265;-22.818054;1717.544189;0.000039;0.000000;0.000000;0.000000;0.000000;2.000000;105.616470;309.877075;1709.555786;0.000137;0.000000;0.000000;0.000000;0.000000;2.000000;133.744293;448.720947;1627.893799;0.000238;0.000000;0.000000;0.000000;0.000000;2.000000;-62.759949;-153.843109;1965.403809;0.000016;0.000000;0.000000;0.000000;0.000000;2.000000;156.237000;-125.334183;1695.101074;0.000068;0.000000;0.000000;0.000000;0.000000;2.000000;248.162231;197.189514;1657.616699;0.000044;0.000000;0.000000;0.000000;0.000000;2.000000;322.419800;309.885132;1591.143555;0.000124;0.000000;0.000000;0.000000;0.000000;2.000000;51.128597;-672.977417;1999.158325;0.000232;0.000000;0.000000;0.000000;0.000000;2.000000;77.045593;-751.768677;1886.057861;0.000478;0.000000;0.000000;0.000000;0.000000;2.000000;111.845604;-749.815796;1920.290894;0.000473;0.000000;0.000000;0.000000;0.000000;2.000000;142.505417;-676.303101;1997.098877;0.000411;0.000000;0.000000;0.000000;0.000000;2.000000;73.577293;-774.209229;1925.092041;0.000438;0.000000;0.000000;0.000000;0.000000;2.000000;26.227028;-756.997986;2027.755737;0.000218;0.000000;0.000000;0.000000;0.000000;2.000000;20441434112.000000
0.000000;-149.999985;2000.000000;0.000000;0.000000;0.000000;0.000000;0.000000;2.000000;-12.526176;-301.274536;2039.664551;0.166443;0.000000;0.000000;0.000000;0.000000;2.000000;-9.091766;-426.312195;2048.897705;0.047340;0.000000;0.000000;0.000000;0.000000;2.000000;28.665943;-610.367676;2015.003296;0.162336;0.000000;0.000000;0.000000;0.000000;2.000000;45.872868;-578.754395;2038.718872;0.137043;0.000000;0.000000;0.000000;0.000000;2.000000;144.520294;-525.488037;2095.594238;0.281263;0.000000;0.000000;0.000000;0.000000;2.000000;186.153931;-302.222382;2182.051270;0.611303;0.000000;0.000000;0.000000;0.000000;2.000000;228.466461;-341.975250;1986.525024;0.406325;0.000000;0.000000;0.000000;0.000000;2.000000;296.881287;-390.369781;1998.690308;0.765323;0.000000;0.000000;0.000000;0.000000;2.000000;292.023224;-435.229767;1915.064697;1.622225;0.000000;0.000000;0.000000;0.000000;2.000000;257.587860;-462.638367;1949.581421;0.819753;0.000000;0.000000;0.000000;0.000000;2.000000;-1.968414;-581.631042;2004.002197;0.150513;0.000000;0.000000;0.000000;0.000000;2.000000;-93.811928;-559.578491;1937.269165;0.237532;0.000000;0.000000;0.000000;0.000000;2.000000;-71.846931;-317.102783;1892.163696;0.320113;0.000000;0.000000;0.000000;0.000000;2.000000;114.037903;-406.238983;1879.408813;1.727474;0.000000;0.000000;0.000000;0.000000;2.000000;191.893478;-453.201050;1886.202637;1.764157;0.000000;0.000000;0.000000;0.000000;2.000000;249.848694;-490.174805;1949.431152;1.337939;0.000000;0.000000;0.000000;0.000000;2.000000;190.152161;-477.491699;1870.658936;1.513423;0.000000;0.000000;0.000000;0.000000;2.000000;69.070366;-145.116913;2040.435791;0.067893;0.000000;0.000000;0.000000;0.000000;2.000000;123.236084;-35.798279;1710.198730;0.549720;0.000000;0.000000;0.000000;0.000000;2.000000;101.374893;299.873657;1703.305298;0.382540;0.000000;0.000000;0.000000;0.000000;2.000000;129.643021;439.455872;1620.488037;0.383002;0.000000;0.000000;0.000000;0.000000;2.000000;-62.283791;-154.403244;1963.537231;0.061222;0.000000;0.000000;0.000000;0.000000;2.000000;153.463165;-130.753891;1686.827271;0.313490;0.000000;0.000000;0.000000;0.000000;2.000000;245.901672;194.555847;1651.843506;0.205572;0.000000;0.000000;0.000000;0.000000;2.000000;321.249268;307.514587;1584.480591;0.218760;0.000000;0.000000;0.000000;0.000000;2.000000;49.246902;-675.619812;1993.120361;0.209174;0.000000;0.000000;0.000000;0.000000;2.000000;76.080132;-752.903809;1877.901367;0.253037;0.000000;0.000000;0.000000;0.000000;2.000000;111.346619;-750.718384;1912.168823;0.249856;0.000000;0.000000;0.000000;0.000000;2.000000;141.341003;-677.126404;1990.353882;0.210391;0.000000;0.000000;0.000000;0.000000;2.000000;73.316368;-776.114441;1916.935547;0.255741;0.000000;0.000000;0.000000;0.000000;2.000000;26.033787;-761.136963;2020.933105;0.243600;0.000000;0.000000;0.000000;0.000000;2.000000;20441466880.000000
0.000000;-150.000000;2000.000000;0.000000;0.000000;0.000000;0.000000;0.000000;2.000000;-11.697868;-301.274780;2036.968384;0.086076;0.000000;0.000000;0.000000;0.000000;2.000000;-9.453377;-425.653015;2047.535034;0.047495;0.000000;0.000000;0.000000;0.000000;2.000000;30.559574;-608.850647;2016.665771;0.089760;0.000000;0.000000;0.000000;0.000000;2.000000;47.078308;-576.875854;2040.022827;0.078888;0.000000;0.000000;0.000000;0.000000;2.000000;144.942734;-520.753906;2094.159668;0.151511;0.000000;0.000000;0.000000;0.000000;2.000000;177.472565;-296.132263;2177.819580;0.348439;0.000000;0.000000;0.000000;0.000000;2.000000;223.764099;-341.028717;1985.310913;0.150999;0.000000;0.000000;0.000000;0.000000;2.000000;295.669342;-382.661896;1999.485229;0.239349;0.000000;0.000000;0.000000;0.000000;2.000000;293.238800;-425.841034;1915.367432;0.289061;0.000000;0.000000;0.000000;0.000000;2.000000;254.765991;-461.772919;1953.046631;0.138912;0.000000;0.000000;0.000000;0.000000;2.000000;-0.138000;-580.747375;2005.012817;0.069273;0.000000;0.000000;0.000000;0.000000;2.000000;-89.804176;-556.359619;1937.065063;0.156995;0.000000;0.000000;0.000000;0.000000;2.000000;-64.708611;-314.923065;1894.338379;0.237246;0.000000;0.000000;0.000000;0.000000;2.000000;118.138153;-408.871338;1891.315186;0.392603;0.000000;0.000000;0.000000;0.000000;2.000000;195.510239;-455.863953;1897.780640;0.378986;0.000000;0.000000;0.000000;0.000000;2.000000;255.417267;-495.476929;1956.817505;0.325381;0.000000;0.000000;0.000000;0.000000;2.000000;193.592285;-480.081055;1881.334473;0.351292;0.000000;0.000000;0.000000;0.000000;2.000000;68.374245;-145.291000;2040.904907;0.026163;0.000000;0.000000;0.000000;0.000000;2.000000;124.230721;-30.378265;1714.599731;0.215219;0.000000;0.000000;0.000000;0.000000;2.000000;103.237335;303.734314;1705.276245;0.143977;0.000000;0.000000;0.000000;0.000000;2.000000;132.202805;443.605652;1624.727539;0.197179;0.000000;0.000000;0.000000;0.000000;2.000000;-61.656075;-154.246292;1963.114258;0.023591;0.000000;0.000000;0.000000;0.000000;2.000000;156.714722;-127.612305;1690.826538;0.184212;0.000000;0.000000;0.000000;0.000000;2.000000;247.845612;196.055969;1652.551636;0.077988;0.000000;0.000000;0.000000;0.000000;2.000000;322.724823;308.796570;1585.874512;0.073266;0.000000;0.000000;0.000000;0.000000;2.000000;52.010048;-673.847778;1995.977051;0.132798;0.000000;0.000000;0.000000;0.000000;2.000000;78.295105;-750.371582;1880.922119;0.137983;0.000000;0.000000;0.000000;0.000000;2.000000;113.155060;-749.067871;1915.324951;0.121902;0.000000;0.000000;0.000000;0.000000;2.000000;143.658234;-676.935059;1993.940063;0.130431;0.000000;0.000000;0.000000;0.000000;2.000000;74.826950;-773.713379;1919.576050;0.118270;0.000000;0.000000;0.000000;0.000000;2.000000;27.196327;-758.756592;2022.827515;0.099388;0.000000;0.000000;0.000000;0.000000;2.000000;20441499648.000000
0.000000;-150.000000;2000.000000;0.000000;0.000000;0.000000;0.000000;0.000000;2.000000;-9.339996;-302.571869;2032.425903;0.161126;0.000000;0.000000;0.000000;0.000000;2.000000;-9.237595;-426.692566;2046.546753;0.044266;0.000000;0.000000;0.000000;0.000000;2.000000;33.021656;-609.790039;2017.423706;0.083680;0.000000;0.000000;0.000000;0.000000;2.000000;48.799221;-577.531494;2040.949707;0.062917;0.000000;0.000000;0.000000;0.000000;2.000000;144.068512;-521.202148;2099.494385;0.165540;0.000000;0.000000;0.000000;0.000000;2.000000;181.998322;-297.397552;2183.489502;0.224738;0.000000;0.000000;0.000000;0.000000;2.000000;224.854843;-341.139191;1989.794556;0.140861;0.000000;0.000000;0.000000;0.000000;2.000000;268.610779;-412.522125;1999.944580;1.229828;0.000000;0.000000;0.000000;0.000000;2.000000;302.721436;-403.580353;1912.118652;0.745037;0.000000;0.000000;0.000000;0.000000;2.000000;257.037720;-458.980164;1949.417725;0.155996;0.000000;0.000000;0.000000;0.000000;2.000000;2.296761;-582.004822;2005.008789;0.083627;0.000000;0.000000;0.000000;0.000000;2.000000;-87.653381;-558.927490;1936.861816;0.102410;0.000000;0.000000;0.000000;0.000000;2.000000;-60.555115;-317.409485;1894.973022;0.148995;0.000000;0.000000;0.000000;0.000000;2.000000;119.924057;-416.081604;1898.166382;0.308388;0.000000;0.000000;0.000000;0.000000;2.000000;195.277802;-465.263702;1910.388428;0.479976;0.000000;0.000000;0.000000;0.000000;2.000000;260.247192;-513.877258;1955.879761;0.581261;0.000000;0.000000;0.000000;0.000000;2.000000;196.651733;-485.931885;1893.128540;0.412487;0.000000;0.000000;0.000000;0.000000;2.000000;67.499741;-145.120239;2042.403320;0.053202;0.000000;0.000000;0.000000;0.000000;2.000000;125.447884;-31.843201;1715.665283;0.066602;0.000000;0.000000;0.000000;0.000000;2.000000;104.763252;302.344330;1702.087646;0.115917;0.000000;0.000000;0.000000;0.000000;2.000000;134.096588;443.162506;1623.137207;0.076671;0.000000;0.000000;0.000000;0.000000;2.000000;-60.867477;-154.400314;1961.763062;0.047975;0.000000;0.000000;0.000000;0.000000;2.000000;157.902374;-127.109085;1689.590576;0.054518;0.000000;0.000000;0.000000;0.000000;2.000000;248.680099;197.017914;1652.582520;0.038874;0.000000;0.000000;0.000000;0.000000;2.000000;324.177917;310.161346;1587.090942;0.071269;0.000000;0.000000;0.000000;0.000000;2.000000;55.465527;-674.736328;1997.494873;0.118327;0.000000;0.000000;0.000000;0.000000;2.000000;79.516144;-749.004028;1880.387695;0.058278;0.000000;0.000000;0.000000;0.000000;2.000000;115.419037;-747.615845;1913.740479;0.095264;0.000000;0.000000;0.000000;0.000000;2.000000;147.101410;-676.149536;1992.591675;0.115366;0.000000;0.000000;0.000000;0.000000;2.000000;77.653664;-773.023132;1918.768188;0.092158;0.000000;0.000000;0.000000;0.000000;2.000000;32.965546;-760.539063;2023.725952;0.186303;0.000000;0.000000;0.000000;0.000000;2.000000;20441532416.000000
0.000000;-150.000015;2000.000000;0.000000;0.000000;0.000000;0.000000;0.000000;2.000000;-9.448990;-302.617889;2031.975708;0.013370;0.000000;0.000000;0.000000;0.000000;2.000000;-9.475563;-426.749512;2045.703613;0.025216;0.000000;0.000000;0.000000;0.000000;2.000000;32.357975;-610.029053;2017.451660;0.020277;0.000000;0.000000;0.000000;0.000000;2.000000;48.124413;-577.738037;2040.919800;0.020288;0.000000;0.000000;0.000000;0.000000;2.000000;143.055267;-521.607666;2100.130859;0.036288;0.000000;0.000000;0.000000;0.000000;2.000000;185.770477;-296.576843;2178.156250;0.189102;0.000000;0.000000;0.000000;0.000000;2.000000;225.215668;-348.132690;1985.719360;0.232716;0.000000;0.000000;0.000000;0.000000;2.000000;265.144043;-421.417603;1997.736938;0.281453;0.000000;0.000000;0.000000;0.000000;2.000000;298.203247;-399.380035;1911.867310;0.177336;0.000000;0.000000;0.000000;0.000000;2.000000;259.287994;-465.605865;1946.331543;0.219662;0.000000;0.000000;0.000000;0.000000;2.000000;1.777344;-582.207520;2004.803711;0.017064;0.000000;0.000000;0.000000;0.000000;2.000000;-87.354179;-558.412292;1935.883667;0.032896;0.000000;0.000000;0.000000;0.000000;2.000000;-60.253487;-317.313599;1892.011475;0.085547;0.000000;0.000000;0.000000;0.000000;2.000000;119.324806;-416.501038;1906.511963;0.240624;0.000000;0.000000;0.000000;0.000000;2.000000;193.797958;-466.402802;1920.852661;0.305307;0.000000;0.000000;0.000000;0.000000;2.000000;259.996643;-514.605225;1964.937256;0.261091;0.000000;0.000000;0.000000;0.000000;2.000000;195.906525;-486.179962;1905.735107;0.362793;0.000000;0.000000;0.000000;0.000000;2.000000;67.630272;-145.349686;2042.180786;0.009917;0.000000;0.000000;0.000000;0.000000;2.000000;125.083038;-31.606842;1715.616455;0.012565;0.000000;0.000000;0.000000;0.000000;2.000000;105.024963;302.530212;1702.040405;0.009319;0.000000;0.000000;0.000000;0.000000;2.000000;133.949005;443.787781;1623.817261;0.026871;0.000000;0.000000;0.000000;0.000000;2.000000;-60.985191;-154.193436;1961.963623;0.008940;0.000000;0.000000;0.000000;0.000000;2.000000;157.880737;-127.199677;1689.957764;0.010881;0.000000;0.000000;0.000000;0.000000;2.000000;249.984772;196.277710;1651.394653;0.054957;0.000000;0.000000;0.000000;0.000000;2.000000;324.371155;309.825195;1585.424072;0.049155;0.000000;0.000000;0.000000;0.000000;2.000000;54.690346;-675.097534;1997.866699;0.026785;0.000000;0.000000;0.000000;0.000000;2.000000;79.223335;-749.308838;1880.868774;0.018393;0.000000;0.000000;0.000000;0.000000;2.000000;115.163757;-747.523560;1914.143066;0.013946;0.000000;0.000000;0.000000;0.000000;2.000000;146.302063;-675.645996;1992.795654;0.027760;0.000000;0.000000;0.000000;0.000000;2.000000;77.661446;-773.274109;1919.282104;0.016429;0.000000;0.000000;0.000000;0.000000;2.000000;33.063213;-761.043945;2024.275024;0.021607;0.000000;0.000000;0.000000;0.000000;2.000000;20441567232.000000
0.000000;-149.999985;2000.000000;0.000001;0.000000;0.000000;0.000000;0.000000;2.000000;-9.425278;-302.428223;2032.217529;0.009407;0.000000;0.000000;0.000000;0.000000;2.000000;-9.832489;-426.396820;2046.408569;0.026407;0.000000;0.000000;0.000000;0.000000;2.000000;32.786911;-609.458618;2019.055420;0.053571;0.000000;0.000000;0.000000;0.000000;2.000000;48.449699;-576.990601;2042.278442;0.048353;0.000000;0.000000;0.000000;0.000000;2.000000;144.020813;-520.707581;2100.065674;0.040333;0.000000;0.000000;0.000000;0.000000;2.000000;190.257172;-297.334656;2180.162598;0.151762;0.000000;0.000000;0.000000;0.000000;2.000000;219.176819;-345.581238;1985.202148;0.200687;0.000000;0.000000;0.000000;0.000000;2.000000;248.416656;-424.139587;1993.599976;0.532380;0.000000;0.000000;0.000000;0.000000;2.000000;288.012054;-397.289642;1912.066284;0.317544;0.000000;0.000000;0.000000;0.000000;2.000000;252.713562;-461.555237;1944.302002;0.243663;0.000000;0.000000;0.000000;0.000000;2.000000;2.057831;-581.882446;2006.359619;0.049257;0.000000;0.000000;0.000000;0.000000;2.000000;-86.348610;-558.573547;1936.514282;0.036556;0.000000;0.000000;0.000000;0.000000;2.000000;-60.636848;-317.237793;1894.357422;0.072579;0.000000;0.000000;0.000000;0.000000;2.000000;118.406372;-415.148041;1918.435181;0.367274;0.000000;0.000000;0.000000;0.000000;2.000000;191.691345;-466.265411;1934.054810;0.408016;0.000000;0.000000;0.000000;0.000000;2.000000;260.242615;-515.747253;1972.607422;0.236774;0.000000;0.000000;0.000000;0.000000;2.000000;193.625458;-487.654297;1921.489380;0.487875;0.000000;0.000000;0.000000;0.000000;2.000000;68.165802;-145.508530;2041.192017;0.034657;0.000000;0.000000;0.000000;0.000000;2.000000;124.506332;-30.211060;1715.309570;0.047031;0.000000;0.000000;0.000000;0.000000;2.000000;104.531227;303.705261;1703.547363;0.060232;0.000000;0.000000;0.000000;0.000000;2.000000;133.906876;444.139221;1624.317505;0.018701;0.000000;0.000000;0.000000;0.000000;2.000000;-61.468117;-154.050125;1962.855469;0.031258;0.000000;0.000000;0.000000;0.000000;2.000000;157.501556;-127.142303;1691.320068;0.043190;0.000000;0.000000;0.000000;0.000000;2.000000;250.074982;196.008850;1653.762451;0.072776;0.000000;0.000000;0.000000;0.000000;2.000000;323.922638;309.963257;1588.192261;0.085684;0.000000;0.000000;0.000000;0.000000;2.000000;55.362923;-674.465149;1999.775513;0.064708;0.000000;0.000000;0.000000;0.000000;2.000000;79.815315;-749.262207;1883.282959;0.075871;0.000000;0.000000;0.000000;0.000000;2.000000;116.426552;-745.673462;1915.603394;0.081603;0.000000;0.000000;0.000000;0.000000;2.000000;146.700043;-671.658203;1992.453003;0.122749;0.000000;0.000000;0.000000;0.000000;2.000000;80.090500;-772.711548;1921.997559;0.112504;0.000000;0.000000;0.000000;0.000000;2.000000;37.657581;-760.709106;2027.801147;0.177038;0.000000;0.000000;0.000000;0.000000;2.000000;20441600000.000000
0.000000;-150.000000;2000.000000;0.000000;0.000000;0.000000;0.000000;0.000000;2.000000;-9.353714;-302.255341;2032.009644;0.008535;0.000000;0.000000;0.000000;0.000000;2.000000;-9.646988;-426.081421;2045.928589;0.018419;0.000000;0.000000;0.000000;0.000000;2.000000;33.715183;-608.713989;2018.697144;0.037927;0.000000;0.000000;0.000000;0.000000;2.000000;49.331303;-576.161621;2041.723389;0.040630;0.000000;0.000000;0.000000;0.000000;2.000000;144.841644;-516.689209;2095.931641;0.177714;0.000000;0.000000;0.000000;0.000000;2.000000;189.756805;-290.158142;2166.312256;0.476294;0.000000;0.000000;0.000000;0.000000;2.000000;214.012634;-346.573639;1973.209473;0.399626;0.000000;0.000000;0.000000;0.000000;2.000000;241.396515;-425.284729;1984.697266;0.347756;0.000000;0.000000;0.000000;0.000000;2.000000;282.563721;-391.706879;1906.661865;0.289611;0.000000;0.000000;0.000000;0.000000;2.000000;250.690582;-463.836090;1944.448364;0.093147;0.000000;0.000000;0.000000;0.000000;2.000000;2.800674;-581.365601;2006.163086;0.028261;0.000000;0.000000;0.000000;0.000000;2.000000;-85.358894;-559.077209;1935.935791;0.038212;0.000000;0.000000;0.000000;0.000000;2.000000;-64.756615;-317.598907;1893.778809;0.127437;0.000000;0.000000;0.000000;0.000000;2.000000;116.103928;-409.522644;1924.525391;0.262588;0.000000;0.000000;0.000000;0.000000;2.000000;191.115356;-456.341064;1944.177490;0.432977;0.000000;0.000000;0.000000;0.000000;2.000000;257.015930;-500.539490;1992.279175;0.765173;0.000000;0.000000;0.000000;0.000000;2.000000;194.729065;-475.628601;1929.671143;0.445156;0.000000;0.000000;0.000000;0.000000;2.000000;68.088730;-145.540329;2041.109131;0.003588;0.000000;0.000000;0.000000;0.000000;2.000000;124.474396;-29.878296;1715.885010;0.020309;0.000000;0.000000;0.000000;0.000000;2.000000;104.266922;303.569336;1704.395508;0.027426;0.000000;0.000000;0.000000;0.000000;2.000000;133.464783;443.359131;1624.432983;0.027590;0.000000;0.000000;0.000000;0.000000;2.000000;-61.398613;-154.021500;1962.930054;0.003232;0.000000;0.000000;0.000000;0.000000;2.000000;157.043671;-127.029221;1691.601563;0.016762;0.000000;0.000000;0.000000;0.000000;2.000000;249.811310;195.564209;1653.940918;0.016689;0.000000;0.000000;0.000000;0.000000;2.000000;323.421692;309.699463;1588.900024;0.027659;0.000000;0.000000;0.000000;0.000000;2.000000;56.482952;-673.547363;1999.425903;0.045460;0.000000;0.000000;0.000000;0.000000;2.000000;78.793312;-756.772949;1888.592285;0.282423;0.000000;0.000000;0.000000;0.000000;2.000000;115.404747;-752.067627;1920.665527;0.250829;0.000000;0.000000;0.000000;0.000000;2.000000;147.745773;-673.979614;1992.239990;0.077972;0.000000;0.000000;0.000000;0.000000;2.000000;78.316895;-777.468750;1928.773682;0.258397;0.000000;0.000000;0.000000;0.000000;2.000000;36.189960;-756.973022;2033.214600;0.205666;0.000000;0.000000;0.000000;0.000000;2.000000;20441632768.000000
0.000000;-150.000000;2000.000000;0.000000;0.000000;0.000000;0.000000;0.000000;2.000000;-8.744812;-303.061707;2030.688965;0.047762;0.000000;0.000000;0.000000;0.000000;2.000000;-9.107323;-427.250183;2044.872925;0.047818;0.000000;0.000000;0.000000;0.000000;2.000000;33.767941;-610.817261;2019.047241;0.061261;0.000000;0.000000;0.000000;0.000000;2.000000;49.383965;-578.095764;2042.083618;0.056529;0.000000;0.000000;0.000000;0.000000;2.000000;146.069244;-521.618958;2098.278564;0.160737;0.000000;0.000000;0.000000;0.000000;2.000000;200.166351;-297.126648;2171.281494;0.387074;0.000000;0.000000;0.000000;0.000000;2.000000;209.528336;-339.470184;1972.694946;0.241734;0.000000;0.000000;0.000000;0.000000;2.000000;245.922470;-413.734070;1955.901733;0.900568;0.000000;0.000000;0.000000;0.000000;2.000000;190.025787;-444.020844;1885.716797;3.111942;0.000000;0.000000;0.000000;0.000000;1.000000;249.685318;-446.185028;1936.539307;0.556299;0.000000;0.000000;0.000000;0.000000;2.000000;2.996269;-583.317017;2006.037476;0.056446;0.000000;0.000000;0.000000;0.000000;2.000000;-84.772415;-561.553101;1934.577271;0.082846;0.000000;0.000000;0.000000;0.000000;2.000000;-71.732376;-318.715607;1892.709717;0.205222;0.000000;0.000000;0.000000;0.000000;2.000000;111.240036;-404.450012;1931.961182;0.293868;0.000000;0.000000;0.000000;0.000000;2.000000;189.547470;-444.951416;1953.959473;0.433575;0.000000;0.000000;0.000000;0.000000;2.000000;258.136444;-483.063538;2004.031250;0.605748;0.000000;0.000000;0.000000;0.000000;2.000000;192.341278;-470.424011;1936.410767;0.254014;0.000000;0.000000;0.000000;0.000000;2.000000;67.549194;-145.349869;2042.440552;0.041623;0.000000;0.000000;0.000000;0.000000;2.000000;124.532013;-34.205627;1714.576294;0.129862;0.000000;0.000000;0.000000;0.000000;2.000000;103.406097;300.251709;1703.601807;0.101051;0.000000;0.000000;0.000000;0.000000;2.000000;133.171844;440.832336;1624.186401;0.073404;0.000000;0.000000;0.000000;0.000000;2.000000;-60.912079;-154.193237;1961.729370;0.037536;0.000000;0.000000;0.000000;0.000000;2.000000;159.522461;-129.503479;1690.382080;0.106519;0.000000;0.000000;0.000000;0.000000;2.000000;249.077896;195.148193;1653.134521;0.033511;0.000000;0.000000;0.000000;0.000000;2.000000;323.455078;307.892334;1585.498169;0.110645;0.000000;0.000000;0.000000;0.000000;2.000000;56.469536;-676.075378;2000.310303;0.076927;0.000000;0.000000;0.000000;0.000000;2.000000;79.153282;-751.191101;1883.369873;0.219797;0.000000;0.000000;0.000000;0.000000;2.000000;116.276154;-747.672119;1915.240601;0.202100;0.000000;0.000000;0.000000;0.000000;2.000000;147.865387;-673.540894;1991.727173;0.019686;0.000000;0.000000;0.000000;0.000000;2.000000;79.887939;-774.643372;1922.168945;0.211209;0.000000;0.000000;0.000000;0.000000;2.000000;38.863525;-762.388855;2028.713135;0.216359;0.000000;0.000000;0.000000;0.000000;2.000000;20441667584.000000
0.000000;-150.000000;2000.000000;0.000000;0.000000;0.000000;0.000000;0.000000;2.000000;-8.794426;-302.152191;2029.853516;0.037719;0.000000;0.000000;0.000000;0.000000;2.000000;-10.370918;-425.342834;2045.231689;0.070675;0.000000;0.000000;0.000000;0.000000;2.000000;33.149075;-607.525146;2020.071777;0.106902;0.000000;0.000000;0.000000;0.000000;2.000000;48.680756;-574.804993;2042.625732;0.104018;0.000000;0.000000;0.000000;0.000000;2.000000;145.651398;-514.569519;2092.161377;0.285122;0.000000;0.000000;0.000000;0.000000;2.000000;195.200531;-292.056854;2168.975342;0.227720;0.000000;0.000000;0.000000;0.000000;2.000000;201.719574;-333.764374;1971.536621;0.297252;0.000000;0.000000;0.000000;0.000000;2.000000;261.204285;-392.640442;1976.172363;1.007253;0.000000;0.000000;0.000000;0.000000;2.000000;208.779541;-431.193390;1908.254150;0.976648;0.000000;0.000000;0.000000;0.000000;2.000000;248.741028;-438.042786;1928.790283;0.344234;0.000000;0.000000;0.000000;0.000000;2.000000;2.273537;-580.476929;2007.326660;0.097706;0.000000;0.000000;0.000000;0.000000;2.000000;-85.145866;-558.902222;1936.629639;0.102944;0.000000;0.000000;0.000000;0.000000;2.000000;-71.428368;-317.585907;1895.936401;0.104743;0.000000;0.000000;0.000000;0.000000;2.000000;111.437210;-398.862152;1937.853149;0.247885;0.000000;0.000000;0.000000;0.000000;2.000000;190.836700;-435.026306;1960.954468;0.372639;0.000000;0.000000;0.000000;0.000000;2.000000;263.337891;-469.860809;2006.542725;0.439786;0.000000;0.000000;0.000000;0.000000;2.000000;196.181976;-458.141998;1944.064941;0.456934;0.000000;0.000000;0.000000;0.000000;2.000000;67.038109;-145.581467;2042.268188;0.017913;0.000000;0.000000;0.000000;0.000000;2.000000;124.212357;-30.249451;1718.421631;0.168650;0.000000;0.000000;0.000000;0.000000;2.000000;104.266586;301.942169;1705.232544;0.076339;0.000000;0.000000;0.000000;0.000000;2.000000;132.863174;443.152863;1628.835205;0.158842;0.000000;0.000000;0.000000;0.000000;2.000000;-60.451210;-153.984390;1961.885010;0.016155;0.000000;0.000000;0.000000;0.000000;2.000000;159.379425;-126.267242;1693.385498;0.134811;0.000000;0.000000;0.000000;0.000000;2.000000;249.865631;195.437897;1653.546875;0.028538;0.000000;0.000000;0.000000;0.000000;2.000000;322.348328;309.600494;1588.542603;0.111760;0.000000;0.000000;0.000000;0.000000;2.000000;55.931465;-672.291626;2001.559937;0.122709;0.000000;0.000000;0.000000;0.000000;2.000000;78.620995;-756.487549;1892.185791;0.314281;0.000000;0.000000;0.000000;0.000000;2.000000;115.194427;-750.918701;1923.893799;0.283975;0.000000;0.000000;0.000000;0.000000;2.000000;146.828400;-671.742798;1993.956055;0.092948;0.000000;0.000000;0.000000;0.000000;2.000000;78.584404;-776.549438;1932.508423;0.323309;0.000000;0.000000;0.000000;0.000000;2.000000;36.867432;-755.170410;2036.484131;0.329362;0.000000;0.000000;0.000000;0.000000;2.000000;20441700352.000000
0.000000;-150.000000;2000.000000;0.000000;0.000000;0.000000;0.000000;0.000000;2.000000;-8.798500;-301.352051;2029.662964;0.025102;0.000000;0.000000;0.000000;0.000000;2.000000;-11.320557;-423.763763;2045.833862;0.059159;0.000000;0.000000;0.000000;0.000000;2.000000;33.711037;-604.929443;2023.647705;0.135934;0.000000;0.000000;0.000000;0.000000;2.000000;49.126183;-571.771973;2045.195190;0.122069;0.000000;0.000000;0.000000;0.000000;2.000000;140.145859;-499.250854;2087.365723;0.517874;0.000000;0.000000;0.000000;0.000000;2.000000;171.073914;-272.489014;2157.224121;1.013572;0.000000;0.000000;0.000000;0.000000;2.000000;192.984589;-356.783813;1976.257690;0.765062;0.000000;0.000000;0.000000;0.000000;2.000000;275.245575;-369.353638;1981.494507;0.845595;0.000000;0.000000;0.000000;0.000000;2.000000;236.076828;-441.548584;1936.683228;1.243599;0.000000;0.000000;0.000000;0.000000;2.000000;245.643448;-464.052521;1951.593018;1.059829;0.000000;0.000000;0.000000;0.000000;2.000000;2.486328;-578.633911;2010.941528;0.123998;0.000000;0.000000;0.000000;0.000000;2.000000;-84.689438;-556.705688;1941.033447;0.150828;0.000000;0.000000;0.000000;0.000000;2.000000;-76.532425;-316.226532;1901.689697;0.238349;0.000000;0.000000;0.000000;0.000000;2.000000;110.370285;-383.905151;1944.692139;0.502959;0.000000;0.000000;0.000000;0.000000;2.000000;189.913544;-412.249756;1975.178833;0.819984;0.000000;0.000000;0.000000;0.000000;2.000000;249.569824;-445.865570;2036.572510;1.246044;0.000000;0.000000;0.000000;0.000000;2.000000;196.574219;-445.128113;1944.551636;0.397610;0.000000;0.000000;0.000000;0.000000;2.000000;67.994270;-146.124023;2039.945068;0.078434;0.000000;0.000000;0.000000;0.000000;2.000000;128.584534;-24.841339;1720.904785;0.225355;0.000000;0.000000;0.000000;0.000000;2.000000;103.820816;305.398773;1711.816406;0.227339;0.000000;0.000000;0.000000;0.000000;2.000000;131.494186;444.334503;1632.787109;0.132630;0.000000;0.000000;0.000000;0.000000;2.000000;-61.313416;-153.495117;1963.979858;0.070727;0.000000;0.000000;0.000000;0.000000;2.000000;158.314331;-123.866943;1697.907227;0.159575;0.000000;0.000000;0.000000;0.000000;2.000000;248.760437;196.243134;1660.161621;0.206134;0.000000;0.000000;0.000000;0.000000;2.000000;320.879333;310.557892;1596.867188;0.259621;0.000000;0.000000;0.000000;0.000000;2.000000;56.840763;-669.437744;2006.130127;0.166756;0.000000;0.000000;0.000000;0.000000;2.000000;76.921288;-748.933716;1893.713745;0.240845;0.000000;0.000000;0.000000;0.000000;2.000000;113.522217;-745.711426;1925.320557;0.172492;0.000000;0.000000;0.000000;0.000000;2.000000;147.219513;-670.896484;1998.239502;0.133781;0.000000;0.000000;0.000000;0.000000;2.000000;76.480652;-770.607056;1932.919312;0.192784;0.000000;0.000000;0.000000;0.000000;2.000000;35.842957;-752.794434;2037.334595;0.083118;0.000000;0.000000;0.000000;0.000000;2.000000;20441733120.000000
0.000000;-150.000000;2000.000000;0.000000;0.000000;0.000000;0.000000;0.000000;2.000000;-8.800499;-301.353546;2029.665649;0.000112;0.000000;0.000000;0.000000;0.000000;2.000000;-11.326431;-423.766144;2045.842529;0.000328;0.000000;0.000000;0.000000;0.000000;2.000000;33.686649;-604.939819;2023.661621;0.000914;0.000000;0.000000;0.000000;0.000000;2.000000;49.105286;-571.782898;2045.208618;0.000828;0.000000;0.000000;0.000000;0.000000;2.000000;140.142670;-499.284729;2087.385254;0.001197;0.000000;0.000000;0.000000;0.000000;2.000000;171.171143;-272.532745;2157.242920;0.003304;0.000000;0.000000;0.000000;0.000000;2.000000;193.032547;-356.879425;1976.291504;0.003424;0.000000;0.000000;0.000000;0.000000;2.000000;275.285126;-369.509735;1981.532715;0.005051;0.000000;0.000000;0.000000;0.000000;2.000000;236.101440;-441.703735;1936.730103;0.005003;0.000000;0.000000;0.000000;0.000000;2.000000;245.566315;-464.216034;1951.663330;0.005920;0.000000;0.000000;0.000000;0.000000;2.000000;2.464500;-578.640869;2010.954224;0.000799;0.000000;0.000000;0.000000;0.000000;2.000000;-84.713326;-556.710083;1941.046875;0.000847;0.000000;0.000000;0.000000;0.000000;2.000000;-76.575233;-316.226990;1901.702637;0.001365;0.000000;0.000000;0.000000;0.000000;2.000000;110.346848;-383.865112;1944.697754;0.001426;0.000000;0.000000;0.000000;0.000000;2.000000;189.907135;-412.143738;1975.204834;0.003337;0.000000;0.000000;0.000000;0.000000;2.000000;249.470398;-445.686707;2036.730469;0.007889;0.000000;0.000000;0.000000;0.000000;2.000000;196.571594;-445.062073;1944.615601;0.002807;0.000000;0.000000;0.000000;0.000000;2.000000;67.995613;-146.124329;2039.944824;0.000043;0.000000;0.000000;0.000000;0.000000;2.000000;128.582748;-24.839478;1720.899658;0.000175;0.000000;0.000000;0.000000;0.000000;2.000000;103.824005;305.405426;1711.803955;0.000442;0.000000;0.000000;0.000000;0.000000;2.000000;131.499435;444.334991;1632.760010;0.000843;0.000000;0.000000;0.000000;0.000000;2.000000;-61.314629;-153.494873;1963.979858;0.000038;0.000000;0.000000;0.000000;0.000000;2.000000;158.306717;-123.884827;1697.893555;0.000725;0.000000;0.000000;0.000000;0.000000;2.000000;248.766754;196.223114;1660.122314;0.001360;0.000000;0.000000;0.000000;0.000000;2.000000;320.887238;310.520477;1596.793457;0.002535;0.000000;0.000000;0.000000;0.000000;2.000000;56.810005;-669.451904;2006.145874;0.001140;0.000000;0.000000;0.000000;0.000000;2.000000;76.877037;-748.945374;1893.722900;0.001424;0.000000;0.000000;0.000000;0.000000;2.000000;113.481705;-745.725464;1925.326782;0.001322;0.000000;0.000000;0.000000;0.000000;2.000000;147.189178;-670.913452;1998.246216;0.001080;0.000000;0.000000;0.000000;0.000000;2.000000;76.439560;-770.620605;1932.928467;0.001350;0.000000;0.000000;0.000000;0.000000;2.000000;35.812233;-752.810303;2037.349731;0.001152;0.000000;0.000000;0.000000;0.000000;2.000000;20441765888.000000
0.000000;-150.000000;2000.000000;0.000000;0.000000;0.000000;0.000000;0.000000;2.000000;-8.769554;-301.344269;2029.550293;0.003441;0.000000;0.000000;0.000000;0.000000;2.000000;-11.406654;-423.708344;2045.874512;0.002985;0.000000;0.000000;0.000000;0.000000;2.000000;33.173275;-604.964355;2023.832031;0.015552;0.000000;0.000000;0.000000;0.000000;2.000000;48.693325;-571.823608;2045.313232;0.012264;0.000000;0.000000;0.000000;0.000000;2.000000;140.342422;-499.784058;2086.868652;0.021419;0.000000;0.000000;0.000000;0.000000;2.000000;173.181610;-271.905518;2151.890137;0.165217;0.000000;0.000000;0.000000;0.000000;2.000000;192.829834;-364.052216;1974.572998;0.211930;0.000000;0.000000;0.000000;0.000000;2.000000;275.434753;-374.625397;1978.335083;0.173330;0.000000;0.000000;0.000000;0.000000;2.000000;237.478699;-449.924377;1937.835083;0.241502;0.000000;0.000000;0.000000;0.000000;2.000000;243.817566;-471.367310;1951.007690;0.212291;0.000000;0.000000;0.000000;0.000000;2.000000;1.994522;-578.618347;2011.146484;0.014599;0.000000;0.000000;0.000000;0.000000;2.000000;-85.392151;-556.612061;1941.563965;0.024671;0.000000;0.000000;0.000000;0.000000;2.000000;-77.864883;-316.132416;1902.399658;0.042193;0.000000;0.000000;0.000000;0.000000;2.000000;110.225372;-381.481323;1943.597900;0.075485;0.000000;0.000000;0.000000;0.000000;2.000000;189.844360;-409.454407;1974.177002;0.082713;0.000000;0.000000;0.000000;0.000000;2.000000;243.124863;-441.548523;2041.895996;0.263360;0.000000;0.000000;0.000000;0.000000;2.000000;194.620956;-445.879517;1944.415161;0.061020;0.000000;0.000000;0.000000;0.000000;2.000000;67.951820;-146.129929;2039.986694;0.001748;0.000000;0.000000;0.000000;0.000000;2.000000;128.693176;-23.538147;1721.551270;0.041921;0.000000;0.000000;0.000000;0.000000;2.000000;103.762611;306.675385;1714.620483;0.088758;0.000000;0.000000;0.000000;0.000000;2.000000;131.701904;444.074554;1633.103882;0.013687;0.000000;0.000000;0.000000;0.000000;2.000000;-61.275146;-153.489822;1963.942261;0.001573;0.000000;0.000000;0.000000;0.000000;2.000000;158.046082;-123.066757;1697.796387;0.024818;0.000000;0.000000;0.000000;0.000000;2.000000;248.430038;197.087311;1660.876465;0.034334;0.000000;0.000000;0.000000;0.000000;2.000000;321.033630;310.226776;1596.111694;0.021732;0.000000;0.000000;0.000000;0.000000;2.000000;56.125858;-669.531738;2006.356689;0.020690;0.000000;0.000000;0.000000;0.000000;2.000000;76.450378;-747.991577;1893.292358;0.032459;0.000000;0.000000;0.000000;0.000000;2.000000;113.266068;-744.392334;1924.592773;0.044148;0.000000;0.000000;0.000000;0.000000;2.000000;146.425354;-669.525574;1997.671997;0.048398;0.000000;0.000000;0.000000;0.000000;2.000000;76.693359;-769.906738;1932.354858;0.027295;0.000000;0.000000;0.000000;0.000000;2.000000;36.711487;-753.381653;2037.209473;0.030865;0.000000;0.000000;0.000000;0.000000;2.000000;20441800704.000000
0.000000;-149.999985;2000.000000;0.000000;0.000000;0.000000;0.000000;0.000000;2.000000;-6.757813;-301.861938;2028.781250;0.067598;0.000000;0.000000;0.000000;0.000000;2.000000;-7.606506;-424.531372;2044.579346;0.125070;0.000000;0.000000;0.000000;0.000000;2.000000;36.825298;-606.307251;2023.841187;0.118747;0.000000;0.000000;0.000000;0.000000;2.000000;52.402008;-572.975830;2045.127441;0.118652;0.000000;0.000000;0.000000;0.000000;2.000000;143.483276;-500.901337;2088.457764;0.112703;0.000000;0.000000;0.000000;0.000000;2.000000;184.757843;-274.833649;2156.418945;0.389734;0.000000;0.000000;0.000000;0.000000;2.000000;197.803406;-369.042969;1979.191284;0.257096;0.000000;0.000000;0.000000;0.000000;2.000000;281.052429;-375.358887;1977.523071;0.174660;0.000000;0.000000;0.000000;0.000000;2.000000;241.730576;-452.243652;1941.149414;0.179100;0.000000;0.000000;0.000000;0.000000;2.000000;247.850769;-476.429871;1955.351685;0.237893;0.000000;0.000000;0.000000;0.000000;2.000000;5.635811;-579.968750;2010.924316;0.118713;0.000000;0.000000;0.000000;0.000000;2.000000;-82.822739;-558.435547;1942.238281;0.098330;0.000000;0.000000;0.000000;0.000000;2.000000;-74.734299;-317.758575;1901.845093;0.108980;0.000000;0.000000;0.000000;0.000000;2.000000;114.400787;-382.390076;1941.044312;0.151917;0.000000;0.000000;0.000000;0.000000;2.000000;193.895081;-411.688019;1971.150146;0.168702;0.000000;0.000000;0.000000;0.000000;2.000000;245.887177;-443.150513;2040.362305;0.108107;0.000000;0.000000;0.000000;0.000000;2.000000;198.508926;-447.273865;1945.850830;0.133448;0.000000;0.000000;0.000000;0.000000;2.000000;67.113274;-145.116302;2041.526489;0.061805;0.000000;0.000000;0.000000;0.000000;2.000000;131.885941;-24.893707;1722.343750;0.108581;0.000000;0.000000;0.000000;0.000000;2.000000;106.335091;305.830933;1715.209473;0.084560;0.000000;0.000000;0.000000;0.000000;2.000000;135.022095;443.674072;1634.156616;0.106996;0.000000;0.000000;0.000000;0.000000;2.000000;-60.518982;-154.403824;1962.553711;0.055733;0.000000;0.000000;0.000000;0.000000;2.000000;160.785004;-124.075409;1697.276367;0.090476;0.000000;0.000000;0.000000;0.000000;2.000000;251.735352;196.704102;1662.073242;0.107914;0.000000;0.000000;0.000000;0.000000;2.000000;324.470093;310.317017;1597.702881;0.115602;0.000000;0.000000;0.000000;0.000000;2.000000;59.742870;-671.138916;2006.818604;0.121608;0.000000;0.000000;0.000000;0.000000;2.000000;78.829651;-740.107910;1887.248047;0.311738;0.000000;0.000000;0.000000;0.000000;2.000000;115.917160;-739.410034;1918.553833;0.252247;0.000000;0.000000;0.000000;0.000000;2.000000;150.140274;-671.058105;1997.564941;0.122682;0.000000;0.000000;0.000000;0.000000;2.000000;79.131516;-765.263611;1924.397827;0.290827;0.000000;0.000000;0.000000;0.000000;2.000000;39.825962;-757.282654;2030.704468;0.250231;0.000000;0.000000;0.000000;0.000000;2.000000;20441833472.000000
0.000000;-150.000015;2000.000000;0.000001;0.000000;0.000000;0.000000;0.000000;2.000000;-7.882141;-301.922577;2029.762085;0.045571;0.000000;0.000000;0.000000;0.000000;2.000000;-9.672241;-424.783203;2045.859619;0.074564;0.000000;0.000000;0.000000;0.000000;2.000000;34.397705;-606.557251;2021.375732;0.105866;0.000000;0.000000;0.000000;0.000000;2.000000;50.369492;-573.520142;2042.989136;0.091551;0.000000;0.000000;0.000000;0.000000;2.000000;142.710236;-503.003296;2086.896484;0.083316;0.000000;0.000000;0.000000;0.000000;2.000000;187.331757;-274.469177;2145.474854;0.343280;0.000000;0.000000;0.000000;0.000000;2.000000;204.288498;-380.604950;1975.008423;0.424219;0.000000;0.000000;0.000000;0.000000;2.000000;287.885254;-380.291626;1971.625000;0.313911;0.000000;0.000000;0.000000;0.000000;2.000000;238.631546;-455.959656;1945.880005;0.206510;0.000000;0.000000;0.000000;0.000000;2.000000;247.022858;-490.507935;1962.036133;0.476269;0.000000;0.000000;0.000000;0.000000;2.000000;2.955643;-579.950256;2009.380493;0.094393;0.000000;0.000000;0.000000;0.000000;2.000000;-86.033173;-558.817505;1940.890137;0.106900;0.000000;0.000000;0.000000;0.000000;2.000000;-72.602737;-317.644714;1902.062256;0.065479;0.000000;0.000000;0.000000;0.000000;2.000000;115.994514;-384.747253;1941.737915;0.089377;0.000000;0.000000;0.000000;0.000000;2.000000;194.281219;-422.055542;1966.120850;0.351851;0.000000;0.000000;0.000000;0.000000;2.000000;245.145706;-454.833344;2035.795166;0.383475;0.000000;0.000000;0.000000;0.000000;2.000000;197.181259;-450.441498;1948.843750;0.139028;0.000000;0.000000;0.000000;0.000000;2.000000;68.582314;-145.831421;2039.442261;0.080820;0.000000;0.000000;0.000000;0.000000;2.000000;134.137360;-25.257080;1719.824219;0.103710;0.000000;0.000000;0.000000;0.000000;2.000000;105.757385;305.937866;1716.445801;0.041773;0.000000;0.000000;0.000000;0.000000;2.000000;134.005188;443.424988;1634.017822;0.032230;0.000000;0.000000;0.000000;0.000000;2.000000;-61.843689;-153.759003;1964.433350;0.072883;0.000000;0.000000;0.000000;0.000000;2.000000;159.514786;-126.329803;1698.014282;0.082116;0.000000;0.000000;0.000000;0.000000;2.000000;249.917603;195.281189;1662.831543;0.074152;0.000000;0.000000;0.000000;0.000000;2.000000;323.143555;307.575439;1596.079102;0.105330;0.000000;0.000000;0.000000;0.000000;2.000000;57.041306;-671.232178;2002.885498;0.145644;0.000000;0.000000;0.000000;0.000000;2.000000;78.836029;-744.637207;1886.139160;0.142306;0.000000;0.000000;0.000000;0.000000;2.000000;115.256622;-742.831177;1918.316528;0.106580;0.000000;0.000000;0.000000;0.000000;2.000000;147.803894;-671.553711;1995.729492;0.091924;0.000000;0.000000;0.000000;0.000000;2.000000;78.233025;-768.478455;1924.244385;0.101976;0.000000;0.000000;0.000000;0.000000;2.000000;36.398441;-756.604614;2029.450806;0.113283;0.000000;0.000000;0.000000;0.000000;2.000000;20441866240.000000
0.000000;-150.000015;2000.000000;0.000000;0.000000;0.000000;0.000000;0.000000;2.000000;-7.885162;-301.925201;2029.763062;0.000126;0.000000;0.000000;0.000000;0.000000;2.000000;-9.680634;-424.787354;2045.866577;0.000356;0.000000;0.000000;0.000000;0.000000;2.000000;34.361382;-606.573730;2021.396729;0.001376;0.000000;0.000000;0.000000;0.000000;2.000000;50.338432;-573.536865;2043.008423;0.001227;0.000000;0.000000;0.000000;0.000000;2.000000;142.705521;-503.039917;2086.898926;0.001129;0.000000;0.000000;0.000000;0.000000;2.000000;187.460724;-274.491150;2145.336426;0.005813;0.000000;0.000000;0.000000;0.000000;2.000000;204.341003;-380.767639;1974.945557;0.005559;0.000000;0.000000;0.000000;0.000000;2.000000;287.939270;-380.506134;1971.556030;0.007071;0.000000;0.000000;0.000000;0.000000;2.000000;238.629486;-456.163391;1945.880371;0.006218;0.000000;0.000000;0.000000;0.000000;2.000000;247.024811;-490.720581;1962.119141;0.006967;0.000000;0.000000;0.000000;0.000000;2.000000;2.923187;-579.962158;2009.398926;0.001196;0.000000;0.000000;0.000000;0.000000;2.000000;-86.055336;-558.818970;1940.894897;0.000693;0.000000;0.000000;0.000000;0.000000;2.000000;-72.573616;-317.648682;1902.040527;0.001115;0.000000;0.000000;0.000000;0.000000;2.000000;116.005310;-384.775879;1941.781372;0.001622;0.000000;0.000000;0.000000;0.000000;2.000000;194.273621;-422.059937;1966.266479;0.004452;0.000000;0.000000;0.000000;0.000000;2.000000;245.178253;-454.695282;2035.980591;0.007125;0.000000;0.000000;0.000000;0.000000;2.000000;197.186035;-450.502014;1949.197144;0.010943;0.000000;0.000000;0.000000;0.000000;2.000000;68.583702;-145.832520;2039.442871;0.000057;0.000000;0.000000;0.000000;0.000000;2.000000;134.159225;-25.269379;1719.817749;0.000791;0.000000;0.000000;0.000000;0.000000;2.000000;105.792870;305.932861;1716.414795;0.001446;0.000000;0.000000;0.000000;0.000000;2.000000;134.074799;443.394409;1633.949951;0.003110;0.000000;0.000000;0.000000;0.000000;2.000000;-61.844933;-153.758026;1964.432617;0.000053;0.000000;0.000000;0.000000;0.000000;2.000000;159.519455;-126.327881;1698.010010;0.000202;0.000000;0.000000;0.000000;0.000000;2.000000;249.928986;195.287903;1662.827881;0.000419;0.000000;0.000000;0.000000;0.000000;2.000000;323.173370;307.571899;1596.072144;0.000941;0.000000;0.000000;0.000000;0.000000;2.000000;56.995323;-671.254883;2002.911621;0.001756;0.000000;0.000000;0.000000;0.000000;2.000000;78.715561;-744.689148;1886.166504;0.004090;0.000000;0.000000;0.000000;0.000000;2.000000;115.148834;-742.895264;1918.331665;0.003855;0.000000;0.000000;0.000000;0.000000;2.000000;147.756989;-671.620117;1995.723999;0.002487;0.000000;0.000000;0.000000;0.000000;2.000000;78.114578;-768.524780;1924.276123;0.004000;0.000000;0.000000;0.000000;0.000000;2.000000;36.321270;-756.615356;2029.497314;0.002769;0.000000;0.000000;0.000000;0.000000;2.000000;20441899008.000000
0.000000;-150.000000;2000.000000;0.000000;0.000000;0.000000;0.000000;0.000000;2.000000;-8.346649;-301.286346;2031.075928;0.043981;0.000000;0.000000;0.000000;0.000000;2.000000;-10.645020;-423.712372;2048.288818;0.081000;0.000000;0.000000;0.000000;0.000000;2.000000;33.345688;-604.789063;2021.768311;0.059938;0.000000;0.000000;0.000000;0.000000;2.000000;49.557854;-571.948364;2043.317993;0.051608;0.000000;0.000000;0.000000;0.000000;2.000000;143.922821;-505.147736;2087.956055;0.076221;0.000000;0.000000;0.000000;0.000000;2.000000;192.299515;-275.715363;2137.127441;0.275945;0.000000;0.000000;0.000000;0.000000;2.000000;204.431763;-393.185638;1974.380859;0.357053;0.000000;0.000000;0.000000;0.000000;2.000000;285.718536;-381.033569;1959.750977;0.345350;0.000000;0.000000;0.000000;0.000000;2.000000;230.611450;-456.519592;1953.365234;0.315213;0.000000;0.000000;0.000000;0.000000;2.000000;246.174622;-499.270142;1964.791992;0.258441;0.000000;0.000000;0.000000;0.000000;2.000000;1.717651;-578.228882;2010.518188;0.068636;0.000000;0.000000;0.000000;0.000000;2.000000;-88.429314;-557.831299;1943.759644;0.110565;0.000000;0.000000;0.000000;0.000000;2.000000;-70.837959;-317.812775;1902.877563;0.055547;0.000000;0.000000;0.000000;0.000000;2.000000;118.006523;-384.516174;1939.640625;0.084500;0.000000;0.000000;0.000000;0.000000;2.000000;194.940445;-421.835449;1967.354980;0.037227;0.000000;0.000000;0.000000;0.000000;2.000000;250.366486;-455.537720;2032.706543;0.177863;0.000000;0.000000;0.000000;0.000000;2.000000;199.170013;-451.311310;1963.264404;0.408706;0.000000;0.000000;0.000000;0.000000;2.000000;68.831528;-145.857574;2038.653809;0.023766;0.000000;0.000000;0.000000;0.000000;2.000000;135.921997;-27.118561;1719.498047;0.073951;0.000000;0.000000;0.000000;0.000000;2.000000;107.320190;303.336853;1717.698242;0.094038;0.000000;0.000000;0.000000;0.000000;2.000000;133.718811;440.279541;1634.459961;0.091233;0.000000;0.000000;0.000000;0.000000;2.000000;-62.068428;-153.735413;1965.144165;0.021432;0.000000;0.000000;0.000000;0.000000;2.000000;158.919418;-125.175735;1699.531494;0.057462;0.000000;0.000000;0.000000;0.000000;2.000000;248.614227;195.789734;1663.683960;0.047312;0.000000;0.000000;0.000000;0.000000;2.000000;322.562408;307.480469;1597.454468;0.043488;0.000000;0.000000;0.000000;0.000000;2.000000;55.784203;-669.125366;2002.462402;0.071538;0.000000;0.000000;0.000000;0.000000;2.000000;78.405991;-743.013123;1886.547119;0.050160;0.000000;0.000000;0.000000;0.000000;2.000000;114.320007;-741.443665;1919.142456;0.053361;0.000000;0.000000;0.000000;0.000000;2.000000;146.429184;-670.352356;1996.565796;0.058009;0.000000;0.000000;0.000000;0.000000;2.000000;77.052254;-766.652344;1924.642578;0.062723;0.000000;0.000000;0.000000;0.000000;2.000000;33.995598;-754.006348;2028.992310;0.101430;0.000000;0.000000;0.000000;0.000000;2.000000;20441933824.000000
0.000000;-149.999985;2000.000000;0.000000;0.000000;0.000000;0.000000;0.000000;2.000000;-8.374123;-301.163818;2030.898926;0.006623;0.000000;0.000000;0.000000;0.000000;2.000000;-11.015518;-423.404144;2048.495117;0.015999;0.000000;0.000000;0.000000;0.000000;2.000000;33.069847;-604.119263;2021.010864;0.031984;0.000000;0.000000;0.000000;0.000000;2.000000;49.190010;-571.440674;2042.791382;0.024987;0.000000;0.000000;0.000000;0.000000;2.000000;144.760437;-507.210327;2088.286865;0.068684;0.000000;0.000000;0.000000;0.000000;2.000000;195.156860;-277.675629;2133.643799;0.149949;0.000000;0.000000;0.000000;0.000000;2.000000;201.072906;-399.423706;1973.972412;0.216572;0.000000;0.000000;0.000000;0.000000;2.000000;281.806885;-388.327484;1956.244019;0.274321;0.000000;0.000000;0.000000;0.000000;2.000000;218.613312;-457.347382;1957.284912;0.386026;0.000000;0.000000;0.000000;0.000000;2.000000;242.141235;-505.419312;1962.503662;0.235039;0.000000;0.000000;0.000000;0.000000;2.000000;1.498894;-577.525757;2009.841309;0.030524;0.000000;0.000000;0.000000;0.000000;2.000000;-88.352531;-557.241882;1942.843628;0.033324;0.000000;0.000000;0.000000;0.000000;2.000000;-70.435539;-317.246460;1903.443115;0.027338;0.000000;0.000000;0.000000;0.000000;2.000000;118.086517;-383.111511;1942.197510;0.089063;0.000000;0.000000;0.000000;0.000000;2.000000;195.757660;-420.536865;1967.299561;0.046854;0.000000;0.000000;0.000000;0.000000;2.000000;253.766907;-452.392487;2031.190063;0.148740;0.000000;0.000000;0.000000;0.000000;2.000000;198.732910;-451.184906;1974.061768;0.329802;0.000000;0.000000;0.000000;0.000000;2.000000;68.846130;-145.949066;2038.476318;0.006110;0.000000;0.000000;0.000000;0.000000;2.000000;136.268280;-27.865051;1719.522705;0.025124;0.000000;0.000000;0.000000;0.000000;2.000000;107.302841;302.208679;1715.568726;0.073546;0.000000;0.000000;0.000000;0.000000;2.000000;132.186829;441.245911;1635.720337;0.067342;0.000000;0.000000;0.000000;0.000000;2.000000;-62.081596;-153.652878;1965.304077;0.005506;0.000000;0.000000;0.000000;0.000000;2.000000;158.849380;-124.649872;1700.142456;0.024693;0.000000;0.000000;0.000000;0.000000;2.000000;248.907501;195.714478;1662.969116;0.023691;0.000000;0.000000;0.000000;0.000000;2.000000;322.606659;307.937927;1597.704834;0.015972;0.000000;0.000000;0.000000;0.000000;2.000000;55.565090;-668.263672;2001.393188;0.042437;0.000000;0.000000;0.000000;0.000000;2.000000;77.460503;-743.501160;1886.376465;0.032886;0.000000;0.000000;0.000000;0.000000;2.000000;113.809357;-740.917603;1918.347290;0.033007;0.000000;0.000000;0.000000;0.000000;2.000000;146.026627;-668.268555;1994.106689;0.099130;0.000000;0.000000;0.000000;0.000000;2.000000;77.042152;-766.550598;1924.801147;0.005758;0.000000;0.000000;0.000000;0.000000;2.000000;35.458580;-752.952148;2029.505005;0.057211;0.000000;0.000000;0.000000;0.000000;2.000000;20441966592.000000
0.000000;-149.999985;2000.000000;0.000000;0.000000;0.000000;0.000000;0.000000;2.000000;-8.424126;-301.144928;2030.968872;0.002687;0.000000;0.000000;0.000000;0.000000;2.000000;-11.190399;-423.351044;2048.772461;0.010136;0.000000;0.000000;0.000000;0.000000;2.000000;32.400673;-604.241821;2021.672607;0.028963;0.000000;0.000000;0.000000;0.000000;2.000000;48.586189;-571.572327;2043.417480;0.026847;0.000000;0.000000;0.000000;0.000000;2.000000;144.325867;-507.878296;2089.305420;0.039467;0.000000;0.000000;0.000000;0.000000;2.000000;196.144714;-278.962585;2136.149414;0.091095;0.000000;0.000000;0.000000;0.000000;2.000000;201.269104;-400.531464;1976.317017;0.079362;0.000000;0.000000;0.000000;0.000000;2.000000;282.191071;-390.345184;1958.906982;0.102632;0.000000;0.000000;0.000000;0.000000;2.000000;217.496368;-457.956360;1960.081177;0.093752;0.000000;0.000000;0.000000;0.000000;2.000000;241.688507;-507.038086;1965.485840;0.104470;0.000000;0.000000;0.000000;0.000000;2.000000;0.924263;-577.575867;2010.411255;0.024747;0.000000;0.000000;0.000000;0.000000;2.000000;-88.719803;-557.151978;1943.181030;0.015465;0.000000;0.000000;0.000000;0.000000;2.000000;-70.085037;-317.279083;1903.386597;0.010880;0.000000;0.000000;0.000000;0.000000;2.000000;118.206131;-383.362579;1942.872314;0.022274;0.000000;0.000000;0.000000;0.000000;2.000000;195.829102;-420.538116;1968.485596;0.036261;0.000000;0.000000;0.000000;0.000000;2.000000;254.775375;-451.947113;2031.734985;0.037529;0.000000;0.000000;0.000000;0.000000;2.000000;198.888962;-450.895905;1975.414917;0.042494;0.000000;0.000000;0.000000;0.000000;2.000000;68.842026;-145.952103;2038.482178;0.000237;0.000000;0.000000;0.000000;0.000000;2.000000;136.342331;-28.077667;1719.471924;0.007043;0.000000;0.000000;0.000000;0.000000;2.000000;107.479568;301.997559;1715.209717;0.013807;0.000000;0.000000;0.000000;0.000000;2.000000;132.312576;440.973633;1635.242920;0.017206;0.000000;0.000000;0.000000;0.000000;2.000000;-62.077896;-153.650146;1965.298950;0.000210;0.000000;0.000000;0.000000;0.000000;2.000000;158.952164;-124.802582;1700.208008;0.005963;0.000000;0.000000;0.000000;0.000000;2.000000;249.084381;195.537292;1663.037842;0.007923;0.000000;0.000000;0.000000;0.000000;2.000000;322.756805;307.780579;1597.781250;0.007035;0.000000;0.000000;0.000000;0.000000;2.000000;54.734222;-668.486328;2002.201172;0.036015;0.000000;0.000000;0.000000;0.000000;2.000000;74.042007;-744.349487;1887.134033;0.109947;0.000000;0.000000;0.000000;0.000000;2.000000;110.950623;-741.944397;1918.470337;0.092774;0.000000;0.000000;0.000000;0.000000;2.000000;145.054138;-669.272888;1993.375977;0.048140;0.000000;0.000000;0.000000;0.000000;2.000000;74.088806;-767.244751;1925.652466;0.096161;0.000000;0.000000;0.000000;0.000000;2.000000;34.411579;-752.893555;2030.992188;0.055533;0.000000;0.000000;0.000000;0.000000;2.000000;20441999360.000000
0.000000;-150.000000;2000.000000;0.000000;0.000000;0.000000;0.000000;0.000000;2.000000;-8.306534;-301.180481;2031.083008;0.004816;0.000000;0.000000;0.000000;0.000000;2.000000;-11.046379;-423.399506;2049.085449;0.009993;0.000000;0.000000;0.000000;0.000000;2.000000;32.566883;-604.398804;2022.315063;0.019586;0.000000;0.000000;0.000000;0.000000;2.000000;48.798782;-571.658020;2043.945313;0.016528;0.000000;0.000000;0.000000;0.000000;2.000000;145.243423;-507.999390;2088.497559;0.035286;0.000000;0.000000;0.000000;0.000000;2.000000;200.399170;-279.409668;2133.493164;0.144631;0.000000;0.000000;0.000000;0.000000;2.000000;201.558701;-401.113678;1973.601807;0.080193;0.000000;0.000000;0.000000;0.000000;2.000000;282.728882;-393.241425;1956.015381;0.118561;0.000000;0.000000;0.000000;0.000000;2.000000;214.232132;-457.013702;1958.288452;0.110339;0.000000;0.000000;0.000000;0.000000;2.000000;242.014008;-508.851135;1964.186768;0.064741;0.000000;0.000000;0.000000;0.000000;2.000000;1.040512;-577.765015;2011.063354;0.019786;0.000000;0.000000;0.000000;0.000000;2.000000;-88.582718;-557.326416;1943.745850;0.017430;0.000000;0.000000;0.000000;0.000000;2.000000;-70.089417;-317.331390;1904.125732;0.021283;0.000000;0.000000;0.000000;0.000000;2.000000;118.216042;-382.870605;1944.781372;0.056625;0.000000;0.000000;0.000000;0.000000;2.000000;195.996307;-419.211853;1971.206543;0.087074;0.000000;0.000000;0.000000;0.000000;2.000000;258.759827;-449.887604;2031.098267;0.130119;0.000000;0.000000;0.000000;0.000000;2.000000;200.774658;-446.023499;1972.512207;0.171668;0.000000;0.000000;0.000000;0.000000;2.000000;68.894699;-145.883179;2038.434326;0.002846;0.000000;0.000000;0.000000;0.000000;2.000000;133.925385;-27.780853;1718.870728;0.072042;0.000000;0.000000;0.000000;0.000000;2.000000;104.640961;302.363800;1714.325195;0.086044;0.000000;0.000000;0.000000;0.000000;2.000000;131.425049;441.062103;1634.396484;0.035318;0.000000;0.000000;0.000000;0.000000;2.000000;-62.125381;-153.712326;1965.342041;0.002565;0.000000;0.000000;0.000000;0.000000;2.000000;159.036240;-124.686768;1700.229980;0.004159;0.000000;0.000000;0.000000;0.000000;2.000000;249.028870;195.794281;1662.936035;0.008098;0.000000;0.000000;0.000000;0.000000;2.000000;322.826965;307.906219;1597.482666;0.009520;0.000000;0.000000;0.000000;0.000000;2.000000;54.885746;-668.703369;2002.940063;0.022543;0.000000;0.000000;0.000000;0.000000;2.000000;71.124603;-744.761230;1887.472168;0.085181;0.000000;0.000000;0.000000;0.000000;2.000000;108.963272;-742.080261;1917.681519;0.061537;0.000000;0.000000;0.000000;0.000000;2.000000;144.930145;-669.021729;1991.382935;0.057808;0.000000;0.000000;0.000000;0.000000;2.000000;72.462967;-767.571167;1926.035278;0.048883;0.000000;0.000000;0.000000;0.000000;2.000000;35.900860;-753.178345;2032.531006;0.062050;0.000000;0.000000;0.000000;0.000000;2.000000;20442034176.000000
0.000000;-150.000015;2000.000000;0.000000;0.000000;0.000000;0.000000;0.000000;2.000000;-9.399712;-299.508759;2037.268677;0.198369;0.000000;0.000000;0.000000;0.000000;2.000000;-7.685974;-422.083435;2051.513672;0.132745;0.000000;0.000000;0.000000;0.000000;2.000000;33.704037;-603.346069;2024.668579;0.085995;0.000000;0.000000;0.000000;0.000000;2.000000;50.314835;-570.852173;2046.277832;0.088388;0.000000;0.000000;0.000000;0.000000;2.000000;146.361725;-506.206848;2089.821289;0.076087;0.000000;0.000000;0.000000;0.000000;2.000000;202.861115;-278.120483;2134.084473;0.086709;0.000000;0.000000;0.000000;0.000000;2.000000;195.955383;-400.492432;1975.170532;0.178584;0.000000;0.000000;0.000000;0.000000;2.000000;277.096619;-396.644592;1956.636353;0.201715;0.000000;0.000000;0.000000;0.000000;2.000000;198.081665;-445.813721;1965.620239;0.640166;0.000000;0.000000;0.000000;0.000000;2.000000;232.977112;-509.968689;1966.709351;0.288351;0.000000;0.000000;0.000000;0.000000;2.000000;2.530258;-576.367981;2013.460693;0.096110;0.000000;0.000000;0.000000;0.000000;2.000000;-86.300194;-557.003113;1945.028442;0.080508;0.000000;0.000000;0.000000;0.000000;2.000000;-73.257942;-317.217163;1903.904053;0.096995;0.000000;0.000000;0.000000;0.000000;2.000000;116.514221;-378.228912;1943.482178;0.155997;0.000000;0.000000;0.000000;0.000000;2.000000;193.167511;-414.867157;1972.295776;0.161671;0.000000;0.000000;0.000000;0.000000;2.000000;268.802795;-449.555420;2011.306885;0.677374;0.000000;0.000000;0.000000;0.000000;2.000000;197.570526;-446.198334;1971.832764;0.100099;0.000000;0.000000;0.000000;0.000000;2.000000;68.153008;-144.472672;2039.362915;0.056287;0.000000;0.000000;0.000000;0.000000;2.000000;128.255157;-26.642944;1719.210938;0.176797;0.000000;0.000000;0.000000;0.000000;2.000000;102.416435;303.351257;1713.585083;0.077633;0.000000;0.000000;0.000000;0.000000;2.000000;130.352386;440.443970;1631.721436;0.089955;0.000000;0.000000;0.000000;0.000000;2.000000;-61.456558;-154.984268;1964.504639;0.050758;0.000000;0.000000;0.000000;0.000000;2.000000;157.386887;-124.257660;1698.236572;0.080036;0.000000;0.000000;0.000000;0.000000;2.000000;246.890259;196.063843;1662.228271;0.069237;0.000000;0.000000;0.000000;0.000000;2.000000;320.800934;308.213501;1597.400879;0.062586;0.000000;0.000000;0.000000;0.000000;2.000000;55.218605;-667.820557;2005.275879;0.076879;0.000000;0.000000;0.000000;0.000000;2.000000;63.837723;-737.145386;1885.059326;0.329987;0.000000;0.000000;0.000000;0.000000;2.000000;103.029327;-737.331177;1913.512573;0.264546;0.000000;0.000000;0.000000;0.000000;2.000000;144.477295;-669.936890;1989.489990;0.065636;0.000000;0.000000;0.000000;0.000000;2.000000;66.235001;-762.224731;1922.064575;0.278260;0.000000;0.000000;0.000000;0.000000;2.000000;35.063660;-753.252014;2030.694580;0.061633;0.000000;0.000000;0.000000;0.000000;2.000000;20442066944.000000
0.000000;-150.000000;2000.000000;0.000000;0.000000;0.000000;0.000000;0.000000;2.000000;-9.281288;-299.485077;2037.254028;0.003713;0.000000;0.000000;0.000000;0.000000;2.000000;-7.637672;-421.996002;2051.818848;0.009799;0.000000;0.000000;0.000000;0.000000;2.000000;33.900070;-603.295898;2025.751587;0.033623;0.000000;0.000000;0.000000;0.000000;2.000000;50.405853;-570.734863;2047.322144;0.032190;0.000000;0.000000;0.000000;0.000000;2.000000;146.238403;-506.361755;2091.657227;0.056353;0.000000;0.000000;0.000000;0.000000;2.000000;202.293442;-278.424438;2136.959473;0.089912;0.000000;0.000000;0.000000;0.000000;2.000000;196.152420;-403.370300;1980.085571;0.173920;0.000000;0.000000;0.000000;0.000000;2.000000;277.920288;-402.781952;1964.183716;0.297931;0.000000;0.000000;0.000000;0.000000;2.000000;195.542053;-446.161285;1972.546143;0.225373;0.000000;0.000000;0.000000;0.000000;2.000000;233.218597;-513.115112;1969.434448;0.127242;0.000000;0.000000;0.000000;0.000000;2.000000;2.776123;-576.367798;2014.322754;0.027357;0.000000;0.000000;0.000000;0.000000;2.000000;-85.608276;-557.059692;1945.340210;0.023224;0.000000;0.000000;0.000000;0.000000;2.000000;-72.089752;-317.313141;1904.455322;0.039529;0.000000;0.000000;0.000000;0.000000;2.000000;117.226608;-378.595917;1945.541382;0.067433;0.000000;0.000000;0.000000;0.000000;2.000000;193.240067;-415.931610;1975.084351;0.091117;0.000000;0.000000;0.000000;0.000000;2.000000;275.289459;-448.372772;2000.728638;0.380400;0.000000;0.000000;0.000000;0.000000;2.000000;196.860046;-446.255005;1981.770752;0.304062;0.000000;0.000000;0.000000;0.000000;2.000000;68.081360;-144.397522;2039.441650;0.003977;0.000000;0.000000;0.000000;0.000000;2.000000;129.744293;-25.026642;1720.240723;0.074067;0.000000;0.000000;0.000000;0.000000;2.000000;103.516411;304.858795;1714.290039;0.060879;0.000000;0.000000;0.000000;0.000000;2.000000;131.126663;441.588043;1631.780518;0.042197;0.000000;0.000000;0.000000;0.000000;2.000000;-61.391960;-155.052002;1964.433594;0.003586;0.000000;0.000000;0.000000;0.000000;2.000000;157.391815;-124.824692;1698.157349;0.017473;0.000000;0.000000;0.000000;0.000000;2.000000;246.708450;195.347382;1661.049805;0.042453;0.000000;0.000000;0.000000;0.000000;2.000000;320.668060;307.153229;1595.760742;0.059739;0.000000;0.000000;0.000000;0.000000;2.000000;55.508457;-667.814087;2006.667358;0.043377;0.000000;0.000000;0.000000;0.000000;2.000000;59.695534;-734.220093;1884.615845;0.155345;0.000000;0.000000;0.000000;0.000000;2.000000;99.623718;-735.759521;1911.964478;0.123831;0.000000;0.000000;0.000000;0.000000;2.000000;144.239960;-670.992065;1988.396240;0.046942;0.000000;0.000000;0.000000;0.000000;2.000000;62.663422;-760.249512;1920.904785;0.129485;0.000000;0.000000;0.000000;0.000000;2.000000;34.600578;-753.496460;2030.512695;0.016917;0.000000;0.000000;0.000000;0.000000;2.000000;20442099712.000000
0.000000;-149.999985;2000.000000;0.000000;0.000000;0.000000;0.000000;0.000000;2.000000;-8.568817;-299.241760;2037.309204;0.023037;0.000000;0.000000;0.000000;0.000000;2.000000;-7.420921;-421.304749;2053.775146;0.063663;0.000000;0.000000;0.000000;0.000000;2.000000;33.780067;-602.386536;2027.967407;0.073186;0.000000;0.000000;0.000000;0.000000;2.000000;50.364254;-569.854431;2049.378906;0.068288;0.000000;0.000000;0.000000;0.000000;2.000000;146.917816;-507.178162;2093.991455;0.078263;0.000000;0.000000;0.000000;0.000000;2.000000;204.151611;-281.405334;2146.008789;0.296239;0.000000;0.000000;0.000000;0.000000;2.000000;193.351395;-397.644592;1983.241943;0.217066;0.000000;0.000000;0.000000;0.000000;2.000000;275.275696;-402.980408;1969.995605;0.194958;0.000000;0.000000;0.000000;0.000000;2.000000;186.830368;-431.972137;1976.700806;0.523700;0.000000;0.000000;0.000000;0.000000;2.000000;232.511810;-509.012695;1969.967163;0.128076;0.000000;0.000000;0.000000;0.000000;2.000000;2.695457;-575.497009;2016.613647;0.074833;0.000000;0.000000;0.000000;0.000000;2.000000;-85.763336;-556.402344;1947.988159;0.083396;0.000000;0.000000;0.000000;0.000000;2.000000;-73.706543;-317.091064;1906.575073;0.081641;0.000000;0.000000;0.000000;0.000000;2.000000;116.515686;-375.083832;1946.522583;0.113380;0.000000;0.000000;0.000000;0.000000;2.000000;189.945801;-411.094147;1982.973022;0.299763;0.000000;0.000000;0.000000;0.000000;2.000000;274.994629;-442.602722;1996.657104;0.215701;0.000000;0.000000;0.000000;0.000000;2.000000;189.399902;-443.301819;1997.253174;0.532163;0.000000;0.000000;0.000000;0.000000;2.000000;67.905640;-144.043259;2039.423584;0.012081;0.000000;0.000000;0.000000;0.000000;2.000000;127.231094;-26.752655;1719.649902;0.094773;0.000000;0.000000;0.000000;0.000000;2.000000;101.373322;302.639465;1717.192139;0.129261;0.000000;0.000000;0.000000;0.000000;2.000000;129.129150;440.605652;1637.377686;0.183825;0.000000;0.000000;0.000000;0.000000;2.000000;-61.233490;-155.371429;1964.449951;0.010893;0.000000;0.000000;0.000000;0.000000;2.000000;158.004669;-123.370834;1699.525146;0.063724;0.000000;0.000000;0.000000;0.000000;2.000000;245.376038;196.964233;1664.389648;0.120319;0.000000;0.000000;0.000000;0.000000;2.000000;319.552765;308.537842;1599.531982;0.127238;0.000000;0.000000;0.000000;0.000000;2.000000;55.222649;-666.853271;2008.968628;0.076603;0.000000;0.000000;0.000000;0.000000;2.000000;59.096027;-732.671936;1886.858887;0.085162;0.000000;0.000000;0.000000;0.000000;2.000000;99.342468;-733.489258;1913.619507;0.086167;0.000000;0.000000;0.000000;0.000000;2.000000;143.595215;-668.183472;1989.534302;0.094551;0.000000;0.000000;0.000000;0.000000;2.000000;63.067841;-758.703613;1922.955688;0.079343;0.000000;0.000000;0.000000;0.000000;2.000000;36.397129;-752.865723;2032.763550;0.089971;0.000000;0.000000;0.000000;0.000000;2.000000;20442132480.000000
0.000000;-149.999985;2000.000000;0.000000;0.000000;0.000000;0.000000;0.000000;2.000000;-5.511322;-300.002533;2033.947632;0.132333;0.000000;0.000000;0.000000;0.000000;2.000000;-6.898415;-421.037903;2055.975098;0.065396;0.000000;0.000000;0.000000;0.000000;2.000000;35.219120;-601.327393;2027.786133;0.051585;0.000000;0.000000;0.000000;0.000000;2.000000;51.750126;-568.969604;2049.404785;0.047233;0.000000;0.000000;0.000000;0.000000;2.000000;148.906891;-508.573120;2095.434570;0.081163;0.000000;0.000000;0.000000;0.000000;2.000000;202.871948;-285.561462;2160.061523;0.422513;0.000000;0.000000;0.000000;0.000000;2.000000;195.872147;-376.252136;1981.863403;0.619960;0.000000;0.000000;0.000000;0.000000;2.000000;277.134460;-371.039795;1965.468872;0.928116;0.000000;0.000000;0.000000;0.000000;2.000000;194.296783;-413.715332;1967.615601;0.623746;0.000000;0.000000;0.000000;0.000000;2.000000;232.030960;-487.556335;1975.715820;0.638164;0.000000;0.000000;0.000000;0.000000;2.000000;3.901432;-574.548096;2017.012329;0.045539;0.000000;0.000000;0.000000;0.000000;2.000000;-84.765823;-556.018555;1948.719238;0.037193;0.000000;0.000000;0.000000;0.000000;2.000000;-72.436111;-316.661926;1909.351318;0.088555;0.000000;0.000000;0.000000;0.000000;2.000000;118.036789;-372.926514;1949.383911;0.111815;0.000000;0.000000;0.000000;0.000000;2.000000;189.618866;-408.025726;1989.915894;0.218225;0.000000;0.000000;0.000000;0.000000;2.000000;274.480408;-436.844513;2008.939087;0.389894;0.000000;0.000000;0.000000;0.000000;2.000000;197.078186;-433.250061;1977.160645;0.681941;0.000000;0.000000;0.000000;0.000000;2.000000;68.102005;-143.710571;2038.846924;0.019936;0.000000;0.000000;0.000000;0.000000;2.000000;127.434669;-23.661743;1720.534180;0.092525;0.000000;0.000000;0.000000;0.000000;2.000000;102.828583;305.441772;1717.961182;0.093346;0.000000;0.000000;0.000000;0.000000;2.000000;129.956100;442.301514;1636.423828;0.060724;0.000000;0.000000;0.000000;0.000000;2.000000;-61.410576;-155.671448;1964.969971;0.017978;0.000000;0.000000;0.000000;0.000000;2.000000;158.934601;-122.885056;1701.584961;0.066395;0.000000;0.000000;0.000000;0.000000;2.000000;246.285599;196.975464;1665.753052;0.047076;0.000000;0.000000;0.000000;0.000000;2.000000;319.873230;308.175659;1599.984985;0.019032;0.000000;0.000000;0.000000;0.000000;2.000000;56.897533;-665.355469;2007.895630;0.071518;0.000000;0.000000;0.000000;0.000000;2.000000;60.765282;-730.593262;1885.656494;0.084000;0.000000;0.000000;0.000000;0.000000;2.000000;100.773300;-732.027100;1912.646729;0.065064;0.000000;0.000000;0.000000;0.000000;2.000000;145.271774;-667.689819;1989.060669;0.052010;0.000000;0.000000;0.000000;0.000000;2.000000;64.171165;-756.803345;1921.617798;0.073891;0.000000;0.000000;0.000000;0.000000;2.000000;36.876488;-751.134521;2031.145996;0.069431;0.000000;0.000000;0.000000;0.000000;2.000000;20442167296.000000
0.000000;-150.000015;2000.000000;0.000001;0.000000;0.000000;0.000000;0.000000;2.000000;-5.308723;-300.490845;2032.948853;0.034487;0.000000;0.000000;0.000000;0.000000;2.000000;-7.194878;-421.685364;2055.190918;0.032326;0.000000;0.000000;0.000000;0.000000;2.000000;34.707680;-602.229004;2026.275879;0.055901;0.000000;0.000000;0.000000;0.000000;2.000000;51.307270;-569.930359;2048.065430;0.052086;0.000000;0.000000;0.000000;0.000000;2.000000;149.293854;-511.157440;2094.971680;0.080988;0.000000;0.000000;0.000000;0.000000;2.000000;199.904449;-290.962830;2172.188477;0.415133;0.000000;0.000000;0.000000;0.000000;2.000000;201.708466;-343.768250;1978.880371;1.011309;0.000000;0.000000;0.000000;0.000000;2.000000;283.873077;-355.323212;1972.746826;0.567158;0.000000;0.000000;0.000000;0.000000;2.000000;202.579407;-391.422546;1944.381348;1.014635;0.000000;0.000000;0.000000;0.000000;1.000000;236.129639;-461.408539;1990.366455;0.923200;0.000000;0.000000;0.000000;0.000000;2.000000;3.389423;-575.311707;2015.571167;0.052168;0.000000;0.000000;0.000000;0.000000;2.000000;-85.645103;-556.439331;1947.541016;0.046667;0.000000;0.000000;0.000000;0.000000;2.000000;-70.405113;-316.692383;1909.119995;0.062389;0.000000;0.000000;0.000000;0.000000;2.000000;120.103325;-373.658569;1949.670532;0.067475;0.000000;0.000000;0.000000;0.000000;2.000000;198.789398;-399.271729;1983.985352;0.427140;0.000000;0.000000;0.000000;0.000000;2.000000;288.051880;-405.764954;2004.270386;1.044718;0.000000;0.000000;0.000000;0.000000;2.000000;213.964142;-416.062103;1972.161987;0.750973;0.000000;0.000000;0.000000;0.000000;2.000000;68.642914;-144.056656;2038.205444;0.027700;0.000000;0.000000;0.000000;0.000000;2.000000;132.280807;-23.901550;1720.149658;0.148538;0.000000;0.000000;0.000000;0.000000;2.000000;103.340195;305.402466;1720.237549;0.071212;0.000000;0.000000;0.000000;0.000000;2.000000;129.182327;442.846436;1638.739746;0.076350;0.000000;0.000000;0.000000;0.000000;2.000000;-61.898338;-155.359406;1965.548340;0.024976;0.000000;0.000000;0.000000;0.000000;2.000000;158.146149;-122.947754;1701.126221;0.027904;0.000000;0.000000;0.000000;0.000000;2.000000;245.239929;197.659180;1666.257690;0.041120;0.000000;0.000000;0.000000;0.000000;2.000000;319.428497;308.383362;1599.813354;0.015869;0.000000;0.000000;0.000000;0.000000;2.000000;56.326408;-666.319946;2006.115112;0.064208;0.000000;0.000000;0.000000;0.000000;2.000000;58.714050;-729.654663;1882.586182;0.116269;0.000000;0.000000;0.000000;0.000000;2.000000;98.634506;-732.724060;1909.711060;0.112867;0.000000;0.000000;0.000000;0.000000;2.000000;144.804352;-670.927246;1987.474976;0.110934;0.000000;0.000000;0.000000;0.000000;2.000000;61.231731;-756.606201;1918.161499;0.138595;0.000000;0.000000;0.000000;0.000000;2.000000;33.689278;-751.999878;2027.868652;0.141991;0.000000;0.000000;0.000000;0.000000;2.000000;20442200064.000000
0.000000;-149.999985;2000.000000;0.000001;0.000000;0.000000;0.000000;0.000000;2.000000;-5.072968;-301.599060;2032.405273;0.038350;0.000000;0.000000;0.000000;0.000000;2.000000;-6.768097;-423.642761;2054.280762;0.067152;0.000000;0.000000;0.000000;0.000000;2.000000;34.950005;-605.061035;2023.064209;0.130884;0.000000;0.000000;0.000000;0.000000;2.000000;51.707035;-572.872925;2045.403931;0.121696;0.000000;0.000000;0.000000;0.000000;2.000000;152.571014;-518.202454;2093.195068;0.243239;0.000000;0.000000;0.000000;0.000000;2.000000;217.108673;-306.154236;2185.888672;0.815716;0.000000;0.000000;0.000000;0.000000;2.000000;199.069824;-336.200409;1987.310791;0.354985;0.000000;0.000000;0.000000;0.000000;2.000000;279.846558;-352.427338;1972.463745;0.151605;0.000000;0.000000;0.000000;0.000000;2.000000;201.659332;-390.010101;1936.413940;0.248528;0.000000;0.000000;0.000000;0.000000;1.000000;235.222778;-456.185089;1984.750732;0.235684;0.000000;0.000000;0.000000;0.000000;1.000000;3.526279;-577.763184;2012.572754;0.118269;0.000000;0.000000;0.000000;0.000000;2.000000;-85.740303;-557.037964;1944.201416;0.103582;0.000000;0.000000;0.000000;0.000000;2.000000;-71.784950;-316.141998;1902.961060;0.193346;0.000000;0.000000;0.000000;0.000000;2.000000;120.679611;-369.881866;1944.994507;0.184274;0.000000;0.000000;0.000000;0.000000;2.000000;203.441681;-389.106628;1975.096558;0.435861;0.000000;0.000000;0.000000;0.000000;2.000000;295.049744;-392.803070;1986.093262;0.713999;0.000000;0.000000;0.000000;0.000000;2.000000;217.158539;-406.701782;1967.114014;0.338871;0.000000;0.000000;0.000000;0.000000;2.000000;68.756073;-143.965530;2038.994263;0.024478;0.000000;0.000000;0.000000;0.000000;2.000000;127.061340;-27.694733;1716.158936;0.231526;0.000000;0.000000;0.000000;0.000000;2.000000;100.399048;303.830139;1711.251343;0.292515;0.000000;0.000000;0.000000;0.000000;2.000000;129.336273;443.113098;1631.937256;0.207808;0.000000;0.000000;0.000000;0.000000;2.000000;-62.000366;-155.441528;1964.837158;0.022069;0.000000;0.000000;0.000000;0.000000;2.000000;157.820358;-124.833618;1697.213379;0.132928;0.000000;0.000000;0.000000;0.000000;2.000000;245.218811;197.636719;1660.360352;0.179975;0.000000;0.000000;0.000000;0.000000;2.000000;319.529938;308.504822;1592.229736;0.231484;0.000000;0.000000;0.000000;0.000000;2.000000;56.560375;-669.361084;2002.035767;0.155443;0.000000;0.000000;0.000000;0.000000;2.000000;57.987644;-729.356262;1875.878296;0.206107;0.000000;0.000000;0.000000;0.000000;2.000000;98.256218;-733.520996;1902.880737;0.210176;0.000000;0.000000;0.000000;0.000000;2.000000;145.472260;-674.011963;1982.736328;0.173753;0.000000;0.000000;0.000000;0.000000;2.000000;60.500210;-757.550537;1910.836060;0.226507;0.000000;0.000000;0.000000;0.000000;2.000000;33.308613;-756.041199;2021.443115;0.231943;0.000000;0.000000;0.000000;0.000000;2.000000;20442232832.000000
0.000000;-150.000000;2000.000000;0.000000;0.000000;0.000000;0.000000;0.000000;2.000000;-5.482841;-301.282440;2033.510498;0.035057;0.000000;0.000000;0.000000;0.000000;2.000000;-6.324936;-423.468811;2054.340820;0.013782;0.000000;0.000000;0.000000;0.000000;2.000000;36.348164;-604.488281;2022.549683;0.045845;0.000000;0.000000;0.000000;0.000000;2.000000;52.850014;-572.333008;2045.094116;0.037382;0.000000;0.000000;0.000000;0.000000;2.000000;151.876862;-516.712280;2095.437012;0.079850;0.000000;0.000000;0.000000;0.000000;2.000000;215.329712;-305.565002;2190.659424;0.147220;0.000000;0.000000;0.000000;0.000000;2.000000;198.829483;-325.766937;1990.786011;0.315937;0.000000;0.000000;0.000000;0.000000;2.000000;280.724731;-331.467499;1974.542847;0.605498;0.000000;0.000000;0.000000;0.000000;2.000000;208.940628;-377.128662;1934.786987;0.427565;0.000000;0.000000;0.000000;0.000000;1.000000;247.977936;-438.637390;1965.958252;0.824375;0.000000;0.000000;0.000000;0.000000;2.000000;4.859596;-577.299927;2012.036865;0.043365;0.000000;0.000000;0.000000;0.000000;2.000000;-83.826630;-556.174744;1943.109375;0.067969;0.000000;0.000000;0.000000;0.000000;2.000000;-74.649658;-314.857208;1903.595215;0.091999;0.000000;0.000000;0.000000;0.000000;2.000000;121.858513;-354.834229;1941.691528;0.443788;0.000000;0.000000;0.000000;0.000000;2.000000;203.543320;-376.911072;1972.661987;0.357209;0.000000;0.000000;0.000000;0.000000;2.000000;294.655579;-381.471558;1986.724487;0.326170;0.000000;0.000000;0.000000;0.000000;2.000000;217.238190;-397.492279;1966.598999;0.264942;0.000000;0.000000;0.000000;0.000000;2.000000;68.478195;-143.757462;2039.385742;0.015028;0.000000;0.000000;0.000000;0.000000;2.000000;131.884064;-22.323181;1719.572998;0.229363;0.000000;0.000000;0.000000;0.000000;2.000000;101.636574;308.760437;1714.435913;0.172289;0.000000;0.000000;0.000000;0.000000;2.000000;129.982269;445.541382;1630.801758;0.079199;0.000000;0.000000;0.000000;0.000000;2.000000;-61.749809;-155.629166;1964.484009;0.013554;0.000000;0.000000;0.000000;0.000000;2.000000;157.587616;-122.193649;1696.977783;0.076421;0.000000;0.000000;0.000000;0.000000;2.000000;245.447830;200.207031;1661.844727;0.085506;0.000000;0.000000;0.000000;0.000000;2.000000;320.103394;310.988464;1594.078735;0.090447;0.000000;0.000000;0.000000;0.000000;2.000000;58.339195;-668.573059;2001.352661;0.059225;0.000000;0.000000;0.000000;0.000000;2.000000;55.584610;-723.792542;1873.113770;0.191327;0.000000;0.000000;0.000000;0.000000;2.000000;96.702126;-728.931030;1898.591919;0.185870;0.000000;0.000000;0.000000;0.000000;2.000000;146.531036;-672.432861;1978.985840;0.120773;0.000000;0.000000;0.000000;0.000000;2.000000;59.231186;-753.259277;1906.879395;0.171568;0.000000;0.000000;0.000000;0.000000;2.000000;35.704967;-755.900574;2018.257080;0.114577;0.000000;0.000000;0.000000;0.000000;2.000000;20442267648.000000
0.000000;-150.000000;2000.000000;0.000000;0.000000;0.000000;0.000000;0.000000;2.000000;-5.798920;-301.913330;2034.163574;0.029342;0.000000;0.000000;0.000000;0.000000;2.000000;-6.648399;-424.727631;2054.968018;0.044041;0.000000;0.000000;0.000000;0.000000;2.000000;35.943127;-606.413452;2021.353027;0.070272;0.000000;0.000000;0.000000;0.000000;2.000000;52.799198;-574.223938;2043.986572;0.066894;0.000000;0.000000;0.000000;0.000000;2.000000;153.203598;-521.733032;2096.441406;0.161417;0.000000;0.000000;0.000000;0.000000;2.000000;217.636383;-294.544739;2146.283203;1.397164;0.000000;0.000000;0.000000;0.000000;2.000000;206.097382;-329.109161;1947.019653;1.357771;0.000000;0.000000;0.000000;0.000000;2.000000;281.489929;-297.764709;1926.862793;1.782041;0.000000;0.000000;0.000000;0.000000;1.000000;210.537827;-359.824921;1922.341553;0.652291;0.000000;0.000000;0.000000;0.000000;1.000000;256.037384;-425.474274;1972.685059;0.513813;0.000000;0.000000;0.000000;0.000000;2.000000;4.143414;-579.051392;2011.369995;0.061228;0.000000;0.000000;0.000000;0.000000;2.000000;-85.523056;-557.341675;1942.951904;0.063020;0.000000;0.000000;0.000000;0.000000;2.000000;-72.102631;-314.753357;1904.925781;0.087754;0.000000;0.000000;0.000000;0.000000;2.000000;126.619209;-351.005829;1940.627930;0.189239;0.000000;0.000000;0.000000;0.000000;2.000000;205.771011;-358.459045;1983.977051;0.664044;0.000000;0.000000;0.000000;0.000000;2.000000;285.196075;-339.735596;2028.088379;1.816333;0.000000;0.000000;0.000000;0.000000;2.000000;216.895004;-401.861450;1988.560913;0.683439;0.000000;0.000000;0.000000;0.000000;2.000000;69.181114;-143.877655;2038.966797;0.025240;0.000000;0.000000;0.000000;0.000000;2.000000;133.347717;-25.170044;1716.411987;0.137291;0.000000;0.000000;0.000000;0.000000;2.000000;102.867523;307.587524;1715.811035;0.066735;0.000000;0.000000;0.000000;0.000000;2.000000;130.463867;444.495483;1630.573608;0.035823;0.000000;0.000000;0.000000;0.000000;2.000000;-62.383667;-155.520813;1964.862061;0.022765;0.000000;0.000000;0.000000;0.000000;2.000000;158.524872;-124.867996;1696.073242;0.090780;0.000000;0.000000;0.000000;0.000000;2.000000;245.420944;199.814087;1663.683350;0.057383;0.000000;0.000000;0.000000;0.000000;2.000000;321.449158;309.434448;1593.937988;0.062883;0.000000;0.000000;0.000000;0.000000;2.000000;57.807976;-670.667847;1999.371460;0.089472;0.000000;0.000000;0.000000;0.000000;2.000000;55.312943;-725.067871;1870.025635;0.102299;0.000000;0.000000;0.000000;0.000000;2.000000;96.775436;-729.945923;1895.457764;0.100561;0.000000;0.000000;0.000000;0.000000;2.000000;146.406525;-673.261108;1976.589966;0.077455;0.000000;0.000000;0.000000;0.000000;2.000000;59.447998;-754.927490;1903.687256;0.110116;0.000000;0.000000;0.000000;0.000000;2.000000;36.193779;-758.846008;2015.661743;0.120729;0.000000;0.000000;0.000000;0.000000;2.000000;20442300416.000000
0.000000;-150.000000;2000.000000;0.000000;0.000000;0.000000;0.000000;0.000000;2.000000;-6.404373;-300.661987;2034.548096;0.044016;0.000000;0.000000;0.000000;0.000000;2.000000;-8.025146;-422.460449;2055.972900;0.086561;0.000000;0.000000;0.000000;0.000000;2.000000;34.203827;-602.503357;2020.697510;0.132123;0.000000;0.000000;0.000000;0.000000;2.000000;50.948338;-570.788391;2043.508179;0.119983;0.000000;0.000000;0.000000;0.000000;2.000000;151.283142;-520.333374;2095.983398;0.073856;0.000000;0.000000;0.000000;0.000000;2.000000;183.577286;-293.139954;2164.999512;1.186775;0.000000;0.000000;0.000000;0.000000;2.000000;206.313263;-313.003357;1966.154175;0.763289;0.000000;0.000000;0.000000;0.000000;2.000000;284.677917;-284.389771;1962.604370;1.168673;0.000000;0.000000;0.000000;0.000000;2.000000;220.935516;-346.333954;1932.948853;0.612357;0.000000;0.000000;0.000000;0.000000;1.000000;254.632965;-415.423462;1977.361328;0.341004;0.000000;0.000000;0.000000;0.000000;2.000000;2.641335;-575.222046;2011.069702;0.125865;0.000000;0.000000;0.000000;0.000000;2.000000;-86.287819;-554.133179;1942.864868;0.100694;0.000000;0.000000;0.000000;0.000000;2.000000;-76.292656;-312.471924;1909.455444;0.200766;0.000000;0.000000;0.000000;0.000000;2.000000;123.968597;-335.256470;1938.745483;0.490766;0.000000;0.000000;0.000000;0.000000;2.000000;206.254120;-350.276642;1971.711060;0.450214;0.000000;0.000000;0.000000;0.000000;2.000000;282.898621;-360.425293;2021.762329;0.663967;0.000000;0.000000;0.000000;0.000000;2.000000;210.552612;-379.123535;1962.140259;1.081240;0.000000;0.000000;0.000000;0.000000;2.000000;69.192505;-144.265747;2037.833252;0.036566;0.000000;0.000000;0.000000;0.000000;2.000000;131.756866;-23.565063;1718.410156;0.092057;0.000000;0.000000;0.000000;0.000000;2.000000;102.986961;306.943481;1715.658936;0.020522;0.000000;0.000000;0.000000;0.000000;2.000000;128.373947;445.189270;1634.208740;0.129703;0.000000;0.000000;0.000000;0.000000;2.000000;-62.393936;-155.170837;1965.884033;0.032968;0.000000;0.000000;0.000000;0.000000;2.000000;156.168335;-122.467316;1698.646362;0.129250;0.000000;0.000000;0.000000;0.000000;2.000000;244.906372;198.923950;1663.541992;0.031672;0.000000;0.000000;0.000000;0.000000;2.000000;319.357422;309.791260;1596.422974;0.099722;0.000000;0.000000;0.000000;0.000000;2.000000;55.893124;-666.073242;1998.201904;0.156043;0.000000;0.000000;0.000000;0.000000;2.000000;54.938751;-716.423950;1868.278564;0.269368;0.000000;0.000000;0.000000;0.000000;2.000000;95.775330;-722.068359;1893.896973;0.246971;0.000000;0.000000;0.000000;0.000000;2.000000;144.133728;-668.195679;1976.624878;0.169436;0.000000;0.000000;0.000000;0.000000;2.000000;58.569458;-747.013550;1900.896118;0.257494;0.000000;0.000000;0.000000;0.000000;2.000000;34.073944;-753.999390;2011.619141;0.203179;0.000000;0.000000;0.000000;0.000000;2.000000;20442333184.000000
0.000000;-150.000000;2000.000000;0.000000;0.000000;0.000000;0.000000;0.000000;2.000000;-6.581619;-300.856232;2034.679443;0.008970;0.000000;0.000000;0.000000;0.000000;2.000000;-7.600311;-423.071869;2054.767578;0.043235;0.000000;0.000000;0.000000;0.000000;2.000000;32.966778;-603.766602;2019.406006;0.066819;0.000000;0.000000;0.000000;0.000000;2.000000;50.207104;-572.084900;2042.008423;0.064591;0.000000;0.000000;0.000000;0.000000;2.000000;151.566635;-522.503845;2093.770996;0.094978;0.000000;0.000000;0.000000;0.000000;2.000000;208.490875;-313.469025;2196.993652;1.384295;0.000000;0.000000;0.000000;0.000000;2.000000;221.682007;-297.269409;1996.661865;1.147751;0.000000;0.000000;0.000000;0.000000;2.000000;303.760406;-281.646942;1993.224487;1.104237;0.000000;0.000000;0.000000;0.000000;2.000000;238.826935;-329.911194;1945.690186;0.836956;0.000000;0.000000;0.000000;0.000000;1.000000;253.777954;-406.134216;1979.939941;0.295360;0.000000;0.000000;0.000000;0.000000;2.000000;1.468285;-576.227539;2010.027100;0.056881;0.000000;0.000000;0.000000;0.000000;2.000000;-89.489769;-555.371033;1944.188721;0.112284;0.000000;0.000000;0.000000;0.000000;2.000000;-77.558601;-313.346436;1911.442749;0.076700;0.000000;0.000000;0.000000;0.000000;2.000000;123.900787;-333.513031;1936.147339;0.095508;0.000000;0.000000;0.000000;0.000000;2.000000;209.226837;-341.677155;1963.709839;0.369764;0.000000;0.000000;0.000000;0.000000;2.000000;294.814728;-323.788452;1993.069824;1.465960;0.000000;0.000000;0.000000;0.000000;2.000000;223.778809;-370.955750;1964.524048;0.479939;0.000000;0.000000;0.000000;0.000000;2.000000;69.539818;-144.422485;2037.459717;0.016284;0.000000;0.000000;0.000000;0.000000;2.000000;130.554306;-23.907501;1717.116211;0.054912;0.000000;0.000000;0.000000;0.000000;2.000000;100.317596;306.967285;1716.341797;0.084089;0.000000;0.000000;0.000000;0.000000;2.000000;127.901024;443.975403;1633.061279;0.052979;0.000000;0.000000;0.000000;0.000000;2.000000;-62.707115;-155.029480;1966.220947;0.014686;0.000000;0.000000;0.000000;0.000000;2.000000;155.363632;-123.728638;1697.758789;0.053089;0.000000;0.000000;0.000000;0.000000;2.000000;244.113617;198.333191;1664.182007;0.035942;0.000000;0.000000;0.000000;0.000000;2.000000;318.790802;308.710144;1596.027588;0.039155;0.000000;0.000000;0.000000;0.000000;2.000000;53.975986;-667.639038;1996.796753;0.086863;0.000000;0.000000;0.000000;0.000000;2.000000;52.703548;-717.449280;1866.449951;0.093522;0.000000;0.000000;0.000000;0.000000;2.000000;93.682472;-723.168823;1891.958496;0.093310;0.000000;0.000000;0.000000;0.000000;2.000000;142.284241;-669.545349;1974.919067;0.087133;0.000000;0.000000;0.000000;0.000000;2.000000;56.475845;-748.232666;1898.959106;0.094661;0.000000;0.000000;0.000000;0.000000;2.000000;32.280109;-755.785034;2009.881104;0.093700;0.000000;0.000000;0.000000;0.000000;2.000000;20442365952.000000
