posX0;posY0;posZ0;posVel0;rotX0;rotY0;rotZ0;rotVel0;confidence0;posX1;posY1;posZ1;posVel1;rotX1;rotY1;rotZ1;rotVel1;confidence1;posX2;posY2;posZ2;posVel2;rotX2;rotY2;rotZ2;rotVel2;confidence2;posX3;posY3;posZ3;posVel3;rotX3;rotY3;rotZ3;rotVel3;confidence3;posX4;posY4;posZ4;posVel4;rotX4;rotY4;rotZ4;rotVel4;confidence4;posX5;posY5;posZ5;posVel5;rotX5;rotY5;rotZ5;rotVel5;confidence5;posX6;posY6;posZ6;posVel6;rotX6;rotY6;rotZ6;rotVel6;confidence6;posX7;posY7;posZ7;posVel7;rotX7;rotY7;rotZ7;rotVel7;confidence7;posX8;posY8;posZ8;posVel8;rotX8;rotY8;rotZ8;rotVel8;confidence8;posX9;posY9;posZ9;posVel9;rotX9;rotY9;rotZ9;rotVel9;confidence9;posX10;posY10;posZ10;posVel10;rotX10;rotY10;rotZ10;rotVel10;confidence10;posX11;posY11;posZ11;posVel11;rotX11;rotY11;rotZ11;rotVel11;confidence11;posX12;posY12;posZ12;posVel12;rotX12;rotY12;rotZ12;rotVel12;confidence12;posX13;posY13;posZ13;posVel13;rotX13;rotY13;rotZ13;rotVel13;confidence13;posX14;posY14;posZ14;posVel14;rotX14;rotY14;rotZ14;rotVel14;confidence14;posX15;posY15;posZ15;posVel15;rotX15;rotY15;rotZ15;rotVel15;confidence15;posX16;posY16;posZ16;posVel16;rotX16;rotY16;rotZ16;rotVel16;confidence16;posX17;posY17;posZ17;posVel17;rotX17;rotY17;rotZ17;rotVel17;confidence17;posX18;posY18;posZ18;posVel18;rotX18;rotY18;rotZ18;rotVel18;confidence18;posX19;posY19;posZ19;posVel19;rotX19;rotY19;rotZ19;rotVel19;confidence19;posX20;posY20;posZ20;posVel20;rotX20;rotY20;rotZ20;rotVel20;confidence20;posX21;posY21;posZ21;posVel21;rotX21;rotY21;rotZ21;rotVel21;confidence21;posX22;posY22;posZ22;posVel22;rotX22;rotY22;rotZ22;rotVel22;confidence22;posX23;posY23;posZ23;posVel23;rotX23;rotY23;rotZ23;rotVel23;confidence23;posX24;posY24;posZ24;posVel24;rotX24;rotY24;rotZ24;rotVel24;confidence24;posX25;posY25;posZ25;posVel25;rotX25;rotY25;rotZ25;rotVel25;confidence25;posX26;posY26;posZ26;posVel26;rotX26;rotY26;rotZ26;rotVel26;confidence26;posX27;posY27;posZ27;posVel27;rotX27;rotY27;rotZ27;rotVel27;confidence27;posX28;posY28;posZ28;posVel28;rotX28;rotY28;rotZ28;rotVel28;confidence28;posX29;posY29;posZ29;posVel29;rotX29;rotY29;rotZ29;rotVel29;confidence29;posX30;posY30;posZ30;posVel30;rotX30;rotY30;rotZ30;rotVel30;confidence30;posX31;posY31;posZ31;posVel31;rotX31;rotY31;rotZ31;rotVel31;confidence31;TimeStamp
0.000000;-150.000000;2000.000000;0.000000;0.000000;0.000000;0.000000;0.000000;2.000000;17.903236;-326.053680;1994.904663;0.000000;0.000000;0.000000;0.000000;0.000000;2.000000;33.457314;-466.525269;2002.439453;0.000000;0.000000;0.000000;0.000000;0.000000;2.000000;38.664177;-681.235596;2019.338257;0.000000;0.000000;0.000000;0.000000;0.000000;2.000000;71.002312;-645.579468;2012.368530;0.000000;0.000000;0.000000;0.000000;0.000000;2.000000;203.795837;-600.827515;1990.329834;0.000000;0.000000;0.000000;0.000000;0.000000;2.000000;189.219696;-329.027527;1957.036621;0.000000;0.000000;0.000000;0.000000;0.000000;2.000000;26.814201;-333.245667;1794.009766;0.000000;0.000000;0.000000;0.000000;0.000000;2.000000;-64.652344;-353.579346;1775.280151;0.000000;0.000000;0.000000;0.000000;0.000000;2.000000;-140.330109;-362.055908;1850.765625;0.000000;0.000000;0.000000;0.000000;0.000000;2.000000;-107.414490;-371.390533;1808.890137;0.000000;0.000000;0.000000;0.000000;0.000000;2.000000;5.036041;-645.767212;2022.757324;0.000000;0.000000;0.000000;0.000000;0.000000;2.000000;-115.006081;-594.580688;2022.460571;0.000000;0.000000;0.000000;0.000000;0.000000;2.000000;-206.937225;-330.768677;2017.968750;0.000000;0.000000;0.000000;0.000000;0.000000;2.000000;-252.718750;-108.577194;1964.530396;0.000000;0.000000;0.000000;0.000000;0.000000;2.000000;-277.597687;-11.122482;1942.880371;0.000000;0.000000;0.000000;0.000000;0.000000;2.000000;-279.802277;92.307159;1922.746338;0.000000;0.000000;0.000000;0.000000;0.000000;2.000000;-234.395050;12.818527;1913.002319;0.000000;0.000000;0.000000;0.000000;0.000000;2.000000;89.459846;-140.619385;1990.211792;0.000000;0.000000;0.000000;0.000000;0.000000;2.000000;58.656517;254.413910;2018.755737;0.000000;0.000000;0.000000;0.000000;0.000000;2.000000;34.640999;630.155273;2067.553955;0.000000;0.000000;0.000000;0.000000;0.000000;2.000000;-14.710312;714.140747;1909.220093;0.000000;0.000000;0.000000;0.000000;0.000000;2.000000;-80.669876;-158.458923;2008.826416;0.000000;0.000000;0.000000;0.000000;0.000000;2.000000;-168.345551;226.645264;1970.315674;0.000000;0.000000;0.000000;0.000000;0.000000;2.000000;-200.992584;602.686157;2038.984497;0.000000;0.000000;0.000000;0.000000;0.000000;2.000000;-279.216980;692.848755;1916.487793;0.000000;0.000000;0.000000;0.000000;0.000000;2.000000;38.536949;-762.006714;2012.509521;0.000000;0.000000;0.000000;0.000000;0.000000;2.000000;31.704842;-795.059082;1856.667969;0.000000;0.000000;0.000000;0.000000;0.000000;2.000000;61.882683;-829.148193;1888.482544;0.000000;0.000000;0.000000;0.000000;0.000000;2.000000;124.791939;-817.921997;1996.840698;0.000000;0.000000;0.000000;0.000000;0.000000;2.000000;10.010513;-829.754639;1887.673950;0.000000;0.000000;0.000000;0.000000;0.000000;2.000000;-38.805168;-832.590942;2008.142700;0.000000;0.000000;0.000000;0.000000;0.000000;2.000000;19384967168.000000
0.000000;-150.000000;2000.000000;0.000000;0.000000;0.000000;0.000000;0.000000;2.000000;19.021721;-326.210205;1994.916870;0.034468;0.000000;0.000000;0.000000;0.000000;2.000000;35.147774;-466.990295;1998.587280;0.129162;0.000000;0.000000;0.000000;0.000000;2.000000;41.081734;-681.842529;2017.537476;0.093842;0.000000;0.000000;0.000000;0.000000;2.000000;73.430672;-646.026489;2010.926025;0.087269;0.000000;0.000000;0.000000;0.000000;2.000000;206.898132;-600.079041;1994.810791;0.167884;0.000000;0.000000;0.000000;0.000000;2.000000;196.717163;-327.903870;1959.537231;0.243621;0.000000;0.000000;0.000000;0.000000;2.000000;43.803093;-328.272156;1787.052246;0.580448;0.000000;0.000000;0.000000;0.000000;2.000000;-48.548630;-352.339172;1779.953613;0.513121;0.000000;0.000000;0.000000;0.000000;2.000000;-128.607330;-357.864502;1851.314941;0.380300;0.000000;0.000000;0.000000;0.000000;2.000000;-87.885193;-367.572021;1803.613281;0.628262;0.000000;0.000000;0.000000;0.000000;2.000000;7.158966;-646.466797;2019.930786;0.109972;0.000000;0.000000;0.000000;0.000000;2.000000;-112.412331;-593.693665;2019.379517;0.125854;0.000000;0.000000;0.000000;0.000000;2.000000;-208.361343;-330.825317;2017.880615;0.043578;0.000000;0.000000;0.000000;0.000000;2.000000;-254.560028;-107.994064;1965.923584;0.072676;0.000000;0.000000;0.000000;0.000000;2.000000;-271.211578;-9.079079;1942.340088;0.205286;0.000000;0.000000;0.000000;0.000000;2.000000;-267.721985;92.956619;1915.532959;0.429841;0.000000;0.000000;0.000000;0.000000;2.000000;-237.034363;8.240807;1908.899414;0.204161;0.000000;0.000000;0.000000;0.000000;2.000000;89.427620;-140.036407;1989.255005;0.034206;0.000000;0.000000;0.000000;0.000000;2.000000;58.908394;255.530411;2019.177979;0.037230;0.000000;0.000000;0.000000;0.000000;2.000000;35.486748;631.982666;2067.320801;0.061861;0.000000;0.000000;0.000000;0.000000;2.000000;-9.498047;716.371765;1907.571655;0.180189;0.000000;0.000000;0.000000;0.000000;2.000000;-80.640823;-158.984604;2009.689331;0.030849;0.000000;0.000000;0.000000;0.000000;2.000000;-168.810684;226.587357;1970.705811;0.018611;0.000000;0.000000;0.000000;0.000000;2.000000;-205.852051;603.320313;2036.589966;0.166455;0.000000;0.000000;0.000000;0.000000;2.000000;-289.375458;696.852356;1919.888184;0.349004;0.000000;0.000000;0.000000;0.000000;2.000000;41.505531;-762.794373;2011.419556;0.099456;0.000000;0.000000;0.000000;0.000000;2.000000;39.147636;-783.128540;1853.037720;0.443201;0.000000;0.000000;0.000000;0.000000;2.000000;66.936745;-820.841431;1883.036255;0.340114;0.000000;0.000000;0.000000;0.000000;2.000000;126.321098;-820.703003;1994.154419;0.126890;0.000000;0.000000;0.000000;0.000000;2.000000;15.060829;-819.355347;1880.448364;0.416048;0.000000;0.000000;0.000000;0.000000;2.000000;-38.255043;-829.841675;1998.783203;0.298170;0.000000;0.000000;0.000000;0.000000;2.000000;19384999936.000000
0.000000;-150.000000;2000.000000;0.000000;0.000000;0.000000;0.000000;0.000000;2.000000;19.613190;-326.350067;1995.504150;0.025792;0.000000;0.000000;0.000000;0.000000;2.000000;36.390518;-467.180115;2000.030640;0.058413;0.000000;0.000000;0.000000;0.000000;2.000000;45.961578;-682.220947;2017.923584;0.149832;0.000000;0.000000;0.000000;0.000000;2.000000;77.703018;-645.818726;2011.190186;0.130784;0.000000;0.000000;0.000000;0.000000;2.000000;210.478058;-598.820679;1991.464478;0.154399;0.000000;0.000000;0.000000;0.000000;2.000000;202.664673;-324.998230;1968.074951;0.329686;0.000000;0.000000;0.000000;0.000000;2.000000;60.462845;-327.040222;1786.358643;0.510243;0.000000;0.000000;0.000000;0.000000;2.000000;-31.661591;-352.159393;1794.101074;0.672326;0.000000;0.000000;0.000000;0.000000;2.000000;-116.581818;-359.550751;1859.604492;0.448695;0.000000;0.000000;0.000000;0.000000;2.000000;-67.434334;-367.007813;1807.355713;0.634708;0.000000;0.000000;0.000000;0.000000;2.000000;11.459869;-647.372070;2020.787842;0.136656;0.000000;0.000000;0.000000;0.000000;2.000000;-109.151375;-596.771240;2017.436401;0.149134;0.000000;0.000000;0.000000;0.000000;2.000000;-207.783417;-334.597015;2020.650513;0.143893;0.000000;0.000000;0.000000;0.000000;2.000000;-250.789948;-110.658257;1969.613525;0.180356;0.000000;0.000000;0.000000;0.000000;2.000000;-263.431885;-11.769537;1943.131470;0.252372;0.000000;0.000000;0.000000;0.000000;2.000000;-245.863113;91.406212;1928.579590;0.778305;0.000000;0.000000;0.000000;0.000000;2.000000;-208.925339;10.747128;1931.155518;1.096823;0.000000;0.000000;0.000000;0.000000;2.000000;89.297882;-139.755920;1987.738037;0.047245;0.000000;0.000000;0.000000;0.000000;2.000000;65.637070;257.086182;2012.057007;0.302730;0.000000;0.000000;0.000000;0.000000;2.000000;49.122955;634.442139;2059.156494;0.490803;0.000000;0.000000;0.000000;0.000000;2.000000;-2.820625;723.561829;1903.921631;0.319500;0.000000;0.000000;0.000000;0.000000;2.000000;-80.523819;-159.237534;2011.057129;0.042599;0.000000;0.000000;0.000000;0.000000;2.000000;-175.167633;225.151794;1971.295288;0.199696;0.000000;0.000000;0.000000;0.000000;2.000000;-209.884232;602.158875;2039.216553;0.151074;0.000000;0.000000;0.000000;0.000000;2.000000;-289.140594;698.886108;1921.879028;0.087148;0.000000;0.000000;0.000000;0.000000;2.000000;47.635895;-763.211853;2011.410034;0.187517;0.000000;0.000000;0.000000;0.000000;2.000000;44.535889;-780.442749;1852.503296;0.184454;0.000000;0.000000;0.000000;0.000000;2.000000;73.164932;-818.326172;1881.592529;0.209665;0.000000;0.000000;0.000000;0.000000;2.000000;133.351364;-819.430603;1992.424438;0.224333;0.000000;0.000000;0.000000;0.000000;2.000000;21.200554;-817.636292;1879.365845;0.197360;0.000000;0.000000;0.000000;0.000000;2.000000;-31.193779;-831.361145;1997.932495;0.221949;0.000000;0.000000;0.000000;0.000000;2.000000;19385032704.000000
0.000000;-150.000000;2000.000000;0.000000;0.000000;0.000000;0.000000;0.000000;2.000000;20.327637;-325.340271;1992.723877;0.087403;0.000000;0.000000;0.000000;0.000000;2.000000;38.106445;-465.333832;1998.466187;0.085208;0.000000;0.000000;0.000000;0.000000;2.000000;48.164459;-679.630493;2012.428833;0.185600;0.000000;0.000000;0.000000;0.000000;2.000000;79.670547;-643.203552;2006.408447;0.166430;0.000000;0.000000;0.000000;0.000000;2.000000;212.534225;-595.437256;1996.205811;0.177419;0.000000;0.000000;0.000000;0.000000;2.000000;190.379135;-329.040802;1937.691650;0.948459;0.000000;0.000000;0.000000;0.000000;2.000000;6.975677;-334.532288;1799.551514;1.596889;0.000000;0.000000;0.000000;0.000000;2.000000;-73.174301;-368.308136;1838.633423;1.809106;0.000000;0.000000;0.000000;0.000000;2.000000;-145.989471;-374.246063;1916.810547;1.895092;0.000000;0.000000;0.000000;0.000000;2.000000;-103.683838;-377.818054;1859.970215;1.861243;0.000000;0.000000;0.000000;0.000000;2.000000;13.733093;-645.088745;2015.872559;0.168807;0.000000;0.000000;0.000000;0.000000;2.000000;-106.315231;-594.830627;2020.520508;0.132626;0.000000;0.000000;0.000000;0.000000;2.000000;-202.576263;-333.164886;2023.131470;0.170701;0.000000;0.000000;0.000000;0.000000;2.000000;-247.222260;-109.950050;1975.429199;0.197020;0.000000;0.000000;0.000000;0.000000;2.000000;-263.665405;-15.477730;1938.748657;0.165033;0.000000;0.000000;0.000000;0.000000;2.000000;-247.304459;85.301376;1913.501953;0.469048;0.000000;0.000000;0.000000;0.000000;2.000000;-218.418045;6.714489;1919.797607;0.440658;0.000000;0.000000;0.000000;0.000000;2.000000;88.849167;-139.205093;1988.086060;0.022723;0.000000;0.000000;0.000000;0.000000;2.000000;67.633667;255.807648;2013.971924;0.087535;0.000000;0.000000;0.000000;0.000000;2.000000;53.763306;631.765076;2058.700928;0.154427;0.000000;0.000000;0.000000;0.000000;2.000000;4.662384;723.393494;1905.053345;0.217428;0.000000;0.000000;0.000000;0.000000;2.000000;-80.119202;-159.734253;2010.743408;0.020489;0.000000;0.000000;0.000000;0.000000;2.000000;-168.491913;223.980957;1968.671265;0.208750;0.000000;0.000000;0.000000;0.000000;2.000000;-203.540375;599.176147;2036.295410;0.218128;0.000000;0.000000;0.000000;0.000000;2.000000;-282.402222;701.921265;1925.138794;0.232002;0.000000;0.000000;0.000000;0.000000;2.000000;50.042465;-760.108521;2004.497192;0.228356;0.000000;0.000000;0.000000;0.000000;2.000000;54.520386;-779.169861;1846.585815;0.335361;0.000000;0.000000;0.000000;0.000000;2.000000;83.297989;-815.297302;1877.223877;0.328665;0.000000;0.000000;0.000000;0.000000;2.000000;138.372025;-812.591736;1990.000122;0.253433;0.000000;0.000000;0.000000;0.000000;2.000000;31.737602;-816.838928;1872.792114;0.357452;0.000000;0.000000;0.000000;0.000000;2.000000;-24.843384;-831.366699;1988.639404;0.323289;0.000000;0.000000;0.000000;0.000000;2.000000;19385067520.000000
0.000000;-150.000000;2000.000000;0.000000;0.000000;0.000000;0.000000;0.000000;2.000000;19.399017;-324.609924;1991.806396;0.045649;0.000000;0.000000;0.000000;0.000000;2.000000;36.490288;-464.010620;1998.494751;0.063749;0.000000;0.000000;0.000000;0.000000;2.000000;46.868019;-677.285095;2013.102539;0.084328;0.000000;0.000000;0.000000;0.000000;2.000000;78.037361;-641.066711;2005.926514;0.083384;0.000000;0.000000;0.000000;0.000000;2.000000;211.526245;-598.533997;1990.712158;0.194897;0.000000;0.000000;0.000000;0.000000;2.000000;180.458710;-336.731873;1922.093018;0.611026;0.000000;0.000000;0.000000;0.000000;2.000000;-22.375931;-328.265930;1816.899048;1.057918;0.000000;0.000000;0.000000;0.000000;2.000000;-96.507172;-359.022339;1867.591797;1.169758;0.000000;0.000000;0.000000;0.000000;2.000000;-165.473511;-372.170471;1947.702026;1.116384;0.000000;0.000000;0.000000;0.000000;2.000000;-117.964645;-381.775085;1895.809082;1.183525;0.000000;0.000000;0.000000;0.000000;2.000000;12.731094;-642.863647;2017.465210;0.088929;0.000000;0.000000;0.000000;0.000000;2.000000;-107.581879;-595.348206;2026.121338;0.175951;0.000000;0.000000;0.000000;0.000000;2.000000;-205.550095;-336.671326;2049.300781;0.810856;0.000000;0.000000;0.000000;0.000000;2.000000;-247.188782;-115.508812;1994.851807;0.616530;0.000000;0.000000;0.000000;0.000000;2.000000;-256.145599;-24.985558;1948.244995;0.469938;0.000000;0.000000;0.000000;0.000000;2.000000;-267.242371;70.207245;1906.077759;0.796077;0.000000;0.000000;0.000000;0.000000;2.000000;-214.292297;5.740334;1955.800049;1.106298;0.000000;0.000000;0.000000;0.000000;2.000000;88.641350;-139.647720;1989.253174;0.038617;0.000000;0.000000;0.000000;0.000000;2.000000;68.094627;253.698013;2013.970093;0.065900;0.000000;0.000000;0.000000;0.000000;2.000000;52.984062;628.040833;2057.517090;0.121607;0.000000;0.000000;0.000000;0.000000;2.000000;10.431297;723.628052;1905.333862;0.176407;0.000000;0.000000;0.000000;0.000000;2.000000;-79.931801;-159.335114;2009.690918;0.034824;0.000000;0.000000;0.000000;0.000000;2.000000;-167.628571;223.398758;1974.435669;0.178763;0.000000;0.000000;0.000000;0.000000;2.000000;-208.121124;596.227966;2042.440552;0.250612;0.000000;0.000000;0.000000;0.000000;2.000000;-281.085724;701.103638;1930.418091;0.167910;0.000000;0.000000;0.000000;0.000000;2.000000;48.453438;-757.441833;2005.540039;0.099936;0.000000;0.000000;0.000000;0.000000;2.000000;50.619102;-781.323242;1848.955688;0.154026;0.000000;0.000000;0.000000;0.000000;2.000000;79.424690;-816.541565;1880.173340;0.153349;0.000000;0.000000;0.000000;0.000000;2.000000;135.804779;-810.780396;1991.557983;0.107023;0.000000;0.000000;0.000000;0.000000;2.000000;28.029335;-817.822388;1876.503540;0.162900;0.000000;0.000000;0.000000;0.000000;2.000000;-26.814606;-828.268982;1992.976563;0.173421;0.000000;0.000000;0.000000;0.000000;2.000000;19385100288.000000
0.000000;-150.000000;2000.000000;0.000000;0.000000;0.000000;0.000000;0.000000;2.000000;18.770668;-325.409698;1988.847656;0.095480;0.000000;0.000000;0.000000;0.000000;2.000000;35.671539;-465.416534;1997.903198;0.052830;0.000000;0.000000;0.000000;0.000000;2.000000;43.575882;-679.907532;2012.116333;0.131926;0.000000;0.000000;0.000000;0.000000;2.000000;75.450821;-643.795105;2005.926270;0.114733;0.000000;0.000000;0.000000;0.000000;2.000000;211.301956;-606.676270;1990.841675;0.248608;0.000000;0.000000;0.000000;0.000000;2.000000;179.685745;-348.214264;1906.205078;0.598697;0.000000;0.000000;0.000000;0.000000;2.000000;-29.363331;-322.463623;1814.313354;0.288187;0.000000;0.000000;0.000000;0.000000;2.000000;-102.756630;-346.354218;1870.394165;0.439485;0.000000;0.000000;0.000000;0.000000;2.000000;-177.974670;-360.751068;1945.205688;0.522300;0.000000;0.000000;0.000000;0.000000;2.000000;-132.704498;-367.690582;1878.052490;0.825066;0.000000;0.000000;0.000000;0.000000;2.000000;9.496849;-644.988464;2015.646606;0.130487;0.000000;0.000000;0.000000;0.000000;2.000000;-111.955612;-598.441589;2023.439819;0.182823;0.000000;0.000000;0.000000;0.000000;2.000000;-202.481735;-334.563965;2025.022217;0.749581;0.000000;0.000000;0.000000;0.000000;2.000000;-253.474945;-110.655167;1987.357544;0.333240;0.000000;0.000000;0.000000;0.000000;2.000000;-266.740051;-15.401625;1951.254272;0.445546;0.000000;0.000000;0.000000;0.000000;2.000000;-286.737335;80.991966;1914.075439;0.722388;0.000000;0.000000;0.000000;0.000000;2.000000;-227.599396;9.738987;1941.884888;0.600119;0.000000;0.000000;0.000000;0.000000;2.000000;89.261490;-139.841705;1990.462524;0.041896;0.000000;0.000000;0.000000;0.000000;2.000000;69.643845;255.584717;2014.631104;0.077184;0.000000;0.000000;0.000000;0.000000;2.000000;55.114059;631.738770;2059.292969;0.141060;0.000000;0.000000;0.000000;0.000000;2.000000;12.214447;732.550110;1909.461548;0.304902;0.000000;0.000000;0.000000;0.000000;2.000000;-80.491005;-159.160187;2008.600342;0.037781;0.000000;0.000000;0.000000;0.000000;2.000000;-172.713745;224.335541;1970.937134;0.190524;0.000000;0.000000;0.000000;0.000000;2.000000;-220.876617;595.966187;2050.358887;0.458243;0.000000;0.000000;0.000000;0.000000;2.000000;-280.970612;704.801208;1933.278687;0.142711;0.000000;0.000000;0.000000;0.000000;2.000000;44.594299;-760.455750;2004.278809;0.154310;0.000000;0.000000;0.000000;0.000000;2.000000;47.182007;-783.477112;1846.763306;0.140710;0.000000;0.000000;0.000000;0.000000;2.000000;77.422928;-818.027588;1877.863525;0.103717;0.000000;0.000000;0.000000;0.000000;2.000000;134.150482;-810.913940;1989.702515;0.075972;0.000000;0.000000;0.000000;0.000000;2.000000;25.833832;-821.080200;1874.294922;0.137538;0.000000;0.000000;0.000000;0.000000;2.000000;-28.580215;-834.142334;1991.428955;0.193031;0.000000;0.000000;0.000000;0.000000;2.000000;19385133056.000000
0.000000;-150.000000;2000.000000;0.000000;0.000000;0.000000;0.000000;0.000000;2.000000;17.332100;-327.408112;1995.041992;0.203424;0.000000;0.000000;0.000000;0.000000;2.000000;32.175056;-469.103058;2000.086914;0.168772;0.000000;0.000000;0.000000;0.000000;2.000000;39.078918;-685.343750;2016.898315;0.260103;0.000000;0.000000;0.000000;0.000000;2.000000;71.471710;-649.102844;2010.774536;0.250748;0.000000;0.000000;0.000000;0.000000;2.000000;207.759705;-609.046936;1995.371338;0.189812;0.000000;0.000000;0.000000;0.000000;2.000000;173.671417;-341.039612;1937.897339;1.008488;0.000000;0.000000;0.000000;0.000000;2.000000;-27.187904;-314.251038;1825.283813;0.423447;0.000000;0.000000;0.000000;0.000000;2.000000;-106.052856;-342.033142;1872.950195;0.183284;0.000000;0.000000;0.000000;0.000000;2.000000;-190.951523;-363.030853;1936.322632;0.484937;0.000000;0.000000;0.000000;0.000000;2.000000;-135.139114;-368.671753;1875.461426;0.112558;0.000000;0.000000;0.000000;0.000000;2.000000;4.783951;-649.952881;2019.526245;0.240118;0.000000;0.000000;0.000000;0.000000;2.000000;-115.859879;-597.768982;2018.737305;0.187650;0.000000;0.000000;0.000000;0.000000;2.000000;-197.502808;-328.587341;2009.631104;0.526281;0.000000;0.000000;0.000000;0.000000;2.000000;-259.215454;-103.111290;1988.061157;0.290091;0.000000;0.000000;0.000000;0.000000;2.000000;-266.421570;-4.608719;1956.678955;0.368765;0.000000;0.000000;0.000000;0.000000;2.000000;-272.821533;83.074181;1897.174805;0.671121;0.000000;0.000000;0.000000;0.000000;2.000000;-227.159775;23.854244;1970.273804;0.967636;0.000000;0.000000;0.000000;0.000000;2.000000;90.131027;-140.914825;1989.991577;0.044533;0.000000;0.000000;0.000000;0.000000;2.000000;73.355927;258.114105;2014.725220;0.137113;0.000000;0.000000;0.000000;0.000000;2.000000;61.347366;637.205322;2063.593018;0.285021;0.000000;0.000000;0.000000;0.000000;2.000000;11.917328;727.009644;1906.893311;0.186584;0.000000;0.000000;0.000000;0.000000;2.000000;-81.275116;-158.192490;2009.024780;0.040156;0.000000;0.000000;0.000000;0.000000;2.000000;-174.289581;228.725403;1971.399658;0.143036;0.000000;0.000000;0.000000;0.000000;2.000000;-224.983521;600.429382;2064.144775;0.459629;0.000000;0.000000;0.000000;0.000000;2.000000;-280.478821;705.499756;1939.400757;0.188641;0.000000;0.000000;0.000000;0.000000;2.000000;39.917023;-766.686707;2009.891479;0.293038;0.000000;0.000000;0.000000;0.000000;2.000000;44.125839;-777.437561;1849.693604;0.225093;0.000000;0.000000;0.000000;0.000000;2.000000;73.325897;-815.422180;1878.580688;0.149779;0.000000;0.000000;0.000000;0.000000;2.000000;129.163712;-818.596619;1992.282104;0.290392;0.000000;0.000000;0.000000;0.000000;2.000000;21.275749;-816.864441;1874.140503;0.189535;0.000000;0.000000;0.000000;0.000000;2.000000;-35.541340;-837.845581;1990.252197;0.243292;0.000000;0.000000;0.000000;0.000000;2.000000;19385165824.000000
0.000000;-150.000000;2000.000000;0.000000;0.000000;0.000000;0.000000;0.000000;2.000000;18.316650;-327.554413;1994.122070;0.038929;0.000000;0.000000;0.000000;0.000000;2.000000;33.722534;-469.446289;1997.937012;0.076719;0.000000;0.000000;0.000000;0.000000;2.000000;36.029694;-686.386536;2010.802246;0.198054;0.000000;0.000000;0.000000;0.000000;2.000000;69.325516;-650.618408;2006.380859;0.147039;0.000000;0.000000;0.000000;0.000000;2.000000;206.588882;-611.365906;1996.561035;0.082067;0.000000;0.000000;0.000000;0.000000;2.000000;168.333450;-343.273376;1940.091675;0.177751;0.000000;0.000000;0.000000;0.000000;2.000000;-37.745579;-328.756744;1834.126953;0.574507;0.000000;0.000000;0.000000;0.000000;2.000000;-113.685814;-361.032288;1883.958862;0.667709;0.000000;0.000000;0.000000;0.000000;2.000000;-202.711838;-394.614685;1935.407104;0.968368;0.000000;0.000000;0.000000;0.000000;2.000000;-139.223694;-395.494415;1880.644775;0.793387;0.000000;0.000000;0.000000;0.000000;2.000000;2.289452;-650.337463;2013.048462;0.199682;0.000000;0.000000;0.000000;0.000000;2.000000;-116.710114;-594.058044;2011.270386;0.240736;0.000000;0.000000;0.000000;0.000000;2.000000;-193.543243;-323.604065;1991.268311;0.558209;0.000000;0.000000;0.000000;0.000000;2.000000;-258.339569;-98.098106;1976.110840;0.373070;0.000000;0.000000;0.000000;0.000000;2.000000;-273.804932;2.222221;1954.455688;0.295881;0.000000;0.000000;0.000000;0.000000;2.000000;-284.410217;95.009262;1903.637817;0.512608;0.000000;0.000000;0.000000;0.000000;2.000000;-243.373428;35.204407;1983.012817;0.676040;0.000000;0.000000;0.000000;0.000000;2.000000;90.404572;-140.403687;1991.841064;0.055670;0.000000;0.000000;0.000000;0.000000;2.000000;70.053452;258.920990;2018.884155;0.154286;0.000000;0.000000;0.000000;0.000000;2.000000;54.373169;638.522278;2067.314453;0.230179;0.000000;0.000000;0.000000;0.000000;2.000000;17.391266;724.008362;1904.543701;0.191586;0.000000;0.000000;0.000000;0.000000;2.000000;-81.521782;-158.653412;2007.357178;0.050196;0.000000;0.000000;0.000000;0.000000;2.000000;-174.990036;228.800751;1969.899048;0.047615;0.000000;0.000000;0.000000;0.000000;2.000000;-236.017593;597.260620;2071.407227;0.390176;0.000000;0.000000;0.000000;0.000000;2.000000;-278.821899;707.200684;1945.501953;0.188046;0.000000;0.000000;0.000000;0.000000;2.000000;35.556824;-767.709106;2002.244873;0.254525;0.000000;0.000000;0.000000;0.000000;2.000000;45.352036;-786.833618;1842.828125;0.336094;0.000000;0.000000;0.000000;0.000000;2.000000;72.521301;-824.026855;1874.733887;0.271705;0.000000;0.000000;0.000000;0.000000;2.000000;124.143295;-822.675720;1990.657593;0.191565;0.000000;0.000000;0.000000;0.000000;2.000000;20.569260;-824.442871;1868.396851;0.273876;0.000000;0.000000;0.000000;0.000000;2.000000;-41.073441;-838.055298;1983.364380;0.253816;0.000000;0.000000;0.000000;0.000000;2.000000;19385200640.000000
0.000000;-150.000000;2000.000000;0.000000;0.000000;0.000000;0.000000;0.000000;2.000000;18.402557;-327.252899;1994.305542;0.011086;0.000000;0.000000;0.000000;0.000000;2.000000;33.890625;-468.889832;1998.379517;0.022295;0.000000;0.000000;0.000000;0.000000;2.000000;39.228622;-685.424622;2011.078369;0.102289;0.000000;0.000000;0.000000;0.000000;2.000000;71.964111;-649.251892;2006.668457;0.091105;0.000000;0.000000;0.000000;0.000000;2.000000;208.568146;-608.291260;1998.184692;0.122098;0.000000;0.000000;0.000000;0.000000;2.000000;169.344330;-339.898254;1946.238525;0.216217;0.000000;0.000000;0.000000;0.000000;2.000000;-36.306030;-324.597168;1840.396240;0.233770;0.000000;0.000000;0.000000;0.000000;2.000000;-111.750717;-358.444916;1889.624512;0.199041;0.000000;0.000000;0.000000;0.000000;2.000000;-202.240540;-396.292755;1934.797607;0.056350;0.000000;0.000000;0.000000;0.000000;2.000000;-136.836105;-393.012817;1886.050537;0.195601;0.000000;0.000000;0.000000;0.000000;2.000000;5.046082;-649.911133;2013.364624;0.085671;0.000000;0.000000;0.000000;0.000000;2.000000;-116.454094;-599.996826;2008.878418;0.195542;0.000000;0.000000;0.000000;0.000000;2.000000;-210.941864;-340.099518;1956.817139;1.280901;0.000000;0.000000;0.000000;0.000000;2.000000;-289.821136;-123.302750;1913.517456;2.272340;0.000000;0.000000;0.000000;0.000000;1.000000;-297.335449;-20.015369;1910.088501;1.676147;0.000000;0.000000;0.000000;0.000000;1.000000;-296.209839;81.125893;1877.901489;0.962314;0.000000;0.000000;0.000000;0.000000;1.000000;-255.318954;0.719151;1972.586426;1.158317;0.000000;0.000000;0.000000;0.000000;1.000000;90.244217;-140.367493;1991.804565;0.005139;0.000000;0.000000;0.000000;0.000000;2.000000;69.701721;258.322723;2018.192505;0.029901;0.000000;0.000000;0.000000;0.000000;2.000000;54.064362;637.230103;2067.038574;0.041409;0.000000;0.000000;0.000000;0.000000;2.000000;16.753593;725.402893;1906.145752;0.067677;0.000000;0.000000;0.000000;0.000000;2.000000;-81.377182;-158.686066;2007.390137;0.004634;0.000000;0.000000;0.000000;0.000000;2.000000;-174.040268;228.246002;1969.641602;0.034474;0.000000;0.000000;0.000000;0.000000;2.000000;-234.152496;596.677307;2069.332275;0.086985;0.000000;0.000000;0.000000;0.000000;2.000000;-278.628174;706.872253;1944.627686;0.029108;0.000000;0.000000;0.000000;0.000000;2.000000;39.886261;-766.604980;2002.481445;0.136544;0.000000;0.000000;0.000000;0.000000;2.000000;43.854843;-784.641907;1842.956177;0.081096;0.000000;0.000000;0.000000;0.000000;2.000000;72.199631;-821.921692;1873.547729;0.074391;0.000000;0.000000;0.000000;0.000000;2.000000;127.945084;-821.215271;1987.316772;0.160754;0.000000;0.000000;0.000000;0.000000;2.000000;20.137627;-822.406433;1869.125366;0.067306;0.000000;0.000000;0.000000;0.000000;2.000000;-37.123768;-836.873047;1985.989990;0.149167;0.000000;0.000000;0.000000;0.000000;2.000000;19385233408.000000
0.000000;-150.000000;2000.000000;0.000000;0.000000;0.000000;0.000000;0.000000;2.000000;17.948685;-326.772369;1994.399048;0.020373;0.000000;0.000000;0.000000;0.000000;2.000000;33.117226;-468.018127;1998.533813;0.035874;0.000000;0.000000;0.000000;0.000000;2.000000;45.050293;-683.628296;2011.533081;0.186446;0.000000;0.000000;0.000000;0.000000;2.000000;76.558670;-646.596191;2006.928467;0.162147;0.000000;0.000000;0.000000;0.000000;2.000000;212.486420;-604.017456;2007.715942;0.340463;0.000000;0.000000;0.000000;0.000000;2.000000;197.839142;-329.441101;1993.066284;1.703019;0.000000;0.000000;0.000000;0.000000;2.000000;23.541626;-291.465698;1846.131592;2.094922;0.000000;0.000000;0.000000;0.000000;2.000000;-60.554207;-331.390289;1869.374512;1.872073;0.000000;0.000000;0.000000;0.000000;2.000000;-156.431625;-370.660309;1898.666382;1.944749;0.000000;0.000000;0.000000;0.000000;2.000000;-85.798798;-364.330322;1870.428589;1.849158;0.000000;0.000000;0.000000;0.000000;2.000000;9.919640;-649.266846;2013.906982;0.150933;0.000000;0.000000;0.000000;0.000000;2.000000;-114.503090;-608.153931;2014.672485;0.311094;0.000000;0.000000;0.000000;0.000000;2.000000;-207.674255;-347.529572;1968.721558;0.439705;0.000000;0.000000;0.000000;0.000000;2.000000;-277.372681;-131.450897;1911.937012;0.456597;0.000000;0.000000;0.000000;0.000000;2.000000;-284.486633;-28.946697;1922.679199;0.612930;0.000000;0.000000;0.000000;0.000000;2.000000;-286.102875;75.230476;1904.110474;0.875922;0.000000;0.000000;0.000000;0.000000;1.000000;-248.382339;-15.630291;1918.479614;1.737886;0.000000;0.000000;0.000000;0.000000;2.000000;89.954346;-140.592667;1991.359131;0.017614;0.000000;0.000000;0.000000;0.000000;2.000000;72.831299;257.122742;2016.981079;0.108763;0.000000;0.000000;0.000000;0.000000;2.000000;60.650360;635.045532;2065.604004;0.216235;0.000000;0.000000;0.000000;0.000000;2.000000;22.761108;729.669922;1909.217529;0.243632;0.000000;0.000000;0.000000;0.000000;2.000000;-81.115784;-158.483002;2007.791870;0.015885;0.000000;0.000000;0.000000;0.000000;2.000000;-168.055328;228.596497;1970.431519;0.184540;0.000000;0.000000;0.000000;0.000000;2.000000;-217.723114;600.633789;2057.226563;0.634389;0.000000;0.000000;0.000000;0.000000;2.000000;-267.896545;714.148804;1938.508057;0.437548;0.000000;0.000000;0.000000;0.000000;2.000000;48.125656;-764.526855;2003.094604;0.259995;0.000000;0.000000;0.000000;0.000000;2.000000;45.207886;-775.827637;1843.404419;0.272485;0.000000;0.000000;0.000000;0.000000;2.000000;73.719589;-814.919922;1871.143433;0.230636;0.000000;0.000000;0.000000;0.000000;2.000000;133.827835;-820.354736;1982.112671;0.241127;0.000000;0.000000;0.000000;0.000000;2.000000;21.680466;-813.982300;1868.868042;0.261478;0.000000;0.000000;0.000000;0.000000;2.000000;-31.016777;-831.981689;1986.949829;0.240571;0.000000;0.000000;0.000000;0.000000;2.000000;19385266176.000000
0.000000;-150.000000;2000.000000;0.000000;0.000000;0.000000;0.000000;0.000000;2.000000;13.236725;-323.146149;1988.982178;0.231023;0.000000;0.000000;0.000000;0.000000;2.000000;25.984528;-461.428650;1997.083862;0.282005;0.000000;0.000000;0.000000;0.000000;2.000000;45.735435;-671.881470;2009.544434;0.342763;0.000000;0.000000;0.000000;0.000000;2.000000;75.134888;-634.501953;2004.672974;0.355724;0.000000;0.000000;0.000000;0.000000;2.000000;207.656036;-594.621094;1987.751709;0.648768;0.000000;0.000000;0.000000;0.000000;2.000000;255.460297;-332.174957;2026.186401;1.910552;0.000000;0.000000;0.000000;0.000000;2.000000;216.658844;-210.894623;1839.220459;6.013472;0.000000;0.000000;0.000000;0.000000;2.000000;156.237350;-248.395691;1777.877319;7.166716;0.000000;0.000000;0.000000;0.000000;2.000000;68.873367;-291.953461;1817.583008;7.239626;0.000000;0.000000;0.000000;0.000000;2.000000;127.868042;-282.377228;1765.453247;7.231532;0.000000;0.000000;0.000000;0.000000;2.000000;10.143150;-639.563232;2012.315430;0.282508;0.000000;0.000000;0.000000;0.000000;2.000000;-115.768486;-624.786682;2031.792969;0.686557;0.000000;0.000000;0.000000;0.000000;2.000000;-219.575836;-377.396301;1973.166748;0.932231;0.000000;0.000000;0.000000;0.000000;2.000000;-262.503174;-220.557098;1811.818726;3.873237;0.000000;0.000000;0.000000;0.000000;1.000000;-255.954041;-120.264824;1822.950439;3.969408;0.000000;0.000000;0.000000;0.000000;1.000000;-286.761932;-39.193218;1879.595703;3.361161;0.000000;0.000000;0.000000;0.000000;1.000000;-249.348755;-110.910118;1893.199951;2.831490;0.000000;0.000000;0.000000;0.000000;1.000000;87.893005;-142.560516;1988.681885;0.112309;0.000000;0.000000;0.000000;0.000000;2.000000;76.489105;246.749176;2016.235962;0.316658;0.000000;0.000000;0.000000;0.000000;2.000000;66.509155;616.729431;2063.730469;0.554956;0.000000;0.000000;0.000000;0.000000;2.000000;32.421516;725.389771;1920.848877;0.451346;0.000000;0.000000;0.000000;0.000000;2.000000;-79.256981;-156.708496;2010.205933;0.101271;0.000000;0.000000;0.000000;0.000000;2.000000;-166.710724;221.725739;1974.671631;0.235092;0.000000;0.000000;0.000000;0.000000;2.000000;-211.730988;589.544006;2044.446167;0.515587;0.000000;0.000000;0.000000;0.000000;2.000000;-260.233826;708.495789;1936.014160;0.282728;0.000000;0.000000;0.000000;0.000000;2.000000;51.612167;-750.895447;2001.204224;0.407762;0.000000;0.000000;0.000000;0.000000;2.000000;40.578316;-771.544739;1846.241455;0.198632;0.000000;0.000000;0.000000;0.000000;2.000000;70.842361;-807.477966;1874.043823;0.243842;0.000000;0.000000;0.000000;0.000000;2.000000;135.577484;-804.903198;1979.352783;0.453622;0.000000;0.000000;0.000000;0.000000;2.000000;19.853470;-807.777283;1874.594604;0.248135;0.000000;0.000000;0.000000;0.000000;2.000000;-24.952564;-819.388550;1993.703003;0.445862;0.000000;0.000000;0.000000;0.000000;2.000000;19385300992.000000
0.000000;-150.000000;2000.000000;0.000000;0.000000;0.000000;0.000000;0.000000;2.000000;13.135406;-322.201141;1988.245972;0.036688;0.000000;0.000000;0.000000;0.000000;2.000000;26.295364;-459.575226;1998.531494;0.072394;0.000000;0.000000;0.000000;0.000000;2.000000;49.662643;-668.776917;2006.401733;0.180384;0.000000;0.000000;0.000000;0.000000;2.000000;77.935699;-631.112305;1999.789429;0.200543;0.000000;0.000000;0.000000;0.000000;2.000000;203.993958;-580.552490;1971.660889;0.661782;0.000000;0.000000;0.000000;0.000000;2.000000;238.233246;-316.964111;2006.875732;0.916058;0.000000;0.000000;0.000000;0.000000;2.000000;200.592651;-209.605484;1812.710083;0.946824;0.000000;0.000000;0.000000;0.000000;2.000000;186.174057;-229.617065;1722.594849;2.002334;0.000000;0.000000;0.000000;0.000000;2.000000;220.419495;-228.414246;1821.678345;5.016428;0.000000;0.000000;0.000000;0.000000;2.000000;147.024658;-274.750916;1736.306763;1.089548;0.000000;0.000000;0.000000;0.000000;2.000000;14.155327;-637.179199;2012.389648;0.142444;0.000000;0.000000;0.000000;0.000000;2.000000;-109.206108;-624.583374;2042.474365;0.382626;0.000000;0.000000;0.000000;0.000000;2.000000;-236.657593;-397.879486;2126.132324;4.738567;0.000000;0.000000;0.000000;0.000000;2.000000;-197.251450;-385.742920;1902.004639;6.078872;0.000000;0.000000;0.000000;0.000000;2.000000;-177.928650;-395.816895;1803.795532;8.759333;0.000000;0.000000;0.000000;0.000000;2.000000;-163.784058;-364.850464;1901.061890;10.643462;0.000000;0.000000;0.000000;0.000000;2.000000;-74.533020;-429.817566;1931.045898;11.158539;0.000000;0.000000;0.000000;0.000000;2.000000;87.345917;-142.524307;1988.089600;0.024631;0.000000;0.000000;0.000000;0.000000;2.000000;80.758423;244.880585;2015.531616;0.143837;0.000000;0.000000;0.000000;0.000000;2.000000;74.442627;612.981018;2063.143799;0.268372;0.000000;0.000000;0.000000;0.000000;2.000000;38.278023;725.132385;1924.745605;0.214817;0.000000;0.000000;0.000000;0.000000;2.000000;-78.763672;-156.741150;2010.740234;0.022215;0.000000;0.000000;0.000000;0.000000;2.000000;-159.320526;221.469467;1978.776611;0.258106;0.000000;0.000000;0.000000;0.000000;2.000000;-199.331085;591.522156;2025.460571;0.694651;0.000000;0.000000;0.000000;0.000000;2.000000;-253.973618;717.502502;1930.007813;0.381637;0.000000;0.000000;0.000000;0.000000;2.000000;55.887482;-747.175781;1996.567383;0.223456;0.000000;0.000000;0.000000;0.000000;2.000000;45.651154;-777.007874;1843.879761;0.238657;0.000000;0.000000;0.000000;0.000000;2.000000;75.549789;-811.061401;1873.809204;0.180689;0.000000;0.000000;0.000000;0.000000;2.000000;139.424301;-802.257629;1978.557129;0.144533;0.000000;0.000000;0.000000;0.000000;2.000000;24.821922;-811.243774;1874.112183;0.185468;0.000000;0.000000;0.000000;0.000000;2.000000;-20.373306;-815.519287;1992.855347;0.184775;0.000000;0.000000;0.000000;0.000000;2.000000;19385333760.000000
0.000000;-150.000000;2000.000000;0.000000;0.000000;0.000000;0.000000;0.000000;2.000000;11.484016;-322.185974;1989.114624;0.056945;0.000000;0.000000;0.000000;0.000000;2.000000;23.724396;-459.438660;2000.096191;0.091943;0.000000;0.000000;0.000000;0.000000;2.000000;44.882072;-668.745972;2004.457153;0.157502;0.000000;0.000000;0.000000;0.000000;2.000000;73.452888;-631.328552;1998.100220;0.146344;0.000000;0.000000;0.000000;0.000000;2.000000;196.954681;-580.697632;1960.952759;0.391097;0.000000;0.000000;0.000000;0.000000;2.000000;236.230927;-319.322449;2004.246338;0.123906;0.000000;0.000000;0.000000;0.000000;2.000000;162.262848;-232.400589;1810.583008;1.362505;0.000000;0.000000;0.000000;0.000000;2.000000;122.363899;-263.976349;1732.345825;2.231622;0.000000;0.000000;0.000000;0.000000;2.000000;190.806641;-237.017181;1806.887573;1.043727;0.000000;0.000000;0.000000;0.000000;2.000000;106.893394;-305.137939;1735.124512;1.536610;0.000000;0.000000;0.000000;0.000000;2.000000;9.830971;-636.902283;2011.343018;0.136042;0.000000;0.000000;0.000000;0.000000;2.000000;-114.740784;-622.302734;2034.034546;0.315771;0.000000;0.000000;0.000000;0.000000;2.000000;-227.978790;-384.937225;2106.895020;0.755517;0.000000;0.000000;0.000000;0.000000;2.000000;-199.124847;-378.673462;1881.178589;0.673610;0.000000;0.000000;0.000000;0.000000;2.000000;-172.186066;-398.494812;1786.420166;0.564412;0.000000;0.000000;0.000000;0.000000;2.000000;-156.233429;-355.135376;1878.409302;0.786700;0.000000;0.000000;0.000000;0.000000;2.000000;-82.644928;-427.084442;1924.767334;0.323966;0.000000;0.000000;0.000000;0.000000;2.000000;87.055458;-143.329773;1986.332886;0.059640;0.000000;0.000000;0.000000;0.000000;2.000000;82.008949;243.840424;2011.285156;0.138773;0.000000;0.000000;0.000000;0.000000;2.000000;77.222664;611.486389;2059.417725;0.149025;0.000000;0.000000;0.000000;0.000000;2.000000;37.123596;725.756897;1924.133057;0.044202;0.000000;0.000000;0.000000;0.000000;2.000000;-78.501740;-156.014832;2012.324219;0.053776;0.000000;0.000000;0.000000;0.000000;2.000000;-159.640121;221.502808;1978.828979;0.009936;0.000000;0.000000;0.000000;0.000000;2.000000;-197.826385;591.167358;2026.800049;0.062425;0.000000;0.000000;0.000000;0.000000;2.000000;-252.701050;718.280457;1933.323120;0.110943;0.000000;0.000000;0.000000;0.000000;2.000000;50.133316;-746.958740;1993.354004;0.201239;0.000000;0.000000;0.000000;0.000000;2.000000;40.529182;-784.191833;1842.435059;0.272840;0.000000;0.000000;0.000000;0.000000;2.000000;67.424294;-818.510864;1874.711182;0.337536;0.000000;0.000000;0.000000;0.000000;2.000000;129.844482;-808.470459;1980.064819;0.351476;0.000000;0.000000;0.000000;0.000000;2.000000;16.864883;-815.197876;1873.947998;0.271206;0.000000;0.000000;0.000000;0.000000;2.000000;-30.538898;-809.938049;1991.636841;0.355859;0.000000;0.000000;0.000000;0.000000;2.000000;19385366528.000000
0.000000;-150.000000;2000.000000;0.000000;0.000000;0.000000;0.000000;0.000000;2.000000;11.267952;-322.410706;1989.636230;0.018545;0.000000;0.000000;0.000000;0.000000;2.000000;23.501671;-459.747070;2001.343628;0.039800;0.000000;0.000000;0.000000;0.000000;2.000000;44.494141;-669.269287;2006.541992;0.066658;0.000000;0.000000;0.000000;0.000000;2.000000;72.989853;-631.896851;1999.282471;0.042452;0.000000;0.000000;0.000000;0.000000;2.000000;193.132736;-580.206970;1953.136963;0.265932;0.000000;0.000000;0.000000;0.000000;2.000000;205.646759;-317.559692;2005.493774;0.935678;0.000000;0.000000;0.000000;0.000000;2.000000;111.444077;-230.169708;1820.764648;1.583151;0.000000;0.000000;0.000000;0.000000;2.000000;76.989502;-249.817719;1736.178955;1.455274;0.000000;0.000000;0.000000;0.000000;2.000000;139.592575;-230.641632;1818.052979;1.611431;0.000000;0.000000;0.000000;0.000000;2.000000;85.670258;-312.210602;1747.780396;0.784376;0.000000;0.000000;0.000000;0.000000;2.000000;9.618851;-637.297791;2014.043091;0.083530;0.000000;0.000000;0.000000;0.000000;2.000000;-114.918610;-623.047729;2037.852905;0.118848;0.000000;0.000000;0.000000;0.000000;2.000000;-231.481064;-387.109467;2111.155762;0.180901;0.000000;0.000000;0.000000;0.000000;2.000000;-204.405823;-376.445709;1885.148193;0.212770;0.000000;0.000000;0.000000;0.000000;2.000000;-192.062393;-395.037903;1787.064209;0.615997;0.000000;0.000000;0.000000;0.000000;2.000000;-162.813354;-351.378296;1875.701904;0.245550;0.000000;0.000000;0.000000;0.000000;1.000000;-80.587555;-422.247375;1908.133057;0.532380;0.000000;0.000000;0.000000;0.000000;2.000000;87.070190;-143.455292;1985.789551;0.017024;0.000000;0.000000;0.000000;0.000000;2.000000;83.192886;244.209045;2009.446777;0.067672;0.000000;0.000000;0.000000;0.000000;2.000000;79.453339;612.111328;2058.637695;0.074596;0.000000;0.000000;0.000000;0.000000;2.000000;39.660469;727.304810;1923.795898;0.091275;0.000000;0.000000;0.000000;0.000000;2.000000;-78.515007;-155.901642;2012.814209;0.015352;0.000000;0.000000;0.000000;0.000000;2.000000;-160.179504;221.998199;1980.312256;0.050483;0.000000;0.000000;0.000000;0.000000;2.000000;-195.317596;591.473572;2034.655640;0.251836;0.000000;0.000000;0.000000;0.000000;2.000000;-252.287811;718.766907;1942.378418;0.277031;0.000000;0.000000;0.000000;0.000000;2.000000;49.386787;-747.638489;1995.803833;0.080863;0.000000;0.000000;0.000000;0.000000;2.000000;41.549583;-783.771057;1844.351074;0.067480;0.000000;0.000000;0.000000;0.000000;2.000000;69.558609;-817.471313;1876.424927;0.089354;0.000000;0.000000;0.000000;0.000000;2.000000;131.327103;-806.254272;1982.190430;0.104064;0.000000;0.000000;0.000000;0.000000;2.000000;18.864799;-815.919861;1875.519409;0.080686;0.000000;0.000000;0.000000;0.000000;2.000000;-29.106148;-813.448792;1993.210938;0.125293;0.000000;0.000000;0.000000;0.000000;2.000000;19385399296.000000
0.000000;-150.000000;2000.000000;0.000000;0.000000;0.000000;0.000000;0.000000;2.000000;11.710197;-322.719147;1998.179688;0.245877;0.000000;0.000000;0.000000;0.000000;2.000000;24.091415;-460.041748;2010.229980;0.255939;0.000000;0.000000;0.000000;0.000000;2.000000;39.751549;-670.131531;2011.916870;0.207369;0.000000;0.000000;0.000000;0.000000;2.000000;68.724525;-633.423401;2003.231567;0.172619;0.000000;0.000000;0.000000;0.000000;2.000000;188.548264;-590.043518;1948.422363;0.339851;0.000000;0.000000;0.000000;0.000000;2.000000;217.766220;-331.662323;2013.973145;0.586996;0.000000;0.000000;0.000000;0.000000;2.000000;78.679138;-256.693756;1853.686768;1.536296;0.000000;0.000000;0.000000;0.000000;2.000000;37.026443;-275.309479;1772.138794;1.708921;0.000000;0.000000;0.000000;0.000000;2.000000;104.772629;-247.206909;1847.075439;1.386178;0.000000;0.000000;0.000000;0.000000;2.000000;43.808578;-320.073456;1760.191284;1.274271;0.000000;0.000000;0.000000;0.000000;2.000000;6.287582;-637.346252;2021.965454;0.246852;0.000000;0.000000;0.000000;0.000000;2.000000;-119.312027;-621.880981;2038.455688;0.131707;0.000000;0.000000;0.000000;0.000000;2.000000;-249.460434;-404.709808;2141.199219;1.125552;0.000000;0.000000;0.000000;0.000000;2.000000;-206.355576;-393.948029;1917.650513;1.061772;0.000000;0.000000;0.000000;0.000000;2.000000;-194.170731;-425.393951;1822.859131;1.349407;0.000000;0.000000;0.000000;0.000000;2.000000;-177.162170;-338.764099;1876.044678;0.548834;0.000000;0.000000;0.000000;0.000000;1.000000;-77.119881;-424.258545;1887.252319;0.610698;0.000000;0.000000;0.000000;0.000000;2.000000;86.076859;-143.957687;1980.416382;0.157607;0.000000;0.000000;0.000000;0.000000;2.000000;85.892654;243.356293;2010.568115;0.087466;0.000000;0.000000;0.000000;0.000000;2.000000;86.562790;610.945862;2062.729492;0.237973;0.000000;0.000000;0.000000;0.000000;2.000000;48.096359;727.959412;1929.023560;0.285671;0.000000;0.000000;0.000000;0.000000;2.000000;-77.619286;-155.448608;2017.659546;0.142125;0.000000;0.000000;0.000000;0.000000;2.000000;-163.055542;221.252563;1980.328735;0.085339;0.000000;0.000000;0.000000;0.000000;2.000000;-184.690842;590.272827;2044.475464;0.417018;0.000000;0.000000;0.000000;0.000000;2.000000;-244.590378;720.146301;1957.752075;0.495412;0.000000;0.000000;0.000000;0.000000;2.000000;41.848038;-748.483765;2000.078857;0.250105;0.000000;0.000000;0.000000;0.000000;2.000000;38.117195;-785.797852;1848.722168;0.169914;0.000000;0.000000;0.000000;0.000000;2.000000;67.071175;-818.040588;1881.467407;0.162321;0.000000;0.000000;0.000000;0.000000;2.000000;126.543686;-803.478638;1988.167114;0.233882;0.000000;0.000000;0.000000;0.000000;2.000000;16.369682;-818.754639;1879.731201;0.162481;0.000000;0.000000;0.000000;0.000000;2.000000;-33.604164;-817.754150;1996.636963;0.204123;0.000000;0.000000;0.000000;0.000000;2.000000;19385434112.000000
0.000000;-150.000000;2000.000000;0.000000;0.000000;0.000000;0.000000;0.000000;2.000000;10.992592;-323.023163;1998.611938;0.027197;0.000000;0.000000;0.000000;0.000000;2.000000;22.651974;-460.634827;2010.400635;0.047795;0.000000;0.000000;0.000000;0.000000;2.000000;37.650921;-671.081787;2011.948120;0.070367;0.000000;0.000000;0.000000;0.000000;2.000000;66.579742;-634.428894;2002.532959;0.075368;0.000000;0.000000;0.000000;0.000000;2.000000;180.567535;-587.588257;1938.404419;0.397994;0.000000;0.000000;0.000000;0.000000;2.000000;195.149887;-323.939819;1987.374756;1.091237;0.000000;0.000000;0.000000;0.000000;2.000000;40.285748;-266.281464;1834.085327;1.347686;0.000000;0.000000;0.000000;0.000000;2.000000;-17.236549;-282.242554;1762.019653;1.697759;0.000000;0.000000;0.000000;0.000000;2.000000;65.022156;-257.435059;1822.393433;1.461635;0.000000;0.000000;0.000000;0.000000;2.000000;16.510006;-341.410950;1754.302734;1.072542;0.000000;0.000000;0.000000;0.000000;2.000000;4.495716;-638.123535;2022.758667;0.064334;0.000000;0.000000;0.000000;0.000000;2.000000;-121.334702;-622.898499;2039.153076;0.072301;0.000000;0.000000;0.000000;0.000000;2.000000;-251.402725;-404.644287;2140.756836;0.060825;0.000000;0.000000;0.000000;0.000000;2.000000;-208.263596;-396.512695;1916.765259;0.101223;0.000000;0.000000;0.000000;0.000000;2.000000;-238.905884;-403.218811;1821.013672;1.524773;0.000000;0.000000;0.000000;0.000000;1.000000;-207.053574;-325.076599;1880.452271;1.012278;0.000000;0.000000;0.000000;0.000000;1.000000;-110.602615;-408.894257;1828.090210;2.126904;0.000000;0.000000;0.000000;0.000000;2.000000;86.253143;-144.363586;1980.487915;0.013680;0.000000;0.000000;0.000000;0.000000;2.000000;87.692459;243.757690;2007.347900;0.113245;0.000000;0.000000;0.000000;0.000000;2.000000;90.187790;612.044189;2058.380859;0.175993;0.000000;0.000000;0.000000;0.000000;2.000000;50.678776;727.542236;1923.307373;0.191843;0.000000;0.000000;0.000000;0.000000;2.000000;-77.778252;-155.082611;2017.594971;0.012336;0.000000;0.000000;0.000000;0.000000;2.000000;-159.669250;222.663971;1977.130981;0.148520;0.000000;0.000000;0.000000;0.000000;2.000000;-175.447601;592.000305;2044.295288;0.287018;0.000000;0.000000;0.000000;0.000000;2.000000;-240.998169;718.001648;1955.501343;0.144980;0.000000;0.000000;0.000000;0.000000;2.000000;39.203732;-749.566650;2000.131104;0.087217;0.000000;0.000000;0.000000;0.000000;2.000000;28.411045;-780.863159;1847.520264;0.334310;0.000000;0.000000;0.000000;0.000000;2.000000;57.592930;-815.285400;1877.889771;0.320402;0.000000;0.000000;0.000000;0.000000;2.000000;121.674179;-806.722595;1982.762329;0.243084;0.000000;0.000000;0.000000;0.000000;2.000000;6.791718;-814.366882;1878.149048;0.325113;0.000000;0.000000;0.000000;0.000000;2.000000;-38.638176;-816.389038;1997.079834;0.159747;0.000000;0.000000;0.000000;0.000000;2.000000;19385466880.000000
0.000000;-150.000000;2000.000000;0.000000;0.000000;0.000000;0.000000;0.000000;2.000000;12.321617;-323.429413;1997.389771;0.056478;0.000000;0.000000;0.000000;0.000000;2.000000;22.726444;-461.883545;2004.241577;0.191797;0.000000;0.000000;0.000000;0.000000;2.000000;43.470387;-672.437012;2007.950806;0.219390;0.000000;0.000000;0.000000;0.000000;2.000000;71.444992;-635.009827;1998.005249;0.203597;0.000000;0.000000;0.000000;0.000000;2.000000;193.627365;-584.627625;1953.889160;0.624755;0.000000;0.000000;0.000000;0.000000;2.000000;181.274704;-322.715057;1892.292114;2.932663;0.000000;0.000000;0.000000;0.000000;2.000000;-21.252674;-315.489990;1792.122314;2.724341;0.000000;0.000000;0.000000;0.000000;2.000000;-106.979782;-345.010712;1816.368530;3.731077;0.000000;0.000000;0.000000;0.000000;2.000000;-14.657429;-330.406128;1767.840454;3.693716;0.000000;0.000000;0.000000;0.000000;2.000000;-117.990173;-392.942566;1822.671509;4.865625;0.000000;0.000000;0.000000;0.000000;2.000000;9.378143;-640.177673;2018.579224;0.205910;0.000000;0.000000;0.000000;0.000000;2.000000;-117.046310;-626.128174;2034.368774;0.219452;0.000000;0.000000;0.000000;0.000000;2.000000;-261.661224;-437.971283;2172.207031;1.433040;0.000000;0.000000;0.000000;0.000000;2.000000;-207.264832;-405.403717;1952.239014;1.116474;0.000000;0.000000;0.000000;0.000000;2.000000;-204.574936;-407.122986;1851.235474;1.400891;0.000000;0.000000;0.000000;0.000000;1.000000;-197.391037;-309.743530;1885.614868;0.575092;0.000000;0.000000;0.000000;0.000000;1.000000;-163.867661;-397.386841;1832.086060;1.667487;0.000000;0.000000;0.000000;0.000000;2.000000;88.464813;-143.630219;1994.375732;0.429746;0.000000;0.000000;0.000000;0.000000;2.000000;102.535370;246.015167;2009.520996;0.462953;0.000000;0.000000;0.000000;0.000000;2.000000;114.719330;615.770447;2056.321777;0.759833;0.000000;0.000000;0.000000;0.000000;2.000000;70.076385;727.970886;1919.360474;0.604240;0.000000;0.000000;0.000000;0.000000;2.000000;-79.772606;-155.743927;2005.071655;0.387523;0.000000;0.000000;0.000000;0.000000;2.000000;-150.229019;223.975922;1952.421509;0.808225;0.000000;0.000000;0.000000;0.000000;2.000000;-143.327484;589.117920;2045.278320;0.984624;0.000000;0.000000;0.000000;0.000000;2.000000;-214.588135;713.206543;1957.264893;0.820913;0.000000;0.000000;0.000000;0.000000;2.000000;47.108791;-751.202881;1996.920776;0.265123;0.000000;0.000000;0.000000;0.000000;2.000000;39.645603;-785.188477;1844.216553;0.380967;0.000000;0.000000;0.000000;0.000000;2.000000;69.692703;-818.181030;1875.598511;0.386067;0.000000;0.000000;0.000000;0.000000;2.000000;132.077026;-805.738708;1981.525635;0.321112;0.000000;0.000000;0.000000;0.000000;2.000000;18.743946;-819.103271;1875.132202;0.403006;0.000000;0.000000;0.000000;0.000000;2.000000;-28.443417;-821.044006;1993.780273;0.356532;0.000000;0.000000;0.000000;0.000000;2.000000;19385499648.000000
0.000000;-150.000000;2000.000000;0.000000;0.000000;0.000000;0.000000;0.000000;2.000000;10.907618;-324.605774;1997.509033;0.056250;0.000000;0.000000;0.000000;0.000000;2.000000;19.854479;-463.541382;2010.995850;0.229627;0.000000;0.000000;0.000000;0.000000;2.000000;36.501099;-675.676758;2018.413940;0.396193;0.000000;0.000000;0.000000;0.000000;2.000000;64.964424;-638.846436;2006.412964;0.344466;0.000000;0.000000;0.000000;0.000000;2.000000;183.744843;-589.236572;1950.873901;0.345265;0.000000;0.000000;0.000000;0.000000;2.000000;171.618332;-324.076508;1896.192749;0.320528;0.000000;0.000000;0.000000;0.000000;2.000000;-36.296780;-321.935120;1803.966553;0.616539;0.000000;0.000000;0.000000;0.000000;2.000000;-121.134193;-344.372650;1838.854614;0.811089;0.000000;0.000000;0.000000;0.000000;2.000000;-33.121475;-338.648773;1780.112793;0.721838;0.000000;0.000000;0.000000;0.000000;2.000000;-148.216431;-397.104004;1821.924927;0.931412;0.000000;0.000000;0.000000;0.000000;2.000000;3.362267;-642.273438;2029.848145;0.395048;0.000000;0.000000;0.000000;0.000000;2.000000;-122.364883;-624.797974;2052.682617;0.583400;0.000000;0.000000;0.000000;0.000000;2.000000;-256.255096;-432.659332;2198.999023;0.849713;0.000000;0.000000;0.000000;0.000000;2.000000;-199.939575;-405.474182;1977.308594;0.797057;0.000000;0.000000;0.000000;0.000000;2.000000;-276.815460;-453.401001;1931.134888;3.577757;0.000000;0.000000;0.000000;0.000000;2.000000;-226.739227;-365.501495;1906.323364;2.024102;0.000000;0.000000;0.000000;0.000000;1.000000;-163.632507;-390.231415;1840.439087;0.335733;0.000000;0.000000;0.000000;0.000000;2.000000;89.234146;-144.403519;1998.456543;0.128909;0.000000;0.000000;0.000000;0.000000;2.000000;108.236900;247.645355;2007.431274;0.191877;0.000000;0.000000;0.000000;0.000000;2.000000;119.494392;618.542664;2063.066406;0.266005;0.000000;0.000000;0.000000;0.000000;2.000000;77.995575;734.421875;1926.667480;0.383261;0.000000;0.000000;0.000000;0.000000;2.000000;-80.466354;-155.046600;2001.391724;0.116245;0.000000;0.000000;0.000000;0.000000;2.000000;-134.740967;230.880768;1957.496826;0.540183;0.000000;0.000000;0.000000;0.000000;2.000000;-135.253235;596.174133;2059.108643;0.534068;0.000000;0.000000;0.000000;0.000000;2.000000;-209.450333;713.388306;1962.521973;0.224396;0.000000;0.000000;0.000000;0.000000;2.000000;38.051155;-755.203857;2008.884155;0.473928;0.000000;0.000000;0.000000;0.000000;2.000000;39.825798;-782.928711;1853.763184;0.299441;0.000000;0.000000;0.000000;0.000000;2.000000;67.758553;-817.732788;1885.725830;0.314944;0.000000;0.000000;0.000000;0.000000;2.000000;123.882378;-810.321899;1996.415527;0.537202;0.000000;0.000000;0.000000;0.000000;2.000000;16.616484;-818.079529;1882.051514;0.223115;0.000000;0.000000;0.000000;0.000000;2.000000;-38.210117;-824.451050;1998.086060;0.341928;0.000000;0.000000;0.000000;0.000000;2.000000;19385532416.000000
0.000000;-150.000000;2000.000000;0.000000;0.000000;0.000000;0.000000;0.000000;2.000000;10.770412;-324.663818;1997.551025;0.004446;0.000000;0.000000;0.000000;0.000000;2.000000;19.616074;-463.649292;2010.995361;0.007516;0.000000;0.000000;0.000000;0.000000;2.000000;35.828857;-675.883240;2018.258667;0.020685;0.000000;0.000000;0.000000;0.000000;2.000000;64.328171;-639.101135;2006.141968;0.021168;0.000000;0.000000;0.000000;0.000000;2.000000;182.793518;-589.512878;1949.817505;0.041596;0.000000;0.000000;0.000000;0.000000;2.000000;169.981110;-324.348572;1894.938477;0.059752;0.000000;0.000000;0.000000;0.000000;2.000000;-38.594814;-322.557800;1804.050049;0.068427;0.000000;0.000000;0.000000;0.000000;2.000000;-123.255692;-344.953369;1839.461426;0.065536;0.000000;0.000000;0.000000;0.000000;2.000000;-35.554478;-339.298218;1780.196045;0.072368;0.000000;0.000000;0.000000;0.000000;2.000000;-151.116562;-397.432129;1821.799561;0.083908;0.000000;0.000000;0.000000;0.000000;2.000000;2.806316;-642.401733;2029.856689;0.016390;0.000000;0.000000;0.000000;0.000000;2.000000;-122.754456;-624.976196;2053.820313;0.034917;0.000000;0.000000;0.000000;0.000000;2.000000;-255.596420;-433.852234;2202.546875;0.109161;0.000000;0.000000;0.000000;0.000000;2.000000;-201.421570;-405.259521;1980.433716;0.099534;0.000000;0.000000;0.000000;0.000000;2.000000;-278.748718;-453.721497;1935.527100;0.138142;0.000000;0.000000;0.000000;0.000000;2.000000;-228.096252;-365.596863;1912.636353;0.185486;0.000000;0.000000;0.000000;0.000000;2.000000;-169.237991;-389.172852;1842.367065;0.172954;0.000000;0.000000;0.000000;0.000000;2.000000;89.262558;-144.473358;1998.403564;0.002647;0.000000;0.000000;0.000000;0.000000;2.000000;108.460190;247.683640;2007.026245;0.013330;0.000000;0.000000;0.000000;0.000000;2.000000;120.059830;618.723938;2062.342773;0.026886;0.000000;0.000000;0.000000;0.000000;2.000000;78.139923;734.401001;1925.831665;0.024369;0.000000;0.000000;0.000000;0.000000;2.000000;-80.491974;-154.983627;2001.439575;0.002388;0.000000;0.000000;0.000000;0.000000;2.000000;-134.245239;231.085709;1957.175781;0.017956;0.000000;0.000000;0.000000;0.000000;2.000000;-134.778244;596.518311;2058.681152;0.020847;0.000000;0.000000;0.000000;0.000000;2.000000;-208.525635;713.858826;1961.821533;0.035956;0.000000;0.000000;0.000000;0.000000;2.000000;37.160217;-755.431946;2008.688599;0.027006;0.000000;0.000000;0.000000;0.000000;2.000000;36.334854;-783.986511;1853.665649;0.104808;0.000000;0.000000;0.000000;0.000000;2.000000;64.088455;-819.125916;1885.443115;0.113045;0.000000;0.000000;0.000000;0.000000;2.000000;121.850754;-812.142273;1995.353760;0.084077;0.000000;0.000000;0.000000;0.000000;2.000000;12.888714;-818.584534;1882.461182;0.108687;0.000000;0.000000;0.000000;0.000000;2.000000;-40.473579;-823.389343;1999.290649;0.079709;0.000000;0.000000;0.000000;0.000000;2.000000;19385567232.000000
0.000000;-150.000000;2000.000000;0.000000;0.000000;0.000000;0.000000;0.000000;2.000000;9.536233;-324.353241;1999.252930;0.064854;0.000000;0.000000;0.000000;0.000000;2.000000;17.407070;-462.970917;2013.758057;0.109916;0.000000;0.000000;0.000000;0.000000;2.000000;30.315498;-674.931519;2021.457764;0.196684;0.000000;0.000000;0.000000;0.000000;2.000000;59.088745;-638.737976;2008.667236;0.177843;0.000000;0.000000;0.000000;0.000000;2.000000;172.624634;-586.034668;1946.151123;0.346541;0.000000;0.000000;0.000000;0.000000;2.000000;139.142654;-325.552704;1881.475952;1.027541;0.000000;0.000000;0.000000;0.000000;2.000000;-77.696617;-345.116638;1817.202515;1.434923;0.000000;0.000000;0.000000;0.000000;2.000000;-157.683472;-362.921600;1863.760132;1.398010;0.000000;0.000000;0.000000;0.000000;2.000000;-75.330490;-366.672058;1797.511841;1.565434;0.000000;0.000000;0.000000;0.000000;2.000000;-181.340073;-419.541077;1862.539795;1.688710;0.000000;0.000000;0.000000;0.000000;2.000000;-1.851451;-640.959229;2033.563354;0.186919;0.000000;0.000000;0.000000;0.000000;2.000000;-126.829414;-622.962463;2058.554688;0.200291;0.000000;0.000000;0.000000;0.000000;2.000000;-259.119965;-440.265503;2216.890137;0.491394;0.000000;0.000000;0.000000;0.000000;2.000000;-205.765717;-409.980042;1995.345093;0.495386;0.000000;0.000000;0.000000;0.000000;2.000000;-253.743515;-490.073608;1955.584595;1.479092;0.000000;0.000000;0.000000;0.000000;2.000000;-240.500732;-389.132446;1934.563232;1.052119;0.000000;0.000000;0.000000;0.000000;1.000000;-172.371338;-389.266418;1859.774170;0.539768;0.000000;0.000000;0.000000;0.000000;1.000000;89.094849;-145.119659;1998.293823;0.020650;0.000000;0.000000;0.000000;0.000000;2.000000;109.081642;246.188446;2001.330078;0.180720;0.000000;0.000000;0.000000;0.000000;2.000000;121.076645;615.090393;2064.528809;0.133077;0.000000;0.000000;0.000000;0.000000;2.000000;88.059380;735.875793;1930.583618;0.338665;0.000000;0.000000;0.000000;0.000000;2.000000;-80.340744;-154.400818;2001.538696;0.018622;0.000000;0.000000;0.000000;0.000000;2.000000;-128.947845;229.553741;1943.086182;0.461740;0.000000;0.000000;0.000000;0.000000;2.000000;-126.206474;590.306274;2057.290039;0.325838;0.000000;0.000000;0.000000;0.000000;2.000000;-198.139328;715.744995;1970.396973;0.415052;0.000000;0.000000;0.000000;0.000000;2.000000;30.174595;-754.342285;2012.176147;0.240585;0.000000;0.000000;0.000000;0.000000;2.000000;30.071346;-790.674683;1859.155151;0.325978;0.000000;0.000000;0.000000;0.000000;2.000000;56.410675;-824.842407;1892.918701;0.370648;0.000000;0.000000;0.000000;0.000000;2.000000;113.119019;-813.920898;2002.738525;0.353189;0.000000;0.000000;0.000000;0.000000;2.000000;5.396874;-822.996399;1889.333130;0.338203;0.000000;0.000000;0.000000;0.000000;2.000000;-49.126144;-820.296509;2005.371094;0.336254;0.000000;0.000000;0.000000;0.000000;2.000000;19385600000.000000
0.000000;-150.000000;2000.000000;0.000000;0.000000;0.000000;0.000000;0.000000;2.000000;8.447718;-323.969727;1999.844482;0.039577;0.000000;0.000000;0.000000;0.000000;2.000000;15.202574;-462.420105;2013.067261;0.072478;0.000000;0.000000;0.000000;0.000000;2.000000;23.830246;-674.178101;2016.180542;0.256194;0.000000;0.000000;0.000000;0.000000;2.000000;53.599937;-638.363708;2005.182251;0.198745;0.000000;0.000000;0.000000;0.000000;2.000000;170.422852;-593.372925;1943.490601;0.247505;0.000000;0.000000;0.000000;0.000000;2.000000;139.022888;-328.834412;1900.836060;0.599263;0.000000;0.000000;0.000000;0.000000;2.000000;-74.861526;-343.007416;1827.857300;0.342574;0.000000;0.000000;0.000000;0.000000;2.000000;-167.805313;-350.927063;1839.540039;0.880755;0.000000;0.000000;0.000000;0.000000;2.000000;-70.074585;-372.749725;1806.358398;0.364713;0.000000;0.000000;0.000000;0.000000;1.000000;-179.983322;-417.569794;1842.138062;0.626880;0.000000;0.000000;0.000000;0.000000;2.000000;-7.978178;-639.953369;2028.033691;0.253729;0.000000;0.000000;0.000000;0.000000;2.000000;-133.231842;-618.317932;2046.140625;0.449212;0.000000;0.000000;0.000000;0.000000;2.000000;-259.948212;-385.500946;2118.978516;3.423758;0.000000;0.000000;0.000000;0.000000;2.000000;-194.382248;-429.893219;1903.780518;2.880670;0.000000;0.000000;0.000000;0.000000;2.000000;-220.009125;-527.619019;1897.554443;2.347110;0.000000;0.000000;0.000000;0.000000;1.000000;-202.084381;-427.868378;1875.635620;2.450687;0.000000;0.000000;0.000000;0.000000;1.000000;-120.569237;-442.012878;1791.888916;3.063037;0.000000;0.000000;0.000000;0.000000;1.000000;88.914467;-145.682266;1999.787476;0.049019;0.000000;0.000000;0.000000;0.000000;2.000000;110.779175;244.527740;1995.930664;0.180010;0.000000;0.000000;0.000000;0.000000;2.000000;124.902443;611.045227;2066.537109;0.180630;0.000000;0.000000;0.000000;0.000000;2.000000;100.572502;730.186218;1929.918823;0.419982;0.000000;0.000000;0.000000;0.000000;2.000000;-80.178093;-153.893494;2000.191650;0.044207;0.000000;0.000000;0.000000;0.000000;2.000000;-125.608040;229.100983;1939.532715;0.149463;0.000000;0.000000;0.000000;0.000000;2.000000;-121.709557;584.142456;2067.599121;0.391402;0.000000;0.000000;0.000000;0.000000;2.000000;-185.279449;708.857605;1974.211792;0.460164;0.000000;0.000000;0.000000;0.000000;2.000000;22.488375;-753.138000;2005.064819;0.321666;0.000000;0.000000;0.000000;0.000000;2.000000;28.134361;-803.579712;1856.624390;0.405662;0.000000;0.000000;0.000000;0.000000;2.000000;52.556927;-834.584961;1894.416748;0.322986;0.000000;0.000000;0.000000;0.000000;2.000000;104.743896;-813.960205;2004.730103;0.262718;0.000000;0.000000;0.000000;0.000000;2.000000;1.889100;-832.612061;1888.555908;0.313262;0.000000;0.000000;0.000000;0.000000;2.000000;-57.134171;-818.529114;2001.160889;0.281322;0.000000;0.000000;0.000000;0.000000;2.000000;19385632768.000000
0.000000;-150.000000;2000.000000;0.000000;0.000000;0.000000;0.000000;0.000000;2.000000;6.594814;-323.515289;2001.243774;0.067956;0.000000;0.000000;0.000000;0.000000;2.000000;11.841216;-461.879333;2011.197144;0.111569;0.000000;0.000000;0.000000;0.000000;2.000000;18.019613;-673.051392;2015.767456;0.170418;0.000000;0.000000;0.000000;0.000000;2.000000;48.825031;-637.691772;2007.010986;0.148124;0.000000;0.000000;0.000000;0.000000;2.000000;170.580078;-599.681519;1951.421021;0.291097;0.000000;0.000000;0.000000;0.000000;2.000000;138.342453;-338.172607;1897.405273;0.286412;0.000000;0.000000;0.000000;0.000000;2.000000;-69.690109;-334.557495;1809.819458;0.591088;0.000000;0.000000;0.000000;0.000000;2.000000;-162.352875;-322.183044;1816.494263;1.069715;0.000000;0.000000;0.000000;0.000000;2.000000;-66.699638;-364.803680;1806.753662;0.248222;0.000000;0.000000;0.000000;0.000000;2.000000;-190.281738;-382.945892;1839.791382;1.039728;0.000000;0.000000;0.000000;0.000000;2.000000;-14.165660;-638.565125;2024.948975;0.202544;0.000000;0.000000;0.000000;0.000000;2.000000;-137.850983;-605.886108;2029.229126;0.617289;0.000000;0.000000;0.000000;0.000000;2.000000;-237.988434;-353.095764;1994.927002;3.736246;0.000000;0.000000;0.000000;0.000000;2.000000;-205.624390;-379.369995;1770.154907;4.115913;0.000000;0.000000;0.000000;0.000000;1.000000;-230.530823;-476.885681;1762.808960;4.146481;0.000000;0.000000;0.000000;0.000000;1.000000;-184.889938;-384.957825;1750.448120;3.833005;0.000000;0.000000;0.000000;0.000000;1.000000;-83.774933;-441.329193;1796.448120;1.065085;0.000000;0.000000;0.000000;0.000000;1.000000;88.684593;-146.628479;2000.122925;0.029581;0.000000;0.000000;0.000000;0.000000;2.000000;115.137962;241.956940;1988.696411;0.253576;0.000000;0.000000;0.000000;0.000000;2.000000;132.035355;604.925415;2070.187012;0.289587;0.000000;0.000000;0.000000;0.000000;2.000000;115.037308;725.848938;1934.774780;0.455613;0.000000;0.000000;0.000000;0.000000;2.000000;-79.970787;-153.040253;1999.889160;0.026675;0.000000;0.000000;0.000000;0.000000;2.000000;-132.925278;223.605774;1917.209717;0.692952;0.000000;0.000000;0.000000;0.000000;2.000000;-112.611870;569.459473;2064.103516;0.506181;0.000000;0.000000;0.000000;0.000000;2.000000;-169.453995;704.230530;1981.945557;0.523084;0.000000;0.000000;0.000000;0.000000;2.000000;16.744934;-751.804199;2004.915649;0.169410;0.000000;0.000000;0.000000;0.000000;2.000000;20.473795;-809.364380;1859.539429;0.288148;0.000000;0.000000;0.000000;0.000000;2.000000;47.420742;-837.083313;1897.924805;0.192523;0.000000;0.000000;0.000000;0.000000;2.000000;101.597534;-808.389404;2005.005981;0.183935;0.000000;0.000000;0.000000;0.000000;2.000000;-3.279043;-837.837769;1893.611450;0.256220;0.000000;0.000000;0.000000;0.000000;2.000000;-59.401207;-820.829163;2006.852539;0.187961;0.000000;0.000000;0.000000;0.000000;2.000000;19385667584.000000
0.000000;-150.000000;2000.000000;0.000000;0.000000;0.000000;0.000000;0.000000;2.000000;4.591644;-324.471893;2001.074219;0.067942;0.000000;0.000000;0.000000;0.000000;2.000000;8.292094;-463.523712;2012.041138;0.122118;0.000000;0.000000;0.000000;0.000000;2.000000;19.619064;-675.505981;2018.906738;0.131042;0.000000;0.000000;0.000000;0.000000;2.000000;49.526901;-639.358459;2008.994995;0.081926;0.000000;0.000000;0.000000;0.000000;2.000000;171.833649;-601.260010;1952.888184;0.076084;0.000000;0.000000;0.000000;0.000000;2.000000;145.506042;-340.170044;1887.874756;0.368919;0.000000;0.000000;0.000000;0.000000;2.000000;-65.676468;-335.632263;1805.005371;0.194068;0.000000;0.000000;0.000000;0.000000;2.000000;-159.341858;-328.599152;1812.198608;0.252919;0.000000;0.000000;0.000000;0.000000;2.000000;-71.792892;-362.740845;1860.615601;1.652268;0.000000;0.000000;0.000000;0.000000;2.000000;-167.643921;-434.859314;1812.297363;1.921249;0.000000;0.000000;0.000000;0.000000;2.000000;-13.324465;-641.500793;2028.478271;0.142428;0.000000;0.000000;0.000000;0.000000;2.000000;-137.884567;-621.788879;2053.954102;0.897146;0.000000;0.000000;0.000000;0.000000;2.000000;-275.093750;-383.157593;2064.358398;2.571681;0.000000;0.000000;0.000000;0.000000;2.000000;-223.410233;-447.816162;1850.008789;3.255220;0.000000;0.000000;0.000000;0.000000;2.000000;-213.975998;-486.942719;1756.904419;0.617987;0.000000;0.000000;0.000000;0.000000;1.000000;-191.508148;-385.498901;1755.981689;0.263785;0.000000;0.000000;0.000000;0.000000;1.000000;-87.921844;-438.091644;1804.701904;0.298704;0.000000;0.000000;0.000000;0.000000;1.000000;89.172348;-147.655441;1999.638672;0.037712;0.000000;0.000000;0.000000;0.000000;2.000000;121.468704;242.575897;1991.466919;0.211734;0.000000;0.000000;0.000000;0.000000;2.000000;138.553940;608.821960;2066.768555;0.254160;0.000000;0.000000;0.000000;0.000000;2.000000;134.217422;733.360291;1932.376343;0.632863;0.000000;0.000000;0.000000;0.000000;2.000000;-80.410629;-152.114197;2000.325806;0.034006;0.000000;0.000000;0.000000;0.000000;2.000000;-129.136368;219.146210;1886.960205;0.940257;0.000000;0.000000;0.000000;0.000000;2.000000;-98.999939;556.739807;2054.840576;0.634939;0.000000;0.000000;0.000000;0.000000;2.000000;-151.020233;706.887085;1998.420166;0.758823;0.000000;0.000000;0.000000;0.000000;2.000000;19.962606;-754.795349;2008.933105;0.181677;0.000000;0.000000;0.000000;0.000000;2.000000;35.555763;-801.217224;1859.552002;0.523127;0.000000;0.000000;0.000000;0.000000;2.000000;59.959465;-831.788818;1897.869995;0.415369;0.000000;0.000000;0.000000;0.000000;2.000000;105.687439;-810.961853;2011.256958;0.241107;0.000000;0.000000;0.000000;0.000000;2.000000;9.491987;-832.537781;1889.578491;0.439553;0.000000;0.000000;0.000000;0.000000;2.000000;-55.641262;-824.607361;1999.690063;0.272467;0.000000;0.000000;0.000000;0.000000;2.000000;19385700352.000000
0.000000;-150.000000;2000.000000;0.000000;0.000000;0.000000;0.000000;0.000000;2.000000;3.870556;-325.419189;2000.969727;0.036471;0.000000;0.000000;0.000000;0.000000;2.000000;7.063644;-465.300201;2010.984375;0.073380;0.000000;0.000000;0.000000;0.000000;2.000000;23.663069;-677.822815;2023.313843;0.195751;0.000000;0.000000;0.000000;0.000000;2.000000;52.560417;-641.099854;2011.470215;0.130768;0.000000;0.000000;0.000000;0.000000;2.000000;175.446381;-599.272705;1957.463745;0.187967;0.000000;0.000000;0.000000;0.000000;2.000000;147.375443;-337.531036;1889.852417;0.115686;0.000000;0.000000;0.000000;0.000000;2.000000;-50.407036;-326.609924;1776.722778;1.018786;0.000000;0.000000;0.000000;0.000000;2.000000;-141.768478;-338.042053;1798.893066;0.731805;0.000000;0.000000;0.000000;0.000000;2.000000;-67.619011;-367.300873;1869.176392;0.322249;0.000000;0.000000;0.000000;0.000000;2.000000;-154.121475;-421.846802;1807.284546;0.592788;0.000000;0.000000;0.000000;0.000000;2.000000;-9.954473;-644.144043;2032.996094;0.189981;0.000000;0.000000;0.000000;0.000000;2.000000;-135.050827;-627.648010;2061.425781;0.302394;0.000000;0.000000;0.000000;0.000000;2.000000;-265.515015;-383.955383;2078.231445;0.515060;0.000000;0.000000;0.000000;0.000000;2.000000;-249.794815;-447.926331;1856.822754;0.831619;0.000000;0.000000;0.000000;0.000000;2.000000;-238.328384;-483.399780;1761.910645;0.766382;0.000000;0.000000;0.000000;0.000000;1.000000;-241.560226;-379.073242;1757.753784;1.540953;0.000000;0.000000;0.000000;0.000000;1.000000;-119.357208;-433.480804;1810.490356;0.985556;0.000000;0.000000;0.000000;0.000000;2.000000;89.651031;-148.027588;1998.965332;0.027652;0.000000;0.000000;0.000000;0.000000;2.000000;122.288963;244.346405;1996.739380;0.171568;0.000000;0.000000;0.000000;0.000000;2.000000;136.679550;612.447632;2073.474121;0.239565;0.000000;0.000000;0.000000;0.000000;2.000000;136.953842;732.247742;1933.487671;0.096316;0.000000;0.000000;0.000000;0.000000;2.000000;-80.842278;-151.778595;2000.933105;0.024938;0.000000;0.000000;0.000000;0.000000;2.000000;-102.217972;223.175385;1884.114502;0.835163;0.000000;0.000000;0.000000;0.000000;2.000000;-86.677071;559.733276;2060.397461;0.422526;0.000000;0.000000;0.000000;0.000000;2.000000;-135.294388;711.466064;2002.513062;0.515215;0.000000;0.000000;0.000000;0.000000;2.000000;25.590296;-757.753601;2015.445068;0.277740;0.000000;0.000000;0.000000;0.000000;2.000000;39.636299;-794.367004;1862.347656;0.257855;0.000000;0.000000;0.000000;0.000000;2.000000;63.757957;-828.114258;1898.537476;0.162566;0.000000;0.000000;0.000000;0.000000;2.000000;110.675575;-815.868347;2013.404297;0.223355;0.000000;0.000000;0.000000;0.000000;2.000000;12.977065;-827.336792;1890.481689;0.193039;0.000000;0.000000;0.000000;0.000000;2.000000;-51.800751;-825.689209;2001.865234;0.138683;0.000000;0.000000;0.000000;0.000000;2.000000;19385733120.000000
0.000000;-150.000000;2000.000000;0.000000;0.000000;0.000000;0.000000;0.000000;2.000000;4.538677;-324.755554;2004.872803;0.122530;0.000000;0.000000;0.000000;0.000000;2.000000;7.853516;-463.905457;2018.030396;0.220521;0.000000;0.000000;0.000000;0.000000;2.000000;26.981739;-675.269958;2033.857422;0.346207;0.000000;0.000000;0.000000;0.000000;2.000000;54.435154;-638.795837;2018.875488;0.243494;0.000000;0.000000;0.000000;0.000000;2.000000;175.644531;-594.247192;1964.470337;0.263208;0.000000;0.000000;0.000000;0.000000;2.000000;161.175446;-333.179321;1893.669556;0.456692;0.000000;0.000000;0.000000;0.000000;2.000000;-34.469803;-323.178162;1778.284790;0.499792;0.000000;0.000000;0.000000;0.000000;2.000000;-123.513657;-342.739075;1802.744385;0.587123;0.000000;0.000000;0.000000;0.000000;2.000000;-58.652443;-366.481262;1883.046753;0.504656;0.000000;0.000000;0.000000;0.000000;2.000000;-140.885223;-411.124390;1810.487793;0.528958;0.000000;0.000000;0.000000;0.000000;2.000000;-5.877613;-641.675659;2045.442261;0.406721;0.000000;0.000000;0.000000;0.000000;2.000000;-126.555908;-623.734985;2087.077881;0.833250;0.000000;0.000000;0.000000;0.000000;2.000000;-253.639252;-413.860046;2213.504395;4.243381;0.000000;0.000000;0.000000;0.000000;2.000000;-292.154968;-420.835388;1986.622070;4.247994;0.000000;0.000000;0.000000;0.000000;2.000000;-301.223816;-414.399841;1885.599365;4.729311;0.000000;0.000000;0.000000;0.000000;2.000000;-295.788147;-391.873230;1987.100342;7.202689;0.000000;0.000000;0.000000;0.000000;2.000000;-217.215820;-415.887756;1888.320679;3.853366;0.000000;0.000000;0.000000;0.000000;1.000000;89.302521;-147.600403;2002.879028;0.120616;0.000000;0.000000;0.000000;0.000000;2.000000;128.325714;242.882309;2001.942383;0.247281;0.000000;0.000000;0.000000;0.000000;2.000000;152.000092;610.631531;2071.625000;0.474189;0.000000;0.000000;0.000000;0.000000;2.000000;153.025452;743.897522;1945.282104;0.704634;0.000000;0.000000;0.000000;0.000000;2.000000;-80.528008;-152.163849;1997.403809;0.108769;0.000000;0.000000;0.000000;0.000000;2.000000;-102.478043;223.543076;1887.715332;0.110745;0.000000;0.000000;0.000000;0.000000;2.000000;-81.971062;551.748535;2076.106201;0.556615;0.000000;0.000000;0.000000;0.000000;2.000000;-120.537338;708.273865;2025.517700;0.839746;0.000000;0.000000;0.000000;0.000000;2.000000;28.866737;-755.087708;2027.744507;0.396867;0.000000;0.000000;0.000000;0.000000;2.000000;34.679783;-783.457458;1872.913818;0.487545;0.000000;0.000000;0.000000;0.000000;2.000000;65.780792;-814.984070;1905.304565;0.454996;0.000000;0.000000;0.000000;0.000000;2.000000;119.962082;-801.139893;2016.278931;0.538555;0.000000;0.000000;0.000000;0.000000;2.000000;14.999104;-820.611145;1901.275024;0.392977;0.000000;0.000000;0.000000;0.000000;2.000000;-39.751923;-831.844543;2016.909302;0.617471;0.000000;0.000000;0.000000;0.000000;2.000000;19385765888.000000
0.000000;-150.000000;2000.000000;0.000000;0.000000;0.000000;0.000000;0.000000;2.000000;3.638657;-325.555176;2005.805908;0.043750;0.000000;0.000000;0.000000;0.000000;2.000000;6.512852;-465.360901;2018.981689;0.063063;0.000000;0.000000;0.000000;0.000000;2.000000;28.580914;-677.573181;2032.726685;0.086838;0.000000;0.000000;0.000000;0.000000;2.000000;55.330700;-640.500244;2017.238159;0.072594;0.000000;0.000000;0.000000;0.000000;2.000000;175.794159;-591.988831;1962.897339;0.079166;0.000000;0.000000;0.000000;0.000000;2.000000;166.163330;-329.697998;1891.011597;0.190660;0.000000;0.000000;0.000000;0.000000;2.000000;-38.494350;-337.001801;1789.865845;0.530713;0.000000;0.000000;0.000000;0.000000;2.000000;-116.669067;-372.171387;1830.410522;1.176752;0.000000;0.000000;0.000000;0.000000;2.000000;-63.640667;-386.781738;1921.500366;1.257134;0.000000;0.000000;0.000000;0.000000;2.000000;-140.027786;-419.690002;1809.569580;0.248657;0.000000;0.000000;0.000000;0.000000;2.000000;-4.496342;-644.299561;2045.491333;0.085181;0.000000;0.000000;0.000000;0.000000;2.000000;-125.698532;-633.030090;2089.709961;0.278566;0.000000;0.000000;0.000000;0.000000;2.000000;-262.193115;-444.156189;2239.980957;1.181478;0.000000;0.000000;0.000000;0.000000;2.000000;-287.306976;-420.669708;2011.255493;0.721119;0.000000;0.000000;0.000000;0.000000;2.000000;-275.738342;-449.694305;1914.052124;1.493778;0.000000;0.000000;0.000000;0.000000;2.000000;-271.034271;-359.618805;1967.004272;1.302667;0.000000;0.000000;0.000000;0.000000;2.000000;-211.426987;-411.903015;1893.468018;0.250205;0.000000;0.000000;0.000000;0.000000;1.000000;89.773506;-148.131149;2000.246582;0.078309;0.000000;0.000000;0.000000;0.000000;2.000000;131.355881;243.887390;2004.289307;0.113808;0.000000;0.000000;0.000000;0.000000;2.000000;161.384567;613.784241;2069.331055;0.291883;0.000000;0.000000;0.000000;0.000000;2.000000;159.224350;751.388428;1946.467163;0.281340;0.000000;0.000000;0.000000;0.000000;2.000000;-80.952728;-151.685211;1999.777588;0.070615;0.000000;0.000000;0.000000;0.000000;2.000000;-94.107864;225.163879;1886.193604;0.248748;0.000000;0.000000;0.000000;0.000000;2.000000;-86.964508;562.110107;2063.321777;0.493941;0.000000;0.000000;0.000000;0.000000;2.000000;-114.762863;722.139526;2014.042603;0.542906;0.000000;0.000000;0.000000;0.000000;2.000000;31.232674;-757.683594;2025.917480;0.113714;0.000000;0.000000;0.000000;0.000000;2.000000;21.550558;-785.464172;1870.434204;0.388074;0.000000;0.000000;0.000000;0.000000;2.000000;53.742649;-819.043030;1900.003174;0.395387;0.000000;0.000000;0.000000;0.000000;2.000000;118.604828;-808.919434;2006.190674;0.367979;0.000000;0.000000;0.000000;0.000000;2.000000;2.332108;-821.807556;1900.528687;0.366074;0.000000;0.000000;0.000000;0.000000;2.000000;-42.629375;-830.746277;2021.136230;0.150218;0.000000;0.000000;0.000000;0.000000;2.000000;19385800704.000000
0.000000;-150.000000;2000.000000;0.000000;0.000000;0.000000;0.000000;0.000000;2.000000;4.018429;-325.743774;2006.769897;0.032139;0.000000;0.000000;0.000000;0.000000;2.000000;7.306938;-466.068939;2015.573364;0.108963;0.000000;0.000000;0.000000;0.000000;2.000000;31.781616;-678.349060;2028.555542;0.162189;0.000000;0.000000;0.000000;0.000000;2.000000;58.122601;-640.879883;2013.121826;0.152231;0.000000;0.000000;0.000000;0.000000;2.000000;180.654114;-595.198181;1960.499390;0.192210;0.000000;0.000000;0.000000;0.000000;2.000000;170.038300;-334.020721;1883.521484;0.289198;0.000000;0.000000;0.000000;0.000000;2.000000;-41.518314;-362.922546;1801.579712;0.872954;0.000000;0.000000;0.000000;0.000000;2.000000;-120.582977;-407.210297;1829.919067;1.076058;0.000000;0.000000;0.000000;0.000000;2.000000;-92.381454;-425.118500;1931.095337;1.491246;0.000000;0.000000;0.000000;0.000000;2.000000;-142.123230;-448.331482;1814.168823;0.887573;0.000000;0.000000;0.000000;0.000000;2.000000;-1.679634;-645.444580;2041.518555;0.152673;0.000000;0.000000;0.000000;0.000000;2.000000;-123.800140;-629.082397;2081.957275;0.271748;0.000000;0.000000;0.000000;0.000000;2.000000;-262.611542;-432.806396;2220.864258;0.678590;0.000000;0.000000;0.000000;0.000000;2.000000;-277.401154;-403.336884;1991.623413;0.854476;0.000000;0.000000;0.000000;0.000000;2.000000;-245.586945;-492.395660;1952.782715;1.985419;0.000000;0.000000;0.000000;0.000000;2.000000;-254.855255;-388.777313;1964.857666;1.019756;0.000000;0.000000;0.000000;0.000000;2.000000;-211.231689;-453.714325;1891.761230;1.277057;0.000000;0.000000;0.000000;0.000000;2.000000;89.864937;-148.026642;1997.885986;0.072164;0.000000;0.000000;0.000000;0.000000;2.000000;127.378738;244.634216;1982.280884;0.682903;0.000000;0.000000;0.000000;0.000000;2.000000;167.884933;609.709961;2068.354736;0.236009;0.000000;0.000000;0.000000;0.000000;2.000000;172.311188;744.620056;1942.241821;0.467756;0.000000;0.000000;0.000000;0.000000;2.000000;-81.035187;-151.779465;2001.906372;0.065078;0.000000;0.000000;0.000000;0.000000;2.000000;-125.013290;225.981842;1897.693115;1.006642;0.000000;0.000000;0.000000;0.000000;2.000000;-78.599579;562.052856;2071.595703;0.359063;0.000000;0.000000;0.000000;0.000000;2.000000;-105.677063;720.342041;2015.937256;0.288504;0.000000;0.000000;0.000000;0.000000;2.000000;35.310276;-758.506592;2021.454102;0.186197;0.000000;0.000000;0.000000;0.000000;2.000000;33.842655;-790.172119;1866.207153;0.421903;0.000000;0.000000;0.000000;0.000000;2.000000;64.649078;-822.873352;1898.266235;0.356728;0.000000;0.000000;0.000000;0.000000;2.000000;123.938980;-809.764343;2007.533081;0.169830;0.000000;0.000000;0.000000;0.000000;2.000000;13.226234;-825.928833;1896.192505;0.379290;0.000000;0.000000;0.000000;0.000000;2.000000;-37.965183;-832.191711;2014.648071;0.247814;0.000000;0.000000;0.000000;0.000000;2.000000;19385833472.000000
0.000000;-150.000000;2000.000000;0.000000;0.000000;0.000000;0.000000;0.000000;2.000000;3.095165;-325.665710;2006.075439;0.035337;0.000000;0.000000;0.000000;0.000000;2.000000;5.643551;-465.924011;2014.628296;0.058551;0.000000;0.000000;0.000000;0.000000;2.000000;27.332371;-678.287292;2028.709351;0.135874;0.000000;0.000000;0.000000;0.000000;2.000000;54.327736;-641.223206;2013.535522;0.116966;0.000000;0.000000;0.000000;0.000000;2.000000;178.039001;-596.752075;1962.937134;0.118964;0.000000;0.000000;0.000000;0.000000;2.000000;170.649551;-335.629822;1886.063721;0.093693;0.000000;0.000000;0.000000;0.000000;2.000000;-37.796871;-362.214905;1796.192749;0.200975;0.000000;0.000000;0.000000;0.000000;2.000000;-117.435837;-405.174500;1824.747314;0.194921;0.000000;0.000000;0.000000;0.000000;2.000000;-93.481598;-424.150635;1926.742554;0.140161;0.000000;0.000000;0.000000;0.000000;2.000000;-139.340805;-446.708618;1811.354492;0.130535;0.000000;0.000000;0.000000;0.000000;2.000000;-5.886990;-644.955383;2041.061401;0.130014;0.000000;0.000000;0.000000;0.000000;2.000000;-129.276245;-627.482422;2076.598633;0.238863;0.000000;0.000000;0.000000;0.000000;2.000000;-275.595947;-432.254639;2208.726807;0.542679;0.000000;0.000000;0.000000;0.000000;2.000000;-273.344116;-404.646118;1978.950806;0.408033;0.000000;0.000000;0.000000;0.000000;2.000000;-248.573654;-495.585266;1939.527588;0.425928;0.000000;0.000000;0.000000;0.000000;2.000000;-258.621002;-395.571167;1968.673584;0.264111;0.000000;0.000000;0.000000;0.000000;2.000000;-219.552689;-463.378601;1882.005737;0.490001;0.000000;0.000000;0.000000;0.000000;2.000000;89.816818;-148.482147;1998.129883;0.015836;0.000000;0.000000;0.000000;0.000000;2.000000;128.246201;243.966721;1986.978638;0.147204;0.000000;0.000000;0.000000;0.000000;2.000000;168.271149;608.746155;2073.386719;0.156799;0.000000;0.000000;0.000000;0.000000;2.000000;172.541870;741.477051;1945.161377;0.131103;0.000000;0.000000;0.000000;0.000000;2.000000;-80.991776;-151.368729;2001.686401;0.014281;0.000000;0.000000;0.000000;0.000000;2.000000;-116.740356;227.069534;1897.816406;0.254670;0.000000;0.000000;0.000000;0.000000;2.000000;-76.439163;561.597717;2075.594727;0.139405;0.000000;0.000000;0.000000;0.000000;2.000000;-98.537811;717.932678;2013.005005;0.246744;0.000000;0.000000;0.000000;0.000000;2.000000;29.987020;-758.451965;2021.950073;0.163165;0.000000;0.000000;0.000000;0.000000;2.000000;20.791374;-789.689026;1866.994141;0.399289;0.000000;0.000000;0.000000;0.000000;2.000000;50.727505;-824.219971;1897.871460;0.427006;0.000000;0.000000;0.000000;0.000000;2.000000;114.715050;-814.903564;2004.752441;0.333221;0.000000;0.000000;0.000000;0.000000;2.000000;-0.791782;-824.162415;1897.732666;0.433733;0.000000;0.000000;0.000000;0.000000;2.000000;-47.753933;-827.520020;2017.947510;0.345982;0.000000;0.000000;0.000000;0.000000;2.000000;19385866240.000000
0.000000;-150.000000;2000.000000;0.000000;0.000000;0.000000;0.000000;0.000000;2.000000;0.143715;-326.183319;2007.992432;0.108558;0.000000;0.000000;0.000000;0.000000;2.000000;0.257248;-466.659363;2020.076660;0.234882;0.000000;0.000000;0.000000;0.000000;2.000000;24.022572;-679.413696;2035.345825;0.228915;0.000000;0.000000;0.000000;0.000000;2.000000;50.819733;-642.039795;2020.084473;0.228090;0.000000;0.000000;0.000000;0.000000;2.000000;172.483307;-593.700623;1966.870239;0.227651;0.000000;0.000000;0.000000;0.000000;2.000000;162.518768;-332.885529;1886.223389;0.261930;0.000000;0.000000;0.000000;0.000000;2.000000;-23.330902;-346.570313;1752.644653;1.479537;0.000000;0.000000;0.000000;0.000000;2.000000;-110.171211;-385.535431;1751.282593;2.331258;0.000000;0.000000;0.000000;0.000000;2.000000;-98.788918;-416.539551;1852.866577;2.272229;0.000000;0.000000;0.000000;0.000000;2.000000;-139.291382;-413.874298;1785.160645;1.281816;0.000000;0.000000;0.000000;0.000000;2.000000;-9.693581;-646.243591;2047.402344;0.229100;0.000000;0.000000;0.000000;0.000000;2.000000;-131.961304;-629.939941;2088.467285;0.378853;0.000000;0.000000;0.000000;0.000000;2.000000;-295.413483;-427.112091;2186.561035;0.920853;0.000000;0.000000;0.000000;0.000000;2.000000;-261.170868;-391.556488;1959.683838;0.802062;0.000000;0.000000;0.000000;0.000000;2.000000;-241.446838;-478.891937;1909.798218;1.063000;0.000000;0.000000;0.000000;0.000000;2.000000;-237.748383;-380.745453;1946.913818;1.025389;0.000000;0.000000;0.000000;0.000000;2.000000;-205.294312;-446.541138;1862.793091;0.892829;0.000000;0.000000;0.000000;0.000000;2.000000;90.138641;-149.925720;2000.016724;0.073164;0.000000;0.000000;0.000000;0.000000;2.000000;134.306305;243.312500;1994.112793;0.286360;0.000000;0.000000;0.000000;0.000000;2.000000;165.972076;610.068115;2080.932129;0.244077;0.000000;0.000000;0.000000;0.000000;2.000000;180.304657;739.932068;1949.678833;0.278121;0.000000;0.000000;0.000000;0.000000;2.000000;-81.281975;-150.066986;1999.984985;0.065974;0.000000;0.000000;0.000000;0.000000;2.000000;-104.126076;228.847321;1889.589844;0.462779;0.000000;0.000000;0.000000;0.000000;2.000000;-65.231972;558.057678;2079.809082;0.381035;0.000000;0.000000;0.000000;0.000000;2.000000;-105.720375;715.372559;2028.375732;0.523626;0.000000;0.000000;0.000000;0.000000;2.000000;27.507118;-759.838257;2028.967529;0.231041;0.000000;0.000000;0.000000;0.000000;2.000000;16.052963;-798.123718;1875.225708;0.387652;0.000000;0.000000;0.000000;0.000000;2.000000;46.679794;-831.253784;1907.256958;0.378647;0.000000;0.000000;0.000000;0.000000;2.000000;112.449982;-816.925049;2012.966187;0.267238;0.000000;0.000000;0.000000;0.000000;2.000000;-5.001587;-831.361145;1907.903564;0.401386;0.000000;0.000000;0.000000;0.000000;2.000000;-50.275444;-829.478760;2029.240723;0.358151;0.000000;0.000000;0.000000;0.000000;2.000000;19385899008.000000
0.000000;-150.000000;2000.000000;0.000000;0.000000;0.000000;0.000000;0.000000;2.000000;-2.529404;-327.078003;2006.424927;0.092641;0.000000;0.000000;0.000000;0.000000;2.000000;-4.484245;-468.594543;2012.782471;0.255987;0.000000;0.000000;0.000000;0.000000;2.000000;20.136913;-681.962219;2032.131470;0.162289;0.000000;0.000000;0.000000;0.000000;2.000000;47.095795;-644.553711;2016.502563;0.165042;0.000000;0.000000;0.000000;0.000000;2.000000;168.387375;-596.986084;1960.034546;0.247576;0.000000;0.000000;0.000000;0.000000;2.000000;162.016754;-334.373901;1880.402222;0.173178;0.000000;0.000000;0.000000;0.000000;2.000000;-24.630981;-356.923462;1747.242310;0.337489;0.000000;0.000000;0.000000;0.000000;2.000000;-112.975700;-390.814026;1733.265259;0.545237;0.000000;0.000000;0.000000;0.000000;2.000000;-150.982025;-411.176086;1831.555786;1.626571;0.000000;0.000000;0.000000;0.000000;2.000000;-146.674225;-423.838623;1774.936890;0.461636;0.000000;0.000000;0.000000;0.000000;2.000000;-14.044739;-648.586609;2043.223877;0.185881;0.000000;0.000000;0.000000;0.000000;2.000000;-136.288544;-631.837219;2086.123291;0.151493;0.000000;0.000000;0.000000;0.000000;2.000000;-268.155457;-392.551147;2145.941895;1.720321;0.000000;0.000000;0.000000;0.000000;2.000000;-275.521301;-333.287415;1920.412964;2.059905;0.000000;0.000000;0.000000;0.000000;2.000000;-261.432556;-428.695740;1884.286621;1.716133;0.000000;0.000000;0.000000;0.000000;2.000000;-256.044586;-324.467896;1899.705933;2.174289;0.000000;0.000000;0.000000;0.000000;1.000000;-192.496490;-403.119385;1831.542847;1.579945;0.000000;0.000000;0.000000;0.000000;2.000000;90.426117;-151.470337;1995.075073;0.148937;0.000000;0.000000;0.000000;0.000000;2.000000;127.140068;244.214615;1980.339355;0.446702;0.000000;0.000000;0.000000;0.000000;2.000000;165.283478;609.528198;2077.909668;0.090377;0.000000;0.000000;0.000000;0.000000;2.000000;181.960876;737.218872;1943.577515;0.197602;0.000000;0.000000;0.000000;0.000000;2.000000;-81.541222;-148.674133;2004.441040;0.134302;0.000000;0.000000;0.000000;0.000000;2.000000;-92.454109;228.125992;1879.165039;0.449973;0.000000;0.000000;0.000000;0.000000;2.000000;-61.281380;557.410400;2074.315430;0.195241;0.000000;0.000000;0.000000;0.000000;2.000000;-99.852089;716.650574;2024.642578;0.203112;0.000000;0.000000;0.000000;0.000000;2.000000;24.079552;-762.854858;2027.167603;0.140968;0.000000;0.000000;0.000000;0.000000;2.000000;7.289230;-793.733093;1871.471069;0.301487;0.000000;0.000000;0.000000;0.000000;2.000000;37.218437;-829.799805;1901.380249;0.322622;0.000000;0.000000;0.000000;0.000000;2.000000;106.302185;-823.221558;2006.456543;0.314398;0.000000;0.000000;0.000000;0.000000;2.000000;-14.632713;-827.593994;1903.313843;0.324977;0.000000;0.000000;0.000000;0.000000;2.000000;-57.198631;-829.173279;2026.290649;0.216329;0.000000;0.000000;0.000000;0.000000;2.000000;19385933824.000000
0.000000;-150.000000;2000.000000;0.000000;0.000000;0.000000;0.000000;0.000000;2.000000;0.741302;-325.554077;2010.132935;0.157895;0.000000;0.000000;0.000000;0.000000;2.000000;1.201775;-465.982239;2016.686401;0.225077;0.000000;0.000000;0.000000;0.000000;2.000000;27.835335;-677.355225;2036.808472;0.308763;0.000000;0.000000;0.000000;0.000000;2.000000;53.525311;-640.263672;2019.536743;0.253405;0.000000;0.000000;0.000000;0.000000;2.000000;169.471527;-588.908203;1958.114380;0.255537;0.000000;0.000000;0.000000;0.000000;2.000000;164.709839;-328.535461;1878.274902;0.206678;0.000000;0.000000;0.000000;0.000000;2.000000;-10.232925;-343.545471;1731.875732;0.761355;0.000000;0.000000;0.000000;0.000000;2.000000;-102.370392;-364.482361;1722.893066;0.922324;0.000000;0.000000;0.000000;0.000000;2.000000;-176.771454;-331.328064;1791.512573;2.837357;0.000000;0.000000;0.000000;0.000000;2.000000;-137.009598;-378.205811;1720.136230;2.196178;0.000000;0.000000;0.000000;0.000000;2.000000;-5.656288;-644.299316;2049.221191;0.340807;0.000000;0.000000;0.000000;0.000000;2.000000;-123.935318;-623.713745;2098.097900;0.580624;0.000000;0.000000;0.000000;0.000000;2.000000;-258.469818;-386.635132;2150.241455;0.370380;0.000000;0.000000;0.000000;0.000000;2.000000;-313.822937;-327.255737;1933.435669;1.248235;0.000000;0.000000;0.000000;0.000000;1.000000;-271.519165;-407.658020;1886.643799;0.715624;0.000000;0.000000;0.000000;0.000000;1.000000;-286.096375;-304.229492;1879.608521;1.264404;0.000000;0.000000;0.000000;0.000000;1.000000;-202.669281;-370.767029;1856.873901;1.291807;0.000000;0.000000;0.000000;0.000000;1.000000;89.548836;-150.063126;1992.355347;0.097211;0.000000;0.000000;0.000000;0.000000;2.000000;122.218941;242.190750;1964.515625;0.509474;0.000000;0.000000;0.000000;0.000000;2.000000;177.767487;601.701843;2063.909180;0.620278;0.000000;0.000000;0.000000;0.000000;2.000000;196.039886;745.712158;1949.786743;0.536371;0.000000;0.000000;0.000000;0.000000;2.000000;-80.750107;-149.943069;2006.893555;0.087660;0.000000;0.000000;0.000000;0.000000;2.000000;-81.052582;232.729156;1912.382324;1.080931;0.000000;0.000000;0.000000;0.000000;2.000000;-45.262299;573.060730;2080.055176;0.705536;0.000000;0.000000;0.000000;0.000000;2.000000;-89.220749;727.910034;2025.721802;0.473726;0.000000;0.000000;0.000000;0.000000;2.000000;31.953987;-757.651672;2032.528931;0.331258;0.000000;0.000000;0.000000;0.000000;2.000000;19.287025;-772.724121;1875.372192;0.747863;0.000000;0.000000;0.000000;0.000000;2.000000;46.652290;-812.335144;1902.312866;0.606434;0.000000;0.000000;0.000000;0.000000;2.000000;111.917610;-818.519470;2008.688477;0.233662;0.000000;0.000000;0.000000;0.000000;2.000000;-4.719421;-808.293091;1902.924072;0.662274;0.000000;0.000000;0.000000;0.000000;2.000000;-50.992874;-819.813416;2022.940063;0.357648;0.000000;0.000000;0.000000;0.000000;2.000000;19385966592.000000
0.000000;-150.000000;2000.000000;0.000000;0.000000;0.000000;0.000000;0.000000;2.000000;3.095703;-323.819397;2002.454834;0.250738;0.000000;0.000000;0.000000;0.000000;2.000000;6.760223;-462.556519;2010.103882;0.282945;0.000000;0.000000;0.000000;0.000000;2.000000;35.267860;-671.565918;2026.474243;0.426761;0.000000;0.000000;0.000000;0.000000;2.000000;59.875435;-634.471741;2009.147827;0.411478;0.000000;0.000000;0.000000;0.000000;2.000000;174.376221;-584.405212;1947.575317;0.380437;0.000000;0.000000;0.000000;0.000000;2.000000;157.587204;-329.668213;1861.819824;0.548285;0.000000;0.000000;0.000000;0.000000;2.000000;-15.327553;-346.445801;1717.218018;0.481768;0.000000;0.000000;0.000000;0.000000;2.000000;-104.024239;-377.015503;1719.379028;0.400424;0.000000;0.000000;0.000000;0.000000;2.000000;-188.768829;-341.880615;1771.078125;0.791612;0.000000;0.000000;0.000000;0.000000;2.000000;-138.800018;-376.133911;1711.098755;0.288184;0.000000;0.000000;0.000000;0.000000;2.000000;2.277122;-639.312012;2040.135254;0.398329;0.000000;0.000000;0.000000;0.000000;2.000000;-115.991768;-627.201050;2088.004883;0.406159;0.000000;0.000000;0.000000;0.000000;2.000000;-232.434265;-381.302307;2123.669434;1.146893;0.000000;0.000000;0.000000;0.000000;2.000000;-308.223358;-312.464783;1918.950684;0.654488;0.000000;0.000000;0.000000;0.000000;1.000000;-279.056641;-393.675903;1866.382446;0.785693;0.000000;0.000000;0.000000;0.000000;1.000000;-288.633484;-290.747314;1871.639038;0.484181;0.000000;0.000000;0.000000;0.000000;1.000000;-195.887512;-366.480896;1852.868408;0.273651;0.000000;0.000000;0.000000;0.000000;1.000000;86.958450;-148.708939;1981.756958;0.335513;0.000000;0.000000;0.000000;0.000000;2.000000;117.681358;238.348053;1943.603394;0.663487;0.000000;0.000000;0.000000;0.000000;2.000000;184.536682;590.288147;2047.002563;0.655899;0.000000;0.000000;0.000000;0.000000;2.000000;196.199646;745.534851;1951.638062;0.056965;0.000000;0.000000;0.000000;0.000000;2.000000;-78.414268;-151.164185;2016.450562;0.302545;0.000000;0.000000;0.000000;0.000000;2.000000;-97.913780;234.648575;1964.938110;1.685414;0.000000;0.000000;0.000000;0.000000;2.000000;-37.659386;585.714050;2087.761230;0.508183;0.000000;0.000000;0.000000;0.000000;2.000000;-82.898567;732.221924;2019.173950;0.307360;0.000000;0.000000;0.000000;0.000000;2.000000;39.824028;-750.859924;2021.082642;0.471872;0.000000;0.000000;0.000000;0.000000;2.000000;27.757195;-767.875244;1865.879395;0.415497;0.000000;0.000000;0.000000;0.000000;2.000000;51.819370;-808.272949;1893.528198;0.334819;0.000000;0.000000;0.000000;0.000000;2.000000;114.795708;-816.743835;1999.478882;0.299404;0.000000;0.000000;0.000000;0.000000;2.000000;1.416534;-800.806763;1893.518433;0.411887;0.000000;0.000000;0.000000;0.000000;2.000000;-46.111076;-806.749207;2011.880127;0.543202;0.000000;0.000000;0.000000;0.000000;2.000000;19385999360.000000
0.000000;-150.000000;2000.000000;0.000000;0.000000;0.000000;0.000000;0.000000;2.000000;0.878693;-323.601135;2003.220703;0.067661;0.000000;0.000000;0.000000;0.000000;2.000000;2.259323;-462.315155;2008.231079;0.140193;0.000000;0.000000;0.000000;0.000000;2.000000;31.058838;-671.123291;2022.942017;0.158334;0.000000;0.000000;0.000000;0.000000;2.000000;55.181110;-634.014709;2005.145508;0.177671;0.000000;0.000000;0.000000;0.000000;2.000000;169.363708;-586.645569;1941.308228;0.239313;0.000000;0.000000;0.000000;0.000000;2.000000;159.156296;-332.409393;1854.165405;0.237835;0.000000;0.000000;0.000000;0.000000;2.000000;-13.134331;-347.974731;1709.152954;0.244044;0.000000;0.000000;0.000000;0.000000;2.000000;-102.367218;-376.606201;1708.370483;0.319970;0.000000;0.000000;0.000000;0.000000;2.000000;-184.456467;-333.275909;1757.800049;0.471034;0.000000;0.000000;0.000000;0.000000;2.000000;-143.969635;-353.488342;1715.004883;0.676536;0.000000;0.000000;0.000000;0.000000;2.000000;-1.498276;-638.958374;2037.592285;0.131137;0.000000;0.000000;0.000000;0.000000;2.000000;-119.577957;-626.758667;2085.450684;0.127096;0.000000;0.000000;0.000000;0.000000;2.000000;-230.410538;-379.716187;2127.677246;0.136768;0.000000;0.000000;0.000000;0.000000;2.000000;-309.805603;-302.275269;1927.796143;0.390215;0.000000;0.000000;0.000000;0.000000;1.000000;-287.289673;-383.654572;1872.545166;0.412433;0.000000;0.000000;0.000000;0.000000;1.000000;-286.791931;-280.476349;1866.287231;0.336832;0.000000;0.000000;0.000000;0.000000;1.000000;-200.516342;-357.270386;1856.327026;0.312298;0.000000;0.000000;0.000000;0.000000;1.000000;85.490494;-150.008911;1976.195679;0.169371;0.000000;0.000000;0.000000;0.000000;2.000000;108.610390;235.049667;1921.389526;0.695663;0.000000;0.000000;0.000000;0.000000;2.000000;190.345993;580.372375;2034.194946;0.494248;0.000000;0.000000;0.000000;0.000000;2.000000;201.431610;740.223877;1947.200439;0.249195;0.000000;0.000000;0.000000;0.000000;2.000000;-77.090546;-149.991959;2021.465332;0.152727;0.000000;0.000000;0.000000;0.000000;2.000000;-114.613983;235.641006;1984.574341;0.740940;0.000000;0.000000;0.000000;0.000000;2.000000;-32.226715;588.828308;2084.859375;0.198233;0.000000;0.000000;0.000000;0.000000;2.000000;-77.216171;734.868774;2015.659912;0.206410;0.000000;0.000000;0.000000;0.000000;2.000000;35.427689;-750.290161;2017.107056;0.171032;0.000000;0.000000;0.000000;0.000000;2.000000;26.808708;-764.451965;1861.597778;0.159792;0.000000;0.000000;0.000000;0.000000;2.000000;52.622021;-804.003052;1888.743774;0.185626;0.000000;0.000000;0.000000;0.000000;2.000000;114.203705;-811.313843;1995.406982;0.195683;0.000000;0.000000;0.000000;0.000000;2.000000;1.953804;-799.363953;1888.033813;0.163621;0.000000;0.000000;0.000000;0.000000;2.000000;-46.972260;-810.579224;2005.255005;0.221187;0.000000;0.000000;0.000000;0.000000;2.000000;19386034176.000000
0.000000;-150.000000;2000.000000;0.000000;0.000000;0.000000;0.000000;0.000000;2.000000;2.821815;-322.413971;2002.056763;0.078043;0.000000;0.000000;0.000000;0.000000;2.000000;5.879616;-460.191681;2005.888794;0.146681;0.000000;0.000000;0.000000;0.000000;2.000000;33.564812;-667.966187;2016.047607;0.243721;0.000000;0.000000;0.000000;0.000000;2.000000;57.144772;-630.967407;1998.164673;0.240051;0.000000;0.000000;0.000000;0.000000;2.000000;167.395477;-583.092773;1929.999878;0.366688;0.000000;0.000000;0.000000;0.000000;2.000000;166.689209;-328.807434;1848.210205;0.312985;0.000000;0.000000;0.000000;0.000000;2.000000;-6.579926;-343.212616;1706.672974;0.258569;0.000000;0.000000;0.000000;0.000000;2.000000;-99.263145;-351.067444;1703.261230;0.800450;0.000000;0.000000;0.000000;0.000000;2.000000;-188.075714;-315.322235;1745.019409;0.681560;0.000000;0.000000;0.000000;0.000000;2.000000;-127.185677;-336.625977;1685.484375;1.157055;0.000000;0.000000;0.000000;0.000000;2.000000;1.971092;-636.070190;2032.242676;0.213615;0.000000;0.000000;0.000000;0.000000;2.000000;-114.488380;-620.907593;2080.891602;0.274529;0.000000;0.000000;0.000000;0.000000;2.000000;-230.813721;-379.208984;2127.006348;0.028464;0.000000;0.000000;0.000000;0.000000;2.000000;-312.458801;-300.737885;1930.234009;0.119550;0.000000;0.000000;0.000000;0.000000;1.000000;-283.111938;-377.363281;1872.691284;0.230514;0.000000;0.000000;0.000000;0.000000;1.000000;-286.653778;-275.754364;1858.442383;0.279462;0.000000;0.000000;0.000000;0.000000;1.000000;-201.041534;-346.099701;1858.070923;0.345403;0.000000;0.000000;0.000000;0.000000;1.000000;82.739571;-149.007950;1969.645020;0.218964;0.000000;0.000000;0.000000;0.000000;2.000000;114.037979;231.641495;1907.422485;0.468971;0.000000;0.000000;0.000000;0.000000;2.000000;198.375351;574.241211;2018.246094;0.576150;0.000000;0.000000;0.000000;0.000000;2.000000;198.429779;738.904541;1942.896362;0.165124;0.000000;0.000000;0.000000;0.000000;2.000000;-74.609917;-150.894592;2027.372437;0.197452;0.000000;0.000000;0.000000;0.000000;2.000000;-104.136620;233.659348;2001.497070;0.610413;0.000000;0.000000;0.000000;0.000000;2.000000;-28.455605;588.833496;2089.732910;0.188055;0.000000;0.000000;0.000000;0.000000;2.000000;-71.355202;734.045410;2020.227051;0.228143;0.000000;0.000000;0.000000;0.000000;2.000000;37.166893;-746.509888;2008.799316;0.283557;0.000000;0.000000;0.000000;0.000000;2.000000;25.429192;-760.000244;1854.507813;0.258930;0.000000;0.000000;0.000000;0.000000;2.000000;52.657345;-798.757690;1880.655151;0.294207;0.000000;0.000000;0.000000;0.000000;2.000000;116.391991;-805.009277;1985.128540;0.373990;0.000000;0.000000;0.000000;0.000000;2.000000;2.231659;-795.420532;1881.121826;0.243000;0.000000;0.000000;0.000000;0.000000;2.000000;-43.386742;-808.377197;1998.554688;0.241454;0.000000;0.000000;0.000000;0.000000;2.000000;19386066944.000000
0.000000;-150.000000;2000.000000;0.000000;0.000000;0.000000;0.000000;0.000000;2.000000;3.420746;-321.140991;2002.426025;0.044388;0.000000;0.000000;0.000000;0.000000;2.000000;7.607346;-457.821655;2008.040649;0.111013;0.000000;0.000000;0.000000;0.000000;2.000000;30.850403;-664.796875;2012.648438;0.164248;0.000000;0.000000;0.000000;0.000000;2.000000;54.931488;-628.110413;1995.727417;0.133027;0.000000;0.000000;0.000000;0.000000;2.000000;166.553833;-581.784424;1930.837769;0.053924;0.000000;0.000000;0.000000;0.000000;2.000000;154.528992;-336.408936;1831.033203;0.682873;0.000000;0.000000;0.000000;0.000000;2.000000;-26.051170;-325.713379;1701.384399;0.815066;0.000000;0.000000;0.000000;0.000000;2.000000;-117.440361;-338.794067;1705.204468;0.671957;0.000000;0.000000;0.000000;0.000000;2.000000;-183.968750;-265.042358;1734.959229;1.569844;0.000000;0.000000;0.000000;0.000000;2.000000;-146.487000;-331.322876;1682.808716;0.616291;0.000000;0.000000;0.000000;0.000000;2.000000;0.227638;-632.920776;2029.703369;0.134439;0.000000;0.000000;0.000000;0.000000;2.000000;-115.321144;-616.095764;2077.558594;0.180431;0.000000;0.000000;0.000000;0.000000;2.000000;-217.566895;-369.068604;2116.594238;0.600132;0.000000;0.000000;0.000000;0.000000;2.000000;-296.595062;-276.093018;1927.109497;0.899513;0.000000;0.000000;0.000000;0.000000;1.000000;-293.385620;-357.846375;1870.505249;0.676387;0.000000;0.000000;0.000000;0.000000;1.000000;-273.669067;-258.975708;1855.581665;0.653325;0.000000;0.000000;0.000000;0.000000;1.000000;-194.838135;-342.174011;1855.830933;0.234233;0.000000;0.000000;0.000000;0.000000;1.000000;81.353096;-148.830124;1967.817505;0.070215;0.000000;0.000000;0.000000;0.000000;2.000000;108.434593;226.349396;1889.861450;0.585265;0.000000;0.000000;0.000000;0.000000;2.000000;200.450317;564.088074;2000.533691;0.626258;0.000000;0.000000;0.000000;0.000000;2.000000;202.640289;734.531250;1943.440186;0.186007;0.000000;0.000000;0.000000;0.000000;2.000000;-73.359657;-151.054932;2029.020508;0.063319;0.000000;0.000000;0.000000;0.000000;2.000000;-97.968086;231.297089;2007.712036;0.276781;0.000000;0.000000;0.000000;0.000000;2.000000;-25.191063;588.191711;2078.160156;0.367477;0.000000;0.000000;0.000000;0.000000;2.000000;-63.796730;738.308594;2020.459961;0.264923;0.000000;0.000000;0.000000;0.000000;2.000000;32.772621;-742.612366;2003.422363;0.243016;0.000000;0.000000;0.000000;0.000000;2.000000;18.187309;-763.345154;1851.328247;0.262066;0.000000;0.000000;0.000000;0.000000;2.000000;45.837852;-800.473511;1878.560425;0.223920;0.000000;0.000000;0.000000;0.000000;2.000000;111.131523;-801.568359;1981.192505;0.226334;0.000000;0.000000;0.000000;0.000000;2.000000;-4.212013;-797.253723;1879.844482;0.208131;0.000000;0.000000;0.000000;0.000000;2.000000;-47.182167;-804.622803;1997.766846;0.164686;0.000000;0.000000;0.000000;0.000000;2.000000;19386099712.000000
0.000000;-150.000000;2000.000000;0.000000;0.000000;0.000000;0.000000;0.000000;2.000000;4.898453;-320.324036;2002.070190;0.052661;0.000000;0.000000;0.000000;0.000000;2.000000;11.036606;-456.257904;2008.666016;0.116592;0.000000;0.000000;0.000000;0.000000;2.000000;33.298225;-662.412476;2011.433350;0.110681;0.000000;0.000000;0.000000;0.000000;2.000000;57.126045;-625.888184;1994.401733;0.103543;0.000000;0.000000;0.000000;0.000000;2.000000;166.320709;-583.587646;1924.178711;0.210658;0.000000;0.000000;0.000000;0.000000;2.000000;150.770844;-338.760986;1826.766357;0.187781;0.000000;0.000000;0.000000;0.000000;2.000000;-33.258224;-329.062286;1703.809937;0.253572;0.000000;0.000000;0.000000;0.000000;2.000000;-124.747543;-335.369263;1710.843018;0.300435;0.000000;0.000000;0.000000;0.000000;2.000000;-176.349930;-248.067322;1730.022095;0.587472;0.000000;0.000000;0.000000;0.000000;2.000000;-145.548813;-321.254974;1672.238525;0.446404;0.000000;0.000000;0.000000;0.000000;2.000000;3.278519;-630.662598;2029.179443;0.116933;0.000000;0.000000;0.000000;0.000000;2.000000;-111.049362;-613.342407;2078.251953;0.156534;0.000000;0.000000;0.000000;0.000000;2.000000;-204.806259;-362.839081;2106.357178;0.534222;0.000000;0.000000;0.000000;0.000000;2.000000;-286.092896;-267.562286;1920.227539;0.463255;0.000000;0.000000;0.000000;0.000000;1.000000;-290.434631;-349.560181;1864.866333;0.318856;0.000000;0.000000;0.000000;0.000000;1.000000;-265.924927;-252.056870;1851.295776;0.342845;0.000000;0.000000;0.000000;0.000000;1.000000;-186.687943;-340.490234;1854.966431;0.255343;0.000000;0.000000;0.000000;0.000000;1.000000;79.380325;-148.152008;1964.213257;0.127088;0.000000;0.000000;0.000000;0.000000;2.000000;107.160316;224.396469;1882.633057;0.231788;0.000000;0.000000;0.000000;0.000000;2.000000;199.334778;564.738892;1978.653198;0.668902;0.000000;0.000000;0.000000;0.000000;2.000000;192.292038;735.383911;1925.266113;0.638766;0.000000;0.000000;0.000000;0.000000;2.000000;-71.580719;-151.666412;2032.270386;0.114594;0.000000;0.000000;0.000000;0.000000;2.000000;-116.028107;227.415085;2017.220947;0.634042;0.000000;0.000000;0.000000;0.000000;2.000000;-29.470047;577.136353;2098.314697;0.713574;0.000000;0.000000;0.000000;0.000000;2.000000;-54.599457;726.378174;2033.509033;0.608214;0.000000;0.000000;0.000000;0.000000;2.000000;34.684639;-739.814087;2001.691772;0.116132;0.000000;0.000000;0.000000;0.000000;2.000000;22.632942;-765.902222;1850.921265;0.157004;0.000000;0.000000;0.000000;0.000000;2.000000;49.489838;-801.976807;1879.828003;0.126579;0.000000;0.000000;0.000000;0.000000;2.000000;112.728973;-799.644287;1983.064331;0.095328;0.000000;0.000000;0.000000;0.000000;2.000000;-0.326813;-798.487183;1880.130859;0.124705;0.000000;0.000000;0.000000;0.000000;2.000000;-45.130676;-801.320557;1996.948242;0.121242;0.000000;0.000000;0.000000;0.000000;2.000000;19386132480.000000
0.000000;-150.000000;2000.000000;0.000000;0.000000;0.000000;0.000000;0.000000;2.000000;4.705673;-320.392944;2002.185181;0.006744;0.000000;0.000000;0.000000;0.000000;2.000000;10.337471;-456.433563;2008.065186;0.026954;0.000000;0.000000;0.000000;0.000000;2.000000;30.976044;-662.854736;2008.262329;0.113603;0.000000;0.000000;0.000000;0.000000;2.000000;54.910423;-626.316162;1991.362183;0.108733;0.000000;0.000000;0.000000;0.000000;2.000000;162.988052;-583.497681;1919.640137;0.161749;0.000000;0.000000;0.000000;0.000000;2.000000;146.397568;-337.054474;1826.287842;0.135534;0.000000;0.000000;0.000000;0.000000;2.000000;-40.183426;-325.904541;1707.209595;0.239428;0.000000;0.000000;0.000000;0.000000;2.000000;-131.798645;-328.350372;1715.373169;0.313989;0.000000;0.000000;0.000000;0.000000;2.000000;-176.701141;-237.093552;1733.159180;0.327975;0.000000;0.000000;0.000000;0.000000;2.000000;-153.803406;-322.069855;1679.723877;0.320912;0.000000;0.000000;0.000000;0.000000;2.000000;1.406235;-631.058716;2026.714844;0.089624;0.000000;0.000000;0.000000;0.000000;2.000000;-112.182617;-612.263794;2077.066406;0.056381;0.000000;0.000000;0.000000;0.000000;2.000000;-202.014252;-360.362030;2106.443848;0.107234;0.000000;0.000000;0.000000;0.000000;2.000000;-283.919067;-262.964355;1921.584351;0.151189;0.000000;0.000000;0.000000;0.000000;1.000000;-291.088348;-344.815948;1866.233276;0.143047;0.000000;0.000000;0.000000;0.000000;1.000000;-264.457306;-247.875793;1852.340454;0.130763;0.000000;0.000000;0.000000;0.000000;1.000000;-186.727448;-338.628510;1856.451660;0.068414;0.000000;0.000000;0.000000;0.000000;1.000000;79.337448;-148.270233;1964.032104;0.006334;0.000000;0.000000;0.000000;0.000000;2.000000;104.199028;223.848541;1878.942139;0.136823;0.000000;0.000000;0.000000;0.000000;2.000000;196.351944;566.919067;1965.319824;0.397398;0.000000;0.000000;0.000000;0.000000;2.000000;184.407761;735.025269;1904.974731;0.625352;0.000000;0.000000;0.000000;0.000000;2.000000;-71.542068;-151.559799;2032.433838;0.005714;0.000000;0.000000;0.000000;0.000000;2.000000;-113.327515;227.857224;2014.751343;0.105875;0.000000;0.000000;0.000000;0.000000;2.000000;-31.369568;577.505493;2101.390137;0.104365;0.000000;0.000000;0.000000;0.000000;2.000000;-51.445496;726.623291;2034.413330;0.094502;0.000000;0.000000;0.000000;0.000000;2.000000;31.628021;-740.179199;1997.633179;0.146311;0.000000;0.000000;0.000000;0.000000;2.000000;15.622292;-761.655029;1846.444092;0.268263;0.000000;0.000000;0.000000;0.000000;2.000000;40.902359;-799.917236;1873.964355;0.304470;0.000000;0.000000;0.000000;0.000000;2.000000;105.905350;-803.777222;1976.107544;0.304024;0.000000;0.000000;0.000000;0.000000;2.000000;-8.647476;-793.670410;1875.253540;0.309647;0.000000;0.000000;0.000000;0.000000;2.000000;-51.607513;-797.032227;1992.798462;0.252953;0.000000;0.000000;0.000000;0.000000;2.000000;19386167296.000000
0.000000;-150.000000;2000.000000;0.000000;0.000000;0.000000;0.000000;0.000000;2.000000;6.492996;-318.359924;1997.875732;0.155307;0.000000;0.000000;0.000000;0.000000;2.000000;15.237953;-452.631042;2004.246094;0.222296;0.000000;0.000000;0.000000;0.000000;2.000000;32.317719;-656.964661;2003.180176;0.240918;0.000000;0.000000;0.000000;0.000000;2.000000;56.339539;-621.152527;1986.342896;0.224047;0.000000;0.000000;0.000000;0.000000;2.000000;163.070267;-582.449585;1913.271606;0.196982;0.000000;0.000000;0.000000;0.000000;2.000000;144.362900;-335.538086;1830.785889;0.157607;0.000000;0.000000;0.000000;0.000000;2.000000;-41.964554;-307.779480;1718.994385;0.662008;0.000000;0.000000;0.000000;0.000000;2.000000;-132.372879;-313.994263;1726.663086;0.557637;0.000000;0.000000;0.000000;0.000000;2.000000;-168.979874;-220.284821;1743.794067;0.651143;0.000000;0.000000;0.000000;0.000000;2.000000;-149.761124;-299.682800;1683.362671;0.703072;0.000000;0.000000;0.000000;0.000000;2.000000;3.845337;-625.160522;2021.953491;0.243010;0.000000;0.000000;0.000000;0.000000;2.000000;-108.540985;-604.281311;2070.542236;0.333671;0.000000;0.000000;0.000000;0.000000;2.000000;-189.177567;-355.016541;2116.212891;0.518609;0.000000;0.000000;0.000000;0.000000;2.000000;-259.192993;-261.462646;1927.655518;0.778344;0.000000;0.000000;0.000000;0.000000;2.000000;-221.901291;-303.081055;1847.243164;2.533010;0.000000;0.000000;0.000000;0.000000;2.000000;-234.861008;-207.173996;1873.632935;1.667597;0.000000;0.000000;0.000000;0.000000;1.000000;-185.742233;-321.484680;1862.980591;0.560651;0.000000;0.000000;0.000000;0.000000;1.000000;78.695602;-146.525864;1965.196289;0.066931;0.000000;0.000000;0.000000;0.000000;2.000000;107.552689;221.660492;1884.150024;0.200481;0.000000;0.000000;0.000000;0.000000;2.000000;189.586212;567.939819;1946.881836;0.600178;0.000000;0.000000;0.000000;0.000000;2.000000;177.514114;732.831116;1883.862549;0.681069;0.000000;0.000000;0.000000;0.000000;2.000000;-70.963303;-153.132767;2031.384155;0.060353;0.000000;0.000000;0.000000;0.000000;2.000000;-68.327209;224.424652;2041.298340;1.597896;0.000000;0.000000;0.000000;0.000000;2.000000;-16.804077;580.781616;2102.050293;0.456054;0.000000;0.000000;0.000000;0.000000;2.000000;-51.188248;721.086853;2026.998291;0.282516;0.000000;0.000000;0.000000;0.000000;2.000000;31.582191;-733.340027;1992.294678;0.264776;0.000000;0.000000;0.000000;0.000000;2.000000;16.913422;-769.549316;1845.643677;0.245334;0.000000;0.000000;0.000000;0.000000;2.000000;39.857811;-805.294739;1877.114624;0.192848;0.000000;0.000000;0.000000;0.000000;2.000000;102.485992;-801.106506;1979.074951;0.160414;0.000000;0.000000;0.000000;0.000000;2.000000;-8.816895;-796.981323;1876.839233;0.112151;0.000000;0.000000;0.000000;0.000000;2.000000;-52.979248;-786.241821;1991.935791;0.332990;0.000000;0.000000;0.000000;0.000000;2.000000;19386200064.000000
0.000000;-150.000000;2000.000000;0.000000;0.000000;0.000000;0.000000;0.000000;2.000000;1.598068;-318.825439;1997.543213;0.150398;0.000000;0.000000;0.000000;0.000000;2.000000;4.852707;-453.761658;1999.390991;0.351554;0.000000;0.000000;0.000000;0.000000;2.000000;21.382103;-658.538086;1995.579468;0.409248;0.000000;0.000000;0.000000;0.000000;2.000000;45.083572;-622.521912;1978.459473;0.421452;0.000000;0.000000;0.000000;0.000000;2.000000;149.856201;-580.822266;1903.700195;0.500406;0.000000;0.000000;0.000000;0.000000;2.000000;113.684860;-337.894470;1813.799683;1.072564;0.000000;0.000000;0.000000;0.000000;2.000000;-75.429535;-293.982117;1711.358643;1.128976;0.000000;0.000000;0.000000;0.000000;2.000000;-159.793030;-261.447083;1722.760254;1.812729;0.000000;0.000000;0.000000;0.000000;2.000000;-185.235596;-167.052689;1752.776611;1.720551;0.000000;0.000000;0.000000;0.000000;2.000000;-188.925079;-256.250031;1707.007568;1.925101;0.000000;0.000000;0.000000;0.000000;2.000000;-6.542648;-626.812012;2015.514160;0.376373;0.000000;0.000000;0.000000;0.000000;2.000000;-118.322693;-607.222839;2066.637207;0.333723;0.000000;0.000000;0.000000;0.000000;2.000000;-202.164032;-359.676636;2118.682129;0.427749;0.000000;0.000000;0.000000;0.000000;2.000000;-277.870514;-240.107224;1947.258301;1.052380;0.000000;0.000000;0.000000;0.000000;1.000000;-255.024933;-302.534363;1875.078003;1.320481;0.000000;0.000000;0.000000;0.000000;1.000000;-246.858215;-202.659271;1867.144531;0.438451;0.000000;0.000000;0.000000;0.000000;1.000000;-203.001953;-307.037109;1871.338501;0.732730;0.000000;0.000000;0.000000;0.000000;1.000000;76.594597;-148.696701;1960.263306;0.176531;0.000000;0.000000;0.000000;0.000000;2.000000;96.775970;219.486908;1873.116577;0.475329;0.000000;0.000000;0.000000;0.000000;2.000000;171.271408;569.895508;1925.890625;0.852248;0.000000;0.000000;0.000000;0.000000;2.000000;149.840347;730.457703;1853.794312;1.249198;0.000000;0.000000;0.000000;0.000000;2.000000;-69.068710;-151.175247;2035.832275;0.159181;0.000000;0.000000;0.000000;0.000000;2.000000;-78.353882;227.146194;2029.596924;0.477543;0.000000;0.000000;0.000000;0.000000;2.000000;-20.946838;583.683228;2088.587402;0.438892;0.000000;0.000000;0.000000;0.000000;2.000000;-60.087082;723.960693;2015.089844;0.462076;0.000000;0.000000;0.000000;0.000000;2.000000;20.143280;-734.944275;1983.844238;0.436766;0.000000;0.000000;0.000000;0.000000;2.000000;2.450500;-764.054199;1835.625244;0.562502;0.000000;0.000000;0.000000;0.000000;2.000000;22.547554;-802.819580;1865.619385;0.638621;0.000000;0.000000;0.000000;0.000000;2.000000;85.545074;-807.708618;1967.615356;0.655883;0.000000;0.000000;0.000000;0.000000;2.000000;-25.410339;-790.629517;1865.878540;0.637098;0.000000;0.000000;0.000000;0.000000;2.000000;-68.549957;-780.988770;1981.736206;0.590240;0.000000;0.000000;0.000000;0.000000;2.000000;19386232832.000000
0.000000;-150.000000;2000.000000;0.000000;0.000000;0.000000;0.000000;0.000000;2.000000;0.367966;-320.667450;1997.117798;0.064782;0.000000;0.000000;0.000000;0.000000;2.000000;-0.135262;-457.074127;1993.331421;0.244682;0.000000;0.000000;0.000000;0.000000;2.000000;11.721863;-664.390869;1988.213257;0.387313;0.000000;0.000000;0.000000;0.000000;2.000000;36.137955;-628.456299;1970.556152;0.382886;0.000000;0.000000;0.000000;0.000000;2.000000;139.143448;-584.601929;1891.986572;0.468676;0.000000;0.000000;0.000000;0.000000;2.000000;102.483337;-336.527893;1808.202881;0.361795;0.000000;0.000000;0.000000;0.000000;2.000000;-89.048256;-281.557159;1710.543945;0.530015;0.000000;0.000000;0.000000;0.000000;2.000000;-169.121887;-238.349213;1725.006226;0.718396;0.000000;0.000000;0.000000;0.000000;2.000000;-189.343231;-140.031799;1749.759766;0.789790;0.000000;0.000000;0.000000;0.000000;2.000000;-200.834442;-233.806946;1715.023193;0.765212;0.000000;0.000000;0.000000;0.000000;2.000000;-15.325386;-631.779297;2009.106934;0.343306;0.000000;0.000000;0.000000;0.000000;2.000000;-126.944756;-601.085693;2058.410645;0.385010;0.000000;0.000000;0.000000;0.000000;2.000000;-205.334442;-352.399811;2126.121582;0.312467;0.000000;0.000000;0.000000;0.000000;2.000000;-267.113556;-210.179947;1963.472290;1.025293;0.000000;0.000000;0.000000;0.000000;2.000000;-248.528961;-190.025925;1868.137939;3.243029;0.000000;0.000000;0.000000;0.000000;2.000000;-169.714203;-157.432220;1923.384033;3.034204;0.000000;0.000000;0.000000;0.000000;1.000000;-226.252655;-298.701599;1889.017700;0.872439;0.000000;0.000000;0.000000;0.000000;1.000000;76.830353;-149.136566;1958.682983;0.047600;0.000000;0.000000;0.000000;0.000000;2.000000;91.038818;223.605652;1871.674438;0.207038;0.000000;0.000000;0.000000;0.000000;2.000000;154.439194;582.222534;1908.694580;0.776560;0.000000;0.000000;0.000000;0.000000;2.000000;125.160812;730.648804;1812.573853;1.379945;0.000000;0.000000;0.000000;0.000000;2.000000;-69.281319;-150.778595;2037.257324;0.042923;0.000000;0.000000;0.000000;0.000000;2.000000;-63.593620;231.694733;2028.577759;0.444589;0.000000;0.000000;0.000000;0.000000;2.000000;-9.031471;595.625610;2066.093506;0.807592;0.000000;0.000000;0.000000;0.000000;2.000000;-54.794609;724.664917;1974.170898;1.185254;0.000000;0.000000;0.000000;0.000000;2.000000;8.440010;-741.522461;1976.041260;0.446008;0.000000;0.000000;0.000000;0.000000;2.000000;-16.971489;-767.484497;1826.653564;0.622337;0.000000;0.000000;0.000000;0.000000;2.000000;3.181221;-807.937500;1855.380737;0.646145;0.000000;0.000000;0.000000;0.000000;2.000000;71.035690;-817.092529;1955.497803;0.606183;0.000000;0.000000;0.000000;0.000000;2.000000;-44.757240;-793.885010;1857.978882;0.607468;0.000000;0.000000;0.000000;0.000000;2.000000;-82.879280;-784.764771;1977.049194;0.446406;0.000000;0.000000;0.000000;0.000000;2.000000;19386267648.000000
0.000000;-150.000000;2000.000000;0.000000;0.000000;0.000000;0.000000;0.000000;2.000000;1.062637;-321.245789;1995.559570;0.054975;0.000000;0.000000;0.000000;0.000000;2.000000;0.431587;-458.062256;1989.516357;0.121506;0.000000;0.000000;0.000000;0.000000;2.000000;3.536507;-666.484192;1986.536865;0.262863;0.000000;0.000000;0.000000;0.000000;2.000000;29.115227;-631.670166;1967.861084;0.249631;0.000000;0.000000;0.000000;0.000000;2.000000;127.005508;-586.383423;1882.960938;0.464795;0.000000;0.000000;0.000000;0.000000;2.000000;96.496330;-334.904175;1803.992432;0.228798;0.000000;0.000000;0.000000;0.000000;2.000000;-96.588211;-273.331543;1711.657349;0.342221;0.000000;0.000000;0.000000;0.000000;2.000000;-170.832733;-219.952606;1725.351318;0.563941;0.000000;0.000000;0.000000;0.000000;2.000000;-187.852142;-119.785042;1746.371216;0.628126;0.000000;0.000000;0.000000;0.000000;2.000000;-202.623138;-212.789017;1716.689819;0.645741;0.000000;0.000000;0.000000;0.000000;2.000000;-21.741425;-632.424377;2007.718506;0.201299;0.000000;0.000000;0.000000;0.000000;2.000000;-128.297897;-583.980042;2055.098389;0.533321;0.000000;0.000000;0.000000;0.000000;2.000000;-198.962555;-331.439636;2120.884033;0.687399;0.000000;0.000000;0.000000;0.000000;2.000000;-252.506348;-117.456062;2073.912598;4.423275;0.000000;0.000000;0.000000;0.000000;2.000000;-267.511292;-19.569452;2063.702637;7.938166;0.000000;0.000000;0.000000;0.000000;2.000000;-255.165802;76.720406;2032.452393;8.303101;0.000000;0.000000;0.000000;0.000000;2.000000;-254.625793;-3.714862;2011.159424;9.781861;0.000000;0.000000;0.000000;0.000000;2.000000;75.292572;-148.374908;1955.345459;0.114528;0.000000;0.000000;0.000000;0.000000;2.000000;87.309418;226.925735;1873.051392;0.158066;0.000000;0.000000;0.000000;0.000000;2.000000;140.074722;590.335266;1883.634155;0.915619;0.000000;0.000000;0.000000;0.000000;2.000000;104.167793;734.822266;1782.675293;1.122138;0.000000;0.000000;0.000000;0.000000;2.000000;-67.894623;-151.465408;2040.266846;0.103273;0.000000;0.000000;0.000000;0.000000;2.000000;-64.231186;232.507568;2041.135864;0.384537;0.000000;0.000000;0.000000;0.000000;2.000000;-24.739670;600.131592;2074.453613;0.560181;0.000000;0.000000;0.000000;0.000000;2.000000;-69.693481;721.103882;1970.838013;0.478421;0.000000;0.000000;0.000000;0.000000;2.000000;-3.253098;-743.813660;1975.297363;0.364339;0.000000;0.000000;0.000000;0.000000;2.000000;-36.977127;-761.334412;1825.755859;0.639309;0.000000;0.000000;0.000000;0.000000;2.000000;-12.987839;-802.598267;1850.460693;0.540904;0.000000;0.000000;0.000000;0.000000;2.000000;61.759659;-814.701416;1945.770142;0.416640;0.000000;0.000000;0.000000;0.000000;2.000000;-61.466568;-791.271790;1856.932739;0.517113;0.000000;0.000000;0.000000;0.000000;2.000000;-92.414490;-791.992798;1978.872192;0.369361;0.000000;0.000000;0.000000;0.000000;2.000000;19386300416.000000
0.000000;-150.000000;2000.000000;0.000000;0.000000;0.000000;0.000000;0.000000;2.000000;3.852417;-321.061829;1992.696167;0.122131;0.000000;0.000000;0.000000;0.000000;2.000000;3.140877;-457.431946;1980.515625;0.287499;0.000000;0.000000;0.000000;0.000000;2.000000;4.307930;-665.815796;1977.375977;0.281298;0.000000;0.000000;0.000000;0.000000;2.000000;30.519661;-631.240723;1959.171509;0.268946;0.000000;0.000000;0.000000;0.000000;2.000000;124.472664;-582.927673;1871.592651;0.370755;0.000000;0.000000;0.000000;0.000000;2.000000;86.681107;-330.190735;1800.410156;0.349806;0.000000;0.000000;0.000000;0.000000;2.000000;-105.672943;-265.672791;1708.706665;0.373632;0.000000;0.000000;0.000000;0.000000;2.000000;-180.219040;-214.156097;1726.966919;0.340257;0.000000;0.000000;0.000000;0.000000;2.000000;-189.689224;-112.265480;1743.935059;0.247651;0.000000;0.000000;0.000000;0.000000;2.000000;-209.426132;-203.682205;1711.692505;0.378944;0.000000;0.000000;0.000000;0.000000;2.000000;-20.988708;-631.543579;1998.160645;0.293818;0.000000;0.000000;0.000000;0.000000;2.000000;-128.869415;-581.179749;2040.145630;0.464583;0.000000;0.000000;0.000000;0.000000;2.000000;-190.952194;-320.025696;2071.819580;1.556625;0.000000;0.000000;0.000000;0.000000;2.000000;-244.439133;-102.931038;2042.764648;1.077340;0.000000;0.000000;0.000000;0.000000;2.000000;-268.591125;-6.463097;2046.828857;0.652867;0.000000;0.000000;0.000000;0.000000;2.000000;-276.278076;95.137878;2050.481445;1.016734;0.000000;0.000000;0.000000;0.000000;2.000000;-251.299637;20.935959;2013.606812;0.762766;0.000000;0.000000;0.000000;0.000000;2.000000;75.159653;-146.398087;1955.282959;0.060494;0.000000;0.000000;0.000000;0.000000;2.000000;86.922577;229.777802;1877.553345;0.163066;0.000000;0.000000;0.000000;0.000000;2.000000;124.821747;594.891724;1865.459106;0.737331;0.000000;0.000000;0.000000;0.000000;2.000000;86.731277;733.239441;1757.060425;0.946861;0.000000;0.000000;0.000000;0.000000;2.000000;-67.774750;-153.248032;2040.323242;0.054551;0.000000;0.000000;0.000000;0.000000;2.000000;-68.852951;230.536926;2049.201172;0.289987;0.000000;0.000000;0.000000;0.000000;2.000000;-42.548843;598.735474;2087.692871;0.678557;0.000000;0.000000;0.000000;0.000000;2.000000;-71.149170;715.871216;1974.387939;0.198016;0.000000;0.000000;0.000000;0.000000;2.000000;-3.027344;-743.046631;1965.948120;0.286358;0.000000;0.000000;0.000000;0.000000;2.000000;-49.114532;-754.509033;1819.187012;0.469864;0.000000;0.000000;0.000000;0.000000;2.000000;-24.961411;-797.414246;1840.698608;0.497295;0.000000;0.000000;0.000000;0.000000;2.000000;56.492157;-815.387817;1929.309692;0.527843;0.000000;0.000000;0.000000;0.000000;2.000000;-72.263550;-784.448853;1851.349121;0.425394;0.000000;0.000000;0.000000;0.000000;2.000000;-93.495956;-787.843750;1975.271362;0.170872;0.000000;0.000000;0.000000;0.000000;2.000000;19386333184.000000
0.000000;-150.000000;2000.000000;0.000000;0.000000;0.000000;0.000000;0.000000;2.000000;4.180107;-320.502441;1992.150269;0.025864;0.000000;0.000000;0.000000;0.000000;2.000000;2.570900;-456.210205;1977.611694;0.097706;0.000000;0.000000;0.000000;0.000000;2.000000;-2.203079;-663.848083;1971.954712;0.265442;0.000000;0.000000;0.000000;0.000000;2.000000;24.843033;-629.918213;1954.134277;0.235098;0.000000;0.000000;0.000000;0.000000;2.000000;118.339211;-583.247742;1865.838989;0.256831;0.000000;0.000000;0.000000;0.000000;2.000000;82.386917;-331.143250;1794.497314;0.224898;0.000000;0.000000;0.000000;0.000000;2.000000;-109.840103;-264.575989;1705.698242;0.160381;0.000000;0.000000;0.000000;0.000000;2.000000;-183.657883;-212.297897;1723.304932;0.163458;0.000000;0.000000;0.000000;0.000000;2.000000;-189.474533;-110.312119;1739.376465;0.151493;0.000000;0.000000;0.000000;0.000000;2.000000;-211.049942;-200.059723;1704.596191;0.248145;0.000000;0.000000;0.000000;0.000000;2.000000;-26.370911;-629.232849;1993.177856;0.234679;0.000000;0.000000;0.000000;0.000000;2.000000;-132.391830;-571.197144;2028.263916;0.485637;0.000000;0.000000;0.000000;0.000000;2.000000;-181.768600;-306.526367;2017.238647;1.738605;0.000000;0.000000;0.000000;0.000000;2.000000;-223.139542;-86.915855;1993.101685;1.720003;0.000000;0.000000;0.000000;0.000000;2.000000;-241.874069;10.435190;1997.207031;1.795533;0.000000;0.000000;0.000000;0.000000;2.000000;-238.304489;111.938011;2001.179443;1.967124;0.000000;0.000000;0.000000;0.000000;2.000000;-204.873581;32.651520;1925.670654;3.055631;0.000000;0.000000;0.000000;0.000000;2.000000;74.902817;-146.110413;1955.402588;0.012322;0.000000;0.000000;0.000000;0.000000;2.000000;81.284653;228.816299;1876.848511;0.175860;0.000000;0.000000;0.000000;0.000000;2.000000;111.893120;593.090393;1856.116943;0.489871;0.000000;0.000000;0.000000;0.000000;2.000000;68.682892;723.405457;1740.819702;0.799428;0.000000;0.000000;0.000000;0.000000;2.000000;-67.543167;-153.507401;2040.215576;0.011108;0.000000;0.000000;0.000000;0.000000;2.000000;-78.310806;228.845154;2052.717041;0.312227;0.000000;0.000000;0.000000;0.000000;2.000000;-66.780975;596.941040;2088.356689;0.741808;0.000000;0.000000;0.000000;0.000000;2.000000;-99.960373;709.898621;1972.821777;0.899213;0.000000;0.000000;0.000000;0.000000;2.000000;-11.745636;-740.456604;1959.653687;0.337543;0.000000;0.000000;0.000000;0.000000;2.000000;-56.418320;-746.547729;1812.631958;0.385654;0.000000;0.000000;0.000000;0.000000;2.000000;-33.150986;-790.324158;1832.917725;0.407019;0.000000;0.000000;0.000000;0.000000;2.000000;46.928261;-812.213928;1921.387207;0.391182;0.000000;0.000000;0.000000;0.000000;2.000000;-80.223282;-777.070801;1843.505615;0.408655;0.000000;0.000000;0.000000;0.000000;2.000000;-102.638885;-784.094971;1966.672729;0.399749;0.000000;0.000000;0.000000;0.000000;2.000000;19386365952.000000
0.000000;-150.000000;2000.000000;0.000000;0.000000;0.000000;0.000000;0.000000;2.000000;4.640800;-319.856873;1988.904297;0.095975;0.000000;0.000000;0.000000;0.000000;2.000000;0.599228;-454.234436;1967.495239;0.301427;0.000000;0.000000;0.000000;0.000000;2.000000;-7.609192;-660.975342;1956.059692;0.489235;0.000000;0.000000;0.000000;0.000000;2.000000;19.990219;-627.112244;1939.320068;0.454944;0.000000;0.000000;0.000000;0.000000;2.000000;111.279503;-582.955078;1848.033936;0.550201;0.000000;0.000000;0.000000;0.000000;2.000000;68.416534;-331.115784;1782.393066;0.530926;0.000000;0.000000;0.000000;0.000000;2.000000;-122.413643;-265.370178;1691.461914;0.546027;0.000000;0.000000;0.000000;0.000000;2.000000;-193.395325;-210.091095;1710.249146;0.472081;0.000000;0.000000;0.000000;0.000000;2.000000;-192.212372;-107.229401;1717.647827;0.635235;0.000000;0.000000;0.000000;0.000000;2.000000;-220.022614;-197.322906;1688.376587;0.538172;0.000000;0.000000;0.000000;0.000000;2.000000;-31.205544;-626.654053;1978.108887;0.460543;0.000000;0.000000;0.000000;0.000000;2.000000;-137.589142;-571.547546;2015.547241;0.394710;0.000000;0.000000;0.000000;0.000000;2.000000;-185.879700;-309.481323;1980.683105;1.059986;0.000000;0.000000;0.000000;0.000000;2.000000;-229.975067;-110.865852;1886.538452;3.143243;0.000000;0.000000;0.000000;0.000000;1.000000;-250.966644;-25.782646;1932.507935;2.145621;0.000000;0.000000;0.000000;0.000000;1.000000;-255.671234;55.804749;1992.491821;1.706030;0.000000;0.000000;0.000000;0.000000;1.000000;-209.724365;14.917274;1917.462036;0.578324;0.000000;0.000000;0.000000;0.000000;1.000000;74.154922;-145.016006;1954.718384;0.042846;0.000000;0.000000;0.000000;0.000000;2.000000;70.495140;228.365280;1873.612183;0.323801;0.000000;0.000000;0.000000;0.000000;2.000000;86.345566;591.589233;1839.402100;0.877947;0.000000;0.000000;0.000000;0.000000;2.000000;44.011292;720.260071;1722.679077;0.884195;0.000000;0.000000;0.000000;0.000000;2.000000;-66.868752;-154.494278;2040.832397;0.038634;0.000000;0.000000;0.000000;0.000000;2.000000;-96.074745;226.075302;2043.038330;0.586463;0.000000;0.000000;0.000000;0.000000;2.000000;-66.223747;590.261169;2094.527100;0.261682;0.000000;0.000000;0.000000;0.000000;2.000000;-92.842537;720.857666;1998.087036;0.816999;0.000000;0.000000;0.000000;0.000000;2.000000;-18.361473;-736.838440;1941.634155;0.561054;0.000000;0.000000;0.000000;0.000000;2.000000;-69.161690;-741.150879;1796.983643;0.600010;0.000000;0.000000;0.000000;0.000000;2.000000;-45.421974;-785.163696;1815.781860;0.623247;0.000000;0.000000;0.000000;0.000000;2.000000;37.975533;-808.403870;1900.313477;0.666688;0.000000;0.000000;0.000000;0.000000;2.000000;-91.783501;-771.742920;1828.462524;0.565999;0.000000;0.000000;0.000000;0.000000;2.000000;-108.936470;-779.830872;1952.071411;0.472866;0.000000;0.000000;0.000000;0.000000;2.000000;19386400768.000000
0.000000;-150.000000;2000.000000;0.000000;0.000000;0.000000;0.000000;0.000000;2.000000;4.216698;-320.261230;1988.394775;0.023697;0.000000;0.000000;0.000000;0.000000;2.000000;-1.738602;-454.431580;1964.151245;0.124662;0.000000;0.000000;0.000000;0.000000;2.000000;-16.519981;-661.015808;1948.037476;0.365905;0.000000;0.000000;0.000000;0.000000;2.000000;12.428864;-627.631470;1932.318604;0.314885;0.000000;0.000000;0.000000;0.000000;2.000000;105.551620;-584.094849;1842.081299;0.254491;0.000000;0.000000;0.000000;0.000000;2.000000;66.447845;-330.552368;1778.012451;0.147571;0.000000;0.000000;0.000000;0.000000;2.000000;-122.757362;-260.146667;1685.832275;0.234601;0.000000;0.000000;0.000000;0.000000;2.000000;-193.361877;-202.343338;1698.609497;0.426712;0.000000;0.000000;0.000000;0.000000;2.000000;-194.656525;-98.997498;1701.428223;0.560073;0.000000;0.000000;0.000000;0.000000;1.000000;-220.365753;-191.015289;1678.269653;0.363728;0.000000;0.000000;0.000000;0.000000;2.000000;-39.313896;-626.343018;1970.626587;0.336839;0.000000;0.000000;0.000000;0.000000;2.000000;-143.075836;-561.683899;2000.416992;0.576063;0.000000;0.000000;0.000000;0.000000;2.000000;-206.046509;-303.358948;1956.929810;0.969097;0.000000;0.000000;0.000000;0.000000;2.000000;-258.627777;-91.161919;1904.822021;1.198961;0.000000;0.000000;0.000000;0.000000;2.000000;-294.079926;-16.457733;1959.635376;1.580329;0.000000;0.000000;0.000000;0.000000;2.000000;-331.355286;55.879997;2020.512451;2.462910;0.000000;0.000000;0.000000;0.000000;2.000000;-307.133148;23.998386;1848.125732;3.659369;0.000000;0.000000;0.000000;0.000000;2.000000;74.214569;-145.053421;1954.393921;0.010132;0.000000;0.000000;0.000000;0.000000;2.000000;66.447212;228.830399;1871.402466;0.141455;0.000000;0.000000;0.000000;0.000000;2.000000;78.516663;592.767212;1833.640015;0.298825;0.000000;0.000000;0.000000;0.000000;2.000000;34.639046;726.698792;1722.870117;0.347060;0.000000;0.000000;0.000000;0.000000;2.000000;-66.922554;-154.460556;2041.125122;0.009141;0.000000;0.000000;0.000000;0.000000;2.000000;-108.417992;225.869736;2048.077148;0.406912;0.000000;0.000000;0.000000;0.000000;2.000000;-83.417580;590.927307;2102.520996;0.579009;0.000000;0.000000;0.000000;0.000000;2.000000;-109.816353;724.986267;2010.154175;0.647930;0.000000;0.000000;0.000000;0.000000;2.000000;-29.576591;-736.347046;1931.785645;0.455738;0.000000;0.000000;0.000000;0.000000;2.000000;-76.628365;-741.735779;1785.504883;0.418275;0.000000;0.000000;0.000000;0.000000;2.000000;-52.777397;-785.498840;1805.108765;0.395705;0.000000;0.000000;0.000000;0.000000;2.000000;28.866516;-807.489807;1892.085327;0.375642;0.000000;0.000000;0.000000;0.000000;2.000000;-99.737862;-772.597717;1816.557617;0.437722;0.000000;0.000000;0.000000;0.000000;2.000000;-120.071297;-780.564026;1940.009033;0.501476;0.000000;0.000000;0.000000;0.000000;2.000000;19386433536.000000
0.000000;-150.000000;2000.000000;0.000000;0.000000;0.000000;0.000000;0.000000;2.000000;-7.303696;-320.224854;1979.252808;0.448823;0.000000;0.000000;0.000000;0.000000;2.000000;-18.197083;-454.928192;1955.481323;0.567902;0.000000;0.000000;0.000000;0.000000;2.000000;-33.673538;-662.046082;1933.341675;0.690043;0.000000;0.000000;0.000000;0.000000;2.000000;-5.813347;-627.833740;1916.697632;0.732952;0.000000;0.000000;0.000000;0.000000;2.000000;77.903946;-587.360168;1815.365723;1.177511;0.000000;0.000000;0.000000;0.000000;2.000000;37.093140;-334.937225;1742.564575;1.410915;0.000000;0.000000;0.000000;0.000000;2.000000;-147.586319;-237.348785;1664.067505;1.224484;0.000000;0.000000;0.000000;0.000000;2.000000;-218.047012;-179.153534;1679.265991;1.190301;0.000000;0.000000;0.000000;0.000000;2.000000;-195.589157;-81.344055;1706.393921;0.560371;0.000000;0.000000;0.000000;0.000000;1.000000;-252.899857;-174.332275;1679.135254;1.116101;0.000000;0.000000;0.000000;0.000000;1.000000;-55.036743;-628.072205;1958.755371;0.603542;0.000000;0.000000;0.000000;0.000000;2.000000;-159.469894;-585.500427;2016.109375;1.003951;0.000000;0.000000;0.000000;0.000000;2.000000;-252.222946;-331.000519;2019.165405;2.510910;0.000000;0.000000;0.000000;0.000000;1.000000;-321.680298;-143.145264;1914.540161;2.511419;0.000000;0.000000;0.000000;0.000000;1.000000;-321.480164;-48.888344;1947.180420;1.350258;0.000000;0.000000;0.000000;0.000000;1.000000;-334.452454;35.407757;2003.457642;0.818629;0.000000;0.000000;0.000000;0.000000;1.000000;-316.678406;-16.041571;1853.187500;1.265627;0.000000;0.000000;0.000000;0.000000;1.000000;71.979507;-146.987793;1949.946289;0.162973;0.000000;0.000000;0.000000;0.000000;2.000000;53.127735;228.525696;1866.416260;0.434126;0.000000;0.000000;0.000000;0.000000;2.000000;46.665596;592.508789;1811.982666;1.175461;0.000000;0.000000;0.000000;0.000000;2.000000;-18.572403;708.874268;1690.790161;1.972648;0.000000;0.000000;0.000000;0.000000;2.000000;-64.907089;-152.716248;2045.135620;0.146957;0.000000;0.000000;0.000000;0.000000;2.000000;-177.880295;214.409454;2067.036621;2.225025;0.000000;0.000000;0.000000;0.000000;2.000000;-165.257248;576.564148;2150.933594;2.934739;0.000000;0.000000;0.000000;0.000000;2.000000;-249.589920;703.789551;2086.127930;4.897854;0.000000;0.000000;0.000000;0.000000;1.000000;-47.732269;-737.257629;1915.402222;0.746823;0.000000;0.000000;0.000000;0.000000;2.000000;-93.848373;-742.449036;1767.936890;0.751050;0.000000;0.000000;0.000000;0.000000;2.000000;-69.427673;-786.240051;1787.577515;0.738201;0.000000;0.000000;0.000000;0.000000;2.000000;12.287003;-807.760010;1875.525635;0.715165;0.000000;0.000000;0.000000;0.000000;2.000000;-116.900391;-773.970154;1798.801514;0.754788;0.000000;0.000000;0.000000;0.000000;2.000000;-138.174789;-782.979126;1922.718506;0.767523;0.000000;0.000000;0.000000;0.000000;2.000000;19386466304.000000
0.000000;-150.000000;2000.000000;0.000000;0.000000;0.000000;0.000000;0.000000;2.000000;-4.565918;-323.523163;1984.934814;0.217210;0.000000;0.000000;0.000000;0.000000;2.000000;-13.917137;-461.087585;1965.158081;0.373632;0.000000;0.000000;0.000000;0.000000;2.000000;-41.820000;-668.232117;1929.526489;0.333170;0.000000;0.000000;0.000000;0.000000;2.000000;-12.041496;-634.040588;1914.175659;0.279157;0.000000;0.000000;0.000000;0.000000;2.000000;60.896088;-587.436951;1804.633545;0.613739;0.000000;0.000000;0.000000;0.000000;2.000000;14.753586;-334.588531;1722.320557;0.920092;0.000000;0.000000;0.000000;0.000000;2.000000;-166.699890;-218.674347;1651.980591;0.895033;0.000000;0.000000;0.000000;0.000000;2.000000;-238.122589;-159.437897;1667.270386;0.933474;0.000000;0.000000;0.000000;0.000000;2.000000;-193.801361;-74.941360;1712.351318;0.272413;0.000000;0.000000;0.000000;0.000000;1.000000;-279.942810;-167.008118;1678.464722;0.855263;0.000000;0.000000;0.000000;0.000000;1.000000;-60.957603;-634.405151;1958.069702;0.265403;0.000000;0.000000;0.000000;0.000000;2.000000;-165.213409;-579.216309;2008.872070;0.341001;0.000000;0.000000;0.000000;0.000000;2.000000;-252.403687;-318.477722;2003.195068;0.619368;0.000000;0.000000;0.000000;0.000000;2.000000;-314.088470;-117.889511;1910.589600;0.813793;0.000000;0.000000;0.000000;0.000000;2.000000;-325.522034;-24.788820;1948.728149;0.747225;0.000000;0.000000;0.000000;0.000000;1.000000;-342.730896;55.250359;2012.422974;0.710895;0.000000;0.000000;0.000000;0.000000;1.000000;-316.265747;3.013536;1840.712036;0.695175;0.000000;0.000000;0.000000;0.000000;1.000000;71.836182;-147.327118;1947.441040;0.077276;0.000000;0.000000;0.000000;0.000000;2.000000;44.951859;234.110413;1865.916016;0.302546;0.000000;0.000000;0.000000;0.000000;2.000000;32.754578;603.429077;1810.487061;0.541638;0.000000;0.000000;0.000000;0.000000;2.000000;-36.709602;720.569397;1688.309326;0.662933;0.000000;0.000000;0.000000;0.000000;2.000000;-64.777840;-152.410248;2047.394531;0.069678;0.000000;0.000000;0.000000;0.000000;2.000000;-181.084686;219.459625;2074.233643;0.285579;0.000000;0.000000;0.000000;0.000000;2.000000;-149.667572;589.744690;2141.108643;0.691406;0.000000;0.000000;0.000000;0.000000;2.000000;-214.507629;730.344360;2075.051758;1.384640;0.000000;0.000000;0.000000;0.000000;2.000000;-60.732674;-742.325256;1906.789063;0.500412;0.000000;0.000000;0.000000;0.000000;2.000000;-111.116158;-729.613464;1758.708130;0.714462;0.000000;0.000000;0.000000;0.000000;2.000000;-83.938835;-775.153259;1771.962036;0.733270;0.000000;0.000000;0.000000;0.000000;2.000000;2.142761;-804.942810;1855.813965;0.681979;0.000000;0.000000;0.000000;0.000000;2.000000;-132.309631;-766.565369;1785.883545;0.653924;0.000000;0.000000;0.000000;0.000000;2.000000;-150.247955;-793.482483;1909.686035;0.629822;0.000000;0.000000;0.000000;0.000000;2.000000;19386499072.000000
0.000000;-150.000000;2000.000000;0.000000;0.000000;0.000000;0.000000;0.000000;2.000000;-6.172409;-324.358124;1982.901001;0.078209;0.000000;0.000000;0.000000;0.000000;2.000000;-17.110771;-462.409210;1961.377075;0.147136;0.000000;0.000000;0.000000;0.000000;2.000000;-44.737419;-669.786682;1919.651611;0.299101;0.000000;0.000000;0.000000;0.000000;2.000000;-16.149002;-634.437317;1903.753174;0.321970;0.000000;0.000000;0.000000;0.000000;2.000000;48.321114;-580.409607;1791.256714;0.564637;0.000000;0.000000;0.000000;0.000000;2.000000;-13.933434;-328.887238;1710.058838;0.910913;0.000000;0.000000;0.000000;0.000000;2.000000;-184.172943;-191.962708;1645.173950;0.937403;0.000000;0.000000;0.000000;0.000000;2.000000;-256.178986;-133.519394;1663.939575;0.912314;0.000000;0.000000;0.000000;0.000000;2.000000;-193.122986;-71.537079;1722.721680;0.314105;0.000000;0.000000;0.000000;0.000000;1.000000;-303.326874;-165.324814;1687.662476;0.723353;0.000000;0.000000;0.000000;0.000000;1.000000;-62.681160;-637.073486;1950.662598;0.231489;0.000000;0.000000;0.000000;0.000000;2.000000;-167.136627;-589.748779;2010.229126;0.309980;0.000000;0.000000;0.000000;0.000000;2.000000;-272.939270;-334.464050;2023.792480;0.953276;0.000000;0.000000;0.000000;0.000000;1.000000;-353.950256;-145.136139;1919.603638;1.410793;0.000000;0.000000;0.000000;0.000000;1.000000;-344.633179;-48.195908;1949.517090;0.868230;0.000000;0.000000;0.000000;0.000000;1.000000;-344.536713;39.510109;2006.079834;0.490180;0.000000;0.000000;0.000000;0.000000;1.000000;-330.002838;-23.878235;1853.566040;0.942647;0.000000;0.000000;0.000000;0.000000;1.000000;71.375221;-147.222565;1945.913452;0.045928;0.000000;0.000000;0.000000;0.000000;2.000000;38.654449;237.619476;1871.290527;0.258272;0.000000;0.000000;0.000000;0.000000;2.000000;20.557808;609.582642;1819.817871;0.475173;0.000000;0.000000;0.000000;0.000000;2.000000;-57.569069;718.606140;1693.738403;0.621657;0.000000;0.000000;0.000000;0.000000;2.000000;-64.362175;-152.504547;2048.772217;0.041421;0.000000;0.000000;0.000000;0.000000;2.000000;-187.941315;217.965515;2092.244385;0.555192;0.000000;0.000000;0.000000;0.000000;2.000000;-121.305244;587.998718;2146.629883;0.831441;0.000000;0.000000;0.000000;0.000000;2.000000;-178.545074;735.086060;2085.203125;1.081902;0.000000;0.000000;0.000000;0.000000;2.000000;-64.179710;-743.731140;1895.219971;0.349072;0.000000;0.000000;0.000000;0.000000;2.000000;-129.006897;-726.079224;1752.333252;0.554877;0.000000;0.000000;0.000000;0.000000;2.000000;-98.623863;-771.156616;1760.686279;0.544035;0.000000;0.000000;0.000000;0.000000;2.000000;-3.350670;-801.103638;1835.139038;0.624255;0.000000;0.000000;0.000000;0.000000;2.000000;-146.099457;-765.511475;1779.488892;0.437639;0.000000;0.000000;0.000000;0.000000;2.000000;-151.319000;-799.465698;1903.563599;0.247797;0.000000;0.000000;0.000000;0.000000;2.000000;19386533888.000000
0.000000;-150.000000;2000.000000;0.000000;0.000000;0.000000;0.000000;0.000000;2.000000;-8.962471;-324.256256;1974.204834;0.278728;0.000000;0.000000;0.000000;0.000000;2.000000;-17.483131;-463.222168;1951.853638;0.291911;0.000000;0.000000;0.000000;0.000000;2.000000;-37.453430;-671.522400;1904.060669;0.527828;0.000000;0.000000;0.000000;0.000000;2.000000;-12.100960;-633.835754;1887.170898;0.521235;0.000000;0.000000;0.000000;0.000000;2.000000;37.952988;-560.729736;1777.058472;0.805332;0.000000;0.000000;0.000000;0.000000;2.000000;-45.879608;-312.810120;1698.628540;1.145805;0.000000;0.000000;0.000000;0.000000;2.000000;-193.802109;-149.156830;1636.033325;1.367724;0.000000;0.000000;0.000000;0.000000;2.000000;-268.280457;-98.511414;1666.876221;1.133936;0.000000;0.000000;0.000000;0.000000;2.000000;-229.204422;0.761328;1672.397217;2.905024;0.000000;0.000000;0.000000;0.000000;2.000000;-275.558533;-48.497734;1645.784302;3.881067;0.000000;0.000000;0.000000;0.000000;2.000000;-54.551788;-640.803284;1937.926147;0.474953;0.000000;0.000000;0.000000;0.000000;2.000000;-154.311172;-605.843018;2013.628784;0.636549;0.000000;0.000000;0.000000;0.000000;2.000000;-272.479431;-356.023956;2047.110352;0.969270;0.000000;0.000000;0.000000;0.000000;1.000000;-372.340759;-170.595795;1949.307495;1.319237;0.000000;0.000000;0.000000;0.000000;1.000000;-359.408936;-69.531387;1960.533936;0.860410;0.000000;0.000000;0.000000;0.000000;1.000000;-352.758545;27.377289;2000.418213;0.479483;0.000000;0.000000;0.000000;0.000000;1.000000;-349.340088;-56.599792;1874.801147;1.328675;0.000000;0.000000;0.000000;0.000000;1.000000;71.290268;-145.525879;1945.005737;0.058780;0.000000;0.000000;0.000000;0.000000;2.000000;39.281334;242.871765;1875.887207;0.213860;0.000000;0.000000;0.000000;0.000000;2.000000;17.894279;617.578186;1828.796021;0.375788;0.000000;0.000000;0.000000;0.000000;2.000000;-62.082565;732.590210;1707.632568;0.617160;0.000000;0.000000;0.000000;0.000000;2.000000;-64.285568;-154.034515;2049.590820;0.053006;0.000000;0.000000;0.000000;0.000000;2.000000;-159.875198;226.979706;2094.406250;0.902018;0.000000;0.000000;0.000000;0.000000;2.000000;-202.049789;600.011230;2166.342041;2.562850;0.000000;0.000000;0.000000;0.000000;2.000000;-314.947937;707.389343;2097.329834;4.263722;0.000000;0.000000;0.000000;0.000000;1.000000;-54.988708;-746.009033;1878.242676;0.593245;0.000000;0.000000;0.000000;0.000000;2.000000;-149.996384;-702.322876;1758.644043;0.986407;0.000000;0.000000;0.000000;0.000000;2.000000;-116.016708;-745.043518;1749.556763;1.015952;0.000000;0.000000;0.000000;0.000000;2.000000;-5.037216;-781.718445;1794.803345;1.366696;0.000000;0.000000;0.000000;0.000000;2.000000;-158.929306;-748.764160;1778.133423;0.645153;0.000000;0.000000;0.000000;0.000000;2.000000;-135.855240;-811.129333;1889.298218;0.734117;0.000000;0.000000;0.000000;0.000000;2.000000;19386566656.000000
0.000000;-150.000000;2000.000000;0.000000;0.000000;0.000000;0.000000;0.000000;2.000000;-11.295059;-323.706421;1969.534058;0.160208;0.000000;0.000000;0.000000;0.000000;2.000000;-20.001877;-462.660889;1945.546021;0.207979;0.000000;0.000000;0.000000;0.000000;2.000000;-41.410492;-671.227051;1897.696167;0.228887;0.000000;0.000000;0.000000;0.000000;2.000000;-18.517448;-632.875854;1878.660767;0.326574;0.000000;0.000000;0.000000;0.000000;2.000000;19.712288;-556.361694;1765.811646;0.667417;0.000000;0.000000;0.000000;0.000000;2.000000;-55.931900;-304.721680;1689.108276;0.489336;0.000000;0.000000;0.000000;0.000000;2.000000;-190.812042;-127.447197;1632.864136;0.675737;0.000000;0.000000;0.000000;0.000000;2.000000;-254.690979;-60.811920;1656.886475;1.260387;0.000000;0.000000;0.000000;0.000000;2.000000;-217.638214;39.590439;1655.302246;1.341981;0.000000;0.000000;0.000000;0.000000;2.000000;-277.185608;-33.393017;1644.420044;0.465492;0.000000;0.000000;0.000000;0.000000;2.000000;-55.450668;-641.067261;1933.546509;0.136680;0.000000;0.000000;0.000000;0.000000;2.000000;-140.130463;-616.167725;2029.353149;0.718913;0.000000;0.000000;0.000000;0.000000;2.000000;-254.574097;-372.459839;2102.148682;1.836123;0.000000;0.000000;0.000000;0.000000;1.000000;-376.132813;-204.417923;1996.733032;1.781426;0.000000;0.000000;0.000000;0.000000;1.000000;-368.798676;-102.906403;1982.985107;1.260533;0.000000;0.000000;0.000000;0.000000;1.000000;-367.579803;1.565107;1995.337036;0.921488;0.000000;0.000000;0.000000;0.000000;1.000000;-365.889435;-101.638725;1904.105103;1.715812;0.000000;0.000000;0.000000;0.000000;1.000000;68.399643;-144.153381;1941.305908;0.149281;0.000000;0.000000;0.000000;0.000000;2.000000;36.641479;246.062195;1878.253052;0.145543;0.000000;0.000000;0.000000;0.000000;2.000000;15.126770;622.340820;1838.536621;0.341499;0.000000;0.000000;0.000000;0.000000;2.000000;-75.765228;716.937744;1707.290161;0.634540;0.000000;0.000000;0.000000;0.000000;2.000000;-61.678970;-155.272141;2052.927002;0.134610;0.000000;0.000000;0.000000;0.000000;2.000000;-139.014450;230.661743;2097.517822;0.653397;0.000000;0.000000;0.000000;0.000000;2.000000;-137.183304;599.635864;2200.076416;2.231294;0.000000;0.000000;0.000000;0.000000;1.000000;-245.907410;711.355591;2130.453613;2.340026;0.000000;0.000000;0.000000;0.000000;1.000000;-60.325684;-745.910522;1872.961792;0.229148;0.000000;0.000000;0.000000;0.000000;2.000000;-142.093506;-692.750366;1747.171753;0.515830;0.000000;0.000000;0.000000;0.000000;2.000000;-112.968506;-739.451172;1740.485718;0.338250;0.000000;0.000000;0.000000;0.000000;2.000000;-9.976654;-788.616455;1792.870483;0.265549;0.000000;0.000000;0.000000;0.000000;2.000000;-157.756561;-737.588745;1766.422485;0.495299;0.000000;0.000000;0.000000;0.000000;2.000000;-149.143372;-800.804199;1879.440796;0.595172;0.000000;0.000000;0.000000;0.000000;2.000000;19386599424.000000
0.000000;-150.000000;2000.000000;0.000000;0.000000;0.000000;0.000000;0.000000;2.000000;-11.184807;-323.908722;1968.928345;0.018614;0.000000;0.000000;0.000000;0.000000;2.000000;-20.137482;-462.937378;1944.075562;0.043151;0.000000;0.000000;0.000000;0.000000;2.000000;-41.631966;-671.374817;1894.122803;0.102920;0.000000;0.000000;0.000000;0.000000;2.000000;-18.514671;-632.828796;1875.549194;0.089382;0.000000;0.000000;0.000000;0.000000;2.000000;20.906792;-555.752014;1763.194824;0.084457;0.000000;0.000000;0.000000;0.000000;2.000000;-52.553123;-303.124634;1685.971924;0.140133;0.000000;0.000000;0.000000;0.000000;2.000000;-184.919769;-123.800316;1628.684814;0.232431;0.000000;0.000000;0.000000;0.000000;2.000000;-247.845978;-55.286018;1650.469116;0.312761;0.000000;0.000000;0.000000;0.000000;2.000000;-209.319092;44.734085;1647.964722;0.351195;0.000000;0.000000;0.000000;0.000000;2.000000;-264.726257;-22.156111;1634.657227;0.557553;0.000000;0.000000;0.000000;0.000000;2.000000;-55.872139;-641.465332;1930.215454;0.097114;0.000000;0.000000;0.000000;0.000000;2.000000;-144.512299;-617.442566;2022.911255;0.226750;0.000000;0.000000;0.000000;0.000000;2.000000;-287.452606;-379.351349;2053.448975;1.699278;0.000000;0.000000;0.000000;0.000000;2.000000;-397.565552;-287.123535;1869.932251;4.391622;0.000000;0.000000;0.000000;0.000000;2.000000;-375.643890;-223.223846;1792.349121;6.477861;0.000000;0.000000;0.000000;0.000000;2.000000;-362.112183;-134.936127;1736.422607;8.408324;0.000000;0.000000;0.000000;0.000000;1.000000;-367.669464;-236.906891;1757.720825;5.724993;0.000000;0.000000;0.000000;0.000000;1.000000;68.605324;-143.930771;1941.334595;0.008744;0.000000;0.000000;0.000000;0.000000;2.000000;36.845501;247.086273;1879.055420;0.037824;0.000000;0.000000;0.000000;0.000000;2.000000;15.333611;624.099365;1840.226807;0.070308;0.000000;0.000000;0.000000;0.000000;2.000000;-75.099068;719.348694;1708.693604;0.082379;0.000000;0.000000;0.000000;0.000000;2.000000;-61.864433;-155.472870;2052.901123;0.007885;0.000000;0.000000;0.000000;0.000000;2.000000;-140.435272;230.205536;2103.111816;0.166292;0.000000;0.000000;0.000000;0.000000;2.000000;-133.387238;597.506042;2213.555664;0.406842;0.000000;0.000000;0.000000;0.000000;1.000000;-242.008087;712.403870;2148.381836;0.527840;0.000000;0.000000;0.000000;0.000000;1.000000;-60.548241;-745.923645;1868.551636;0.126832;0.000000;0.000000;0.000000;0.000000;2.000000;-139.669434;-692.663391;1740.788086;0.196145;0.000000;0.000000;0.000000;0.000000;2.000000;-110.337227;-739.429932;1734.722412;0.181974;0.000000;0.000000;0.000000;0.000000;2.000000;-8.338417;-788.657043;1789.446289;0.109034;0.000000;0.000000;0.000000;0.000000;2.000000;-155.764374;-737.589050;1759.705688;0.201230;0.000000;0.000000;0.000000;0.000000;2.000000;-149.616516;-800.944031;1873.057129;0.183901;0.000000;0.000000;0.000000;0.000000;1.000000;19386634240.000000
0.000000;-150.000000;2000.000000;0.000000;0.000000;0.000000;0.000000;0.000000;2.000000;-13.411102;-325.602875;1968.878784;0.085389;0.000000;0.000000;0.000000;0.000000;2.000000;-27.371506;-465.029297;1940.461304;0.254909;0.000000;0.000000;0.000000;0.000000;2.000000;-56.731796;-670.484070;1874.946289;0.745365;0.000000;0.000000;0.000000;0.000000;2.000000;-31.779617;-631.226868;1859.118774;0.646284;0.000000;0.000000;0.000000;0.000000;2.000000;11.503006;-550.094482;1749.210571;0.542491;0.000000;0.000000;0.000000;0.000000;2.000000;-55.492157;-290.479004;1679.560303;0.441882;0.000000;0.000000;0.000000;0.000000;2.000000;-168.404129;-94.035690;1627.412842;1.039533;0.000000;0.000000;0.000000;0.000000;2.000000;-228.051254;-19.614960;1642.298584;1.269697;0.000000;0.000000;0.000000;0.000000;2.000000;-196.061325;83.159187;1654.429077;1.256066;0.000000;0.000000;0.000000;0.000000;2.000000;-172.557724;25.625984;1592.926636;3.414644;0.000000;0.000000;0.000000;0.000000;2.000000;-70.214066;-642.416199;1913.420288;0.674620;0.000000;0.000000;0.000000;0.000000;2.000000;-161.909714;-615.083618;2004.110352;0.785025;0.000000;0.000000;0.000000;0.000000;2.000000;-281.701477;-364.720734;2055.483154;0.483748;0.000000;0.000000;0.000000;0.000000;2.000000;-398.152222;-226.766907;1904.341797;2.120320;0.000000;0.000000;0.000000;0.000000;1.000000;-371.457275;-196.703491;1808.498169;0.956155;0.000000;0.000000;0.000000;0.000000;1.000000;-355.428284;-139.554276;1720.107056;0.556223;0.000000;0.000000;0.000000;0.000000;1.000000;-372.297119;-239.724762;1771.427002;0.449775;0.000000;0.000000;0.000000;0.000000;1.000000;68.039719;-144.424240;1939.218262;0.068527;0.000000;0.000000;0.000000;0.000000;2.000000;37.388069;250.452148;1874.506470;0.173485;0.000000;0.000000;0.000000;0.000000;2.000000;19.760292;631.665955;1836.247803;0.293796;0.000000;0.000000;0.000000;0.000000;2.000000;-76.041534;726.328552;1705.369263;0.237681;0.000000;0.000000;0.000000;0.000000;2.000000;-61.354416;-155.027924;2054.809570;0.061795;0.000000;0.000000;0.000000;0.000000;2.000000;-118.399750;240.735168;2083.540771;0.955090;0.000000;0.000000;0.000000;0.000000;2.000000;-133.808701;623.656921;2141.360352;2.343346;0.000000;0.000000;0.000000;0.000000;2.000000;-182.399490;750.399170;2034.450684;4.091762;0.000000;0.000000;0.000000;0.000000;2.000000;-78.514023;-742.973877;1843.701294;0.940125;0.000000;0.000000;0.000000;0.000000;2.000000;-158.683060;-676.819885;1720.639282;0.973941;0.000000;0.000000;0.000000;0.000000;2.000000;-125.031158;-720.156372;1708.902466;1.080706;0.000000;0.000000;0.000000;0.000000;2.000000;-19.924194;-769.423096;1760.625366;1.114966;0.000000;0.000000;0.000000;0.000000;2.000000;-171.672226;-725.691467;1732.161255;1.036389;0.000000;0.000000;0.000000;0.000000;2.000000;-163.639969;-805.468872;1836.188965;1.211664;0.000000;0.000000;0.000000;0.000000;2.000000;19386667008.000000
0.000000;-150.000000;2000.000000;0.000000;0.000000;0.000000;0.000000;0.000000;2.000000;-13.827194;-326.033508;1968.407959;0.023247;0.000000;0.000000;0.000000;0.000000;2.000000;-28.950737;-465.515808;1938.725586;0.073136;0.000000;0.000000;0.000000;0.000000;2.000000;-60.337975;-670.134888;1869.468262;0.200432;0.000000;0.000000;0.000000;0.000000;2.000000;-35.090080;-630.672058;1854.171631;0.182446;0.000000;0.000000;0.000000;0.000000;2.000000;8.600075;-547.937195;1745.060547;0.167995;0.000000;0.000000;0.000000;0.000000;2.000000;-53.520073;-285.208374;1679.366211;0.171840;0.000000;0.000000;0.000000;0.000000;2.000000;-159.279816;-83.275055;1630.159546;0.438635;0.000000;0.000000;0.000000;0.000000;2.000000;-216.692108;-6.622612;1644.374390;0.530462;0.000000;0.000000;0.000000;0.000000;2.000000;-182.110962;94.749420;1662.579468;0.606813;0.000000;0.000000;0.000000;0.000000;2.000000;-168.820526;42.091721;1606.751709;0.665969;0.000000;0.000000;0.000000;0.000000;2.000000;-73.440117;-642.582031;1908.631104;0.176293;0.000000;0.000000;0.000000;0.000000;2.000000;-167.721527;-622.402832;1999.119629;0.323336;0.000000;0.000000;0.000000;0.000000;2.000000;-347.806824;-404.184448;2009.112915;2.742765;0.000000;0.000000;0.000000;0.000000;2.000000;-436.088257;-355.067932;1795.658081;5.260406;0.000000;0.000000;0.000000;0.000000;2.000000;-401.624054;-280.058441;1731.993896;3.573423;0.000000;0.000000;0.000000;0.000000;1.000000;-393.069153;-190.760147;1674.056519;2.395101;0.000000;0.000000;0.000000;0.000000;1.000000;-378.593323;-274.063904;1729.495483;1.665117;0.000000;0.000000;0.000000;0.000000;1.000000;68.145882;-144.392334;1938.927490;0.009497;0.000000;0.000000;0.000000;0.000000;2.000000;37.573650;251.741653;1874.383057;0.039936;0.000000;0.000000;0.000000;0.000000;2.000000;20.234970;634.169739;1836.554810;0.078333;0.000000;0.000000;0.000000;0.000000;2.000000;-77.736534;728.011902;1705.881714;0.074561;0.000000;0.000000;0.000000;0.000000;2.000000;-61.450127;-155.056686;2055.071777;0.008563;0.000000;0.000000;0.000000;0.000000;2.000000;-113.680992;242.841446;2080.036621;0.190539;0.000000;0.000000;0.000000;0.000000;2.000000;-136.737854;628.174561;2125.856445;0.500860;0.000000;0.000000;0.000000;0.000000;2.000000;-188.791473;746.116516;2010.037964;0.781142;0.000000;0.000000;0.000000;0.000000;2.000000;-82.911842;-742.094849;1836.941528;0.247565;0.000000;0.000000;0.000000;0.000000;2.000000;-166.235291;-674.101746;1716.368896;0.277459;0.000000;0.000000;0.000000;0.000000;2.000000;-135.384277;-719.472290;1703.842285;0.352290;0.000000;0.000000;0.000000;0.000000;2.000000;-30.014122;-773.237366;1751.313232;0.434885;0.000000;0.000000;0.000000;0.000000;2.000000;-181.097168;-722.148438;1729.662476;0.316599;0.000000;0.000000;0.000000;0.000000;2.000000;-171.626617;-800.425781;1835.196411;0.289844;0.000000;0.000000;0.000000;0.000000;2.000000;19386699776.000000
0.000000;-150.000000;2000.000000;0.000000;0.000000;0.000000;0.000000;0.000000;2.000000;-16.691666;-325.777557;1968.456299;0.087777;0.000000;0.000000;0.000000;0.000000;2.000000;-35.406853;-464.618347;1937.887939;0.200555;0.000000;0.000000;0.000000;0.000000;2.000000;-72.271980;-667.999451;1867.749390;0.373682;0.000000;0.000000;0.000000;0.000000;2.000000;-46.294395;-629.034790;1852.411133;0.349712;0.000000;0.000000;0.000000;0.000000;2.000000;-1.031631;-549.374573;1741.681763;0.314571;0.000000;0.000000;0.000000;0.000000;2.000000;-51.891258;-284.151337;1676.432617;0.107361;0.000000;0.000000;0.000000;0.000000;2.000000;-158.155884;-81.807274;1630.187744;0.056424;0.000000;0.000000;0.000000;0.000000;2.000000;-194.797028;7.778160;1632.202026;0.881817;0.000000;0.000000;0.000000;0.000000;2.000000;-171.217499;95.659767;1691.551270;0.944992;0.000000;0.000000;0.000000;0.000000;2.000000;-169.750793;41.033676;1612.324463;0.175418;0.000000;0.000000;0.000000;0.000000;2.000000;-84.297325;-640.404297;1907.221069;0.340664;0.000000;0.000000;0.000000;0.000000;2.000000;-169.989685;-616.820740;2005.108276;0.259253;0.000000;0.000000;0.000000;0.000000;2.000000;-339.528809;-395.165283;2052.658691;1.380429;0.000000;0.000000;0.000000;0.000000;1.000000;-468.644348;-303.314545;1877.582031;3.119644;0.000000;0.000000;0.000000;0.000000;1.000000;-445.274048;-266.821930;1782.779419;2.083190;0.000000;0.000000;0.000000;0.000000;1.000000;-424.491150;-202.776581;1699.903809;1.294686;0.000000;0.000000;0.000000;0.000000;1.000000;-430.934326;-291.338318;1759.400391;1.913695;0.000000;0.000000;0.000000;0.000000;1.000000;65.416458;-144.726151;1935.995728;0.122666;0.000000;0.000000;0.000000;0.000000;2.000000;32.838127;251.914459;1875.919800;0.152027;0.000000;0.000000;0.000000;0.000000;2.000000;18.010208;635.150146;1846.470459;0.311565;0.000000;0.000000;0.000000;0.000000;2.000000;-85.381416;728.385925;1719.619263;0.479917;0.000000;0.000000;0.000000;0.000000;2.000000;-58.988899;-154.755646;2057.715576;0.110615;0.000000;0.000000;0.000000;0.000000;2.000000;-106.744240;242.991486;2091.809326;0.417029;0.000000;0.000000;0.000000;0.000000;2.000000;-143.344971;627.837158;2132.308350;0.282011;0.000000;0.000000;0.000000;0.000000;2.000000;-199.181854;742.945984;2015.429199;0.370104;0.000000;0.000000;0.000000;0.000000;2.000000;-96.858391;-739.206787;1835.044067;0.438485;0.000000;0.000000;0.000000;0.000000;2.000000;-146.036163;-660.484070;1702.819458;0.850687;0.000000;0.000000;0.000000;0.000000;2.000000;-120.577492;-710.081421;1695.165527;0.597019;0.000000;0.000000;0.000000;0.000000;2.000000;-34.705055;-778.679932;1759.697510;0.336971;0.000000;0.000000;0.000000;0.000000;2.000000;-170.058685;-705.627869;1712.335449;0.804532;0.000000;0.000000;0.000000;0.000000;2.000000;-191.517365;-783.530823;1816.364502;0.982136;0.000000;0.000000;0.000000;0.000000;1.000000;19386732544.000000
0.000000;-150.000000;2000.000000;0.000000;0.000000;0.000000;0.000000;0.000000;2.000000;-17.030495;-326.090454;1968.703247;0.015026;0.000000;0.000000;0.000000;0.000000;2.000000;-36.078300;-465.163483;1938.288086;0.027371;0.000000;0.000000;0.000000;0.000000;2.000000;-73.618690;-668.944519;1868.550537;0.052560;0.000000;0.000000;0.000000;0.000000;2.000000;-47.605705;-629.982422;1853.006348;0.049514;0.000000;0.000000;0.000000;0.000000;2.000000;-2.326523;-550.881409;1741.577515;0.057144;0.000000;0.000000;0.000000;0.000000;2.000000;-51.894142;-285.453552;1674.250488;0.072988;0.000000;0.000000;0.000000;0.000000;2.000000;-156.486694;-82.126503;1626.589355;0.114301;0.000000;0.000000;0.000000;0.000000;2.000000;-189.855347;8.896412;1624.484863;0.265158;0.000000;0.000000;0.000000;0.000000;2.000000;-158.241913;97.697906;1678.847168;0.524854;0.000000;0.000000;0.000000;0.000000;2.000000;-165.123230;39.632019;1600.902466;0.356252;0.000000;0.000000;0.000000;0.000000;2.000000;-85.450203;-641.216675;1908.090576;0.047589;0.000000;0.000000;0.000000;0.000000;2.000000;-175.464905;-629.960022;2004.576416;0.409132;0.000000;0.000000;0.000000;0.000000;2.000000;-426.783356;-500.727356;1981.387451;4.434457;0.000000;0.000000;0.000000;0.000000;2.000000;-455.795441;-507.070923;1746.736572;6.964954;0.000000;0.000000;0.000000;0.000000;2.000000;-446.947662;-441.011566;1666.367920;6.017775;0.000000;0.000000;0.000000;0.000000;1.000000;-466.743439;-367.196411;1591.540649;5.784679;0.000000;0.000000;0.000000;0.000000;1.000000;-428.750336;-420.118683;1691.903931;4.176613;0.000000;0.000000;0.000000;0.000000;1.000000;65.399765;-144.905518;1935.748291;0.008791;0.000000;0.000000;0.000000;0.000000;2.000000;33.060211;252.288696;1874.765137;0.035442;0.000000;0.000000;0.000000;0.000000;2.000000;18.475296;636.090210;1844.302612;0.069170;0.000000;0.000000;0.000000;0.000000;2.000000;-86.770866;729.724487;1718.816650;0.060019;0.000000;0.000000;0.000000;0.000000;2.000000;-58.973839;-154.593903;2057.938477;0.007922;0.000000;0.000000;0.000000;0.000000;2.000000;-104.272774;244.328857;2089.355957;0.107146;0.000000;0.000000;0.000000;0.000000;2.000000;-136.594360;630.297607;2128.945557;0.227856;0.000000;0.000000;0.000000;0.000000;2.000000;-193.858368;742.415833;2009.455444;0.230329;0.000000;0.000000;0.000000;0.000000;2.000000;-98.495995;-740.288208;1836.022949;0.062989;0.000000;0.000000;0.000000;0.000000;2.000000;-158.937103;-661.415771;1708.307983;0.403574;0.000000;0.000000;0.000000;0.000000;2.000000;-134.555298;-711.285217;1698.529053;0.414382;0.000000;0.000000;0.000000;0.000000;2.000000;-43.534492;-780.427429;1755.382080;0.286701;0.000000;0.000000;0.000000;0.000000;2.000000;-182.341797;-706.446472;1720.096802;0.417991;0.000000;0.000000;0.000000;0.000000;2.000000;-194.897949;-784.082886;1826.037720;0.294743;0.000000;0.000000;0.000000;0.000000;2.000000;19386767360.000000
0.000000;-150.000000;2000.000000;0.000000;0.000000;0.000000;0.000000;0.000000;2.000000;-28.796761;-321.358215;1963.773682;0.415241;0.000000;0.000000;0.000000;0.000000;2.000000;-51.466362;-458.455078;1935.029297;0.521855;0.000000;0.000000;0.000000;0.000000;2.000000;-84.539314;-659.204224;1862.490967;0.483347;0.000000;0.000000;0.000000;0.000000;2.000000;-61.825569;-619.104187;1846.549561;0.580821;0.000000;0.000000;0.000000;0.000000;2.000000;-18.982704;-539.834961;1736.510254;0.629232;0.000000;0.000000;0.000000;0.000000;2.000000;-35.731117;-268.079315;1698.331665;1.031752;0.000000;0.000000;0.000000;0.000000;2.000000;-182.855988;-102.092331;1634.687256;1.039190;0.000000;0.000000;0.000000;0.000000;2.000000;-193.232391;-8.746622;1615.792114;0.609011;0.000000;0.000000;0.000000;0.000000;2.000000;-209.178284;42.223473;1709.092163;2.476758;0.000000;0.000000;0.000000;0.000000;2.000000;-193.921112;17.320656;1590.149780;1.159160;0.000000;0.000000;0.000000;0.000000;2.000000;-94.476433;-633.552063;1903.188721;0.391110;0.000000;0.000000;0.000000;0.000000;2.000000;-143.016449;-650.206726;2023.545654;1.302877;0.000000;0.000000;0.000000;0.000000;2.000000;-420.910309;-678.201782;2001.920166;5.455162;0.000000;0.000000;0.000000;0.000000;2.000000;-258.116730;-705.352051;1836.494019;8.972826;0.000000;0.000000;0.000000;0.000000;2.000000;-239.699982;-731.169861;1738.337402;11.101147;0.000000;0.000000;0.000000;0.000000;2.000000;-227.325226;-786.570557;1649.210449;14.841762;0.000000;0.000000;0.000000;0.000000;2.000000;-209.729187;-707.507568;1714.668823;11.048918;0.000000;0.000000;0.000000;0.000000;2.000000;49.072472;-142.200928;1924.100464;0.617608;0.000000;0.000000;0.000000;0.000000;2.000000;19.400768;252.560272;1880.246216;0.449237;0.000000;0.000000;0.000000;0.000000;2.000000;4.971634;632.426636;1860.586548;0.655196;0.000000;0.000000;0.000000;0.000000;2.000000;-114.017204;722.083557;1748.592285;1.253576;0.000000;0.000000;0.000000;0.000000;2.000000;-44.250809;-157.032745;2068.441895;0.556925;0.000000;0.000000;0.000000;0.000000;2.000000;-99.470985;234.964844;2108.283203;0.660889;0.000000;0.000000;0.000000;0.000000;2.000000;-130.071198;613.783630;2167.592773;1.297938;0.000000;0.000000;0.000000;0.000000;2.000000;-219.955566;732.212341;2082.139893;2.377279;0.000000;0.000000;0.000000;0.000000;2.000000;-108.269814;-729.799683;1829.962280;0.475005;0.000000;0.000000;0.000000;0.000000;2.000000;-186.976013;-669.014709;1704.785645;0.893040;0.000000;0.000000;0.000000;0.000000;2.000000;-155.540314;-714.048218;1695.574951;0.652200;0.000000;0.000000;0.000000;0.000000;2.000000;-52.519997;-763.784119;1748.687866;0.612295;0.000000;0.000000;0.000000;0.000000;2.000000;-201.653107;-716.087891;1719.559692;0.658906;0.000000;0.000000;0.000000;0.000000;2.000000;-195.315674;-788.607056;1827.693481;0.147574;0.000000;0.000000;0.000000;0.000000;2.000000;19386800128.000000
0.000000;-150.000000;2000.000000;0.000000;0.000000;0.000000;0.000000;0.000000;2.000000;-25.859589;-319.503479;1962.137939;0.117176;0.000000;0.000000;0.000000;0.000000;2.000000;-41.914261;-456.165283;1934.347534;0.300487;0.000000;0.000000;0.000000;0.000000;2.000000;-76.814636;-652.755310;1858.217896;0.333632;0.000000;0.000000;0.000000;0.000000;2.000000;-55.415924;-612.442322;1842.586792;0.306952;0.000000;0.000000;0.000000;0.000000;2.000000;-15.027161;-532.439453;1734.120605;0.266134;0.000000;0.000000;0.000000;0.000000;2.000000;-23.968773;-261.250275;1715.291382;0.663447;0.000000;0.000000;0.000000;0.000000;2.000000;-184.905609;-117.373558;1641.049561;0.509009;0.000000;0.000000;0.000000;0.000000;2.000000;-184.595612;-26.776894;1613.217163;0.615151;0.000000;0.000000;0.000000;0.000000;2.000000;-230.846893;17.374008;1698.201416;1.059638;0.000000;0.000000;0.000000;0.000000;2.000000;-184.449249;-0.790487;1585.702515;0.638327;0.000000;0.000000;0.000000;0.000000;2.000000;-84.812637;-628.692444;1899.674805;0.347086;0.000000;0.000000;0.000000;0.000000;2.000000;-126.339737;-648.734619;2020.621826;0.518645;0.000000;0.000000;0.000000;0.000000;2.000000;-398.889740;-681.074890;1982.225830;0.905826;0.000000;0.000000;0.000000;0.000000;2.000000;-240.776886;-702.861816;1814.994141;0.846342;0.000000;0.000000;0.000000;0.000000;2.000000;-223.748444;-740.960571;1721.869751;0.760796;0.000000;0.000000;0.000000;0.000000;2.000000;-217.290588;-804.719727;1639.280029;0.701705;0.000000;0.000000;0.000000;0.000000;2.000000;-192.681396;-698.411072;1691.208252;0.927539;0.000000;0.000000;0.000000;0.000000;2.000000;44.169186;-139.447845;1922.592041;0.177677;0.000000;0.000000;0.000000;0.000000;2.000000;18.083763;252.091644;1886.886597;0.207090;0.000000;0.000000;0.000000;0.000000;2.000000;4.945572;628.159851;1872.576172;0.388374;0.000000;0.000000;0.000000;0.000000;2.000000;-112.889481;723.779480;1767.834961;0.590520;0.000000;0.000000;0.000000;0.000000;2.000000;-39.829300;-159.515350;2069.802246;0.160221;0.000000;0.000000;0.000000;0.000000;2.000000;-94.888397;227.303894;2117.382324;0.389005;0.000000;0.000000;0.000000;0.000000;2.000000;-123.920380;600.356201;2186.612793;0.734891;0.000000;0.000000;0.000000;0.000000;2.000000;-213.711731;724.353149;2113.522461;1.005515;0.000000;0.000000;0.000000;0.000000;2.000000;-101.386398;-721.775208;1825.102051;0.355101;0.000000;0.000000;0.000000;0.000000;2.000000;-243.814453;-674.225708;1775.431641;2.771665;0.000000;0.000000;0.000000;0.000000;2.000000;-216.378296;-709.375793;1743.079102;2.359886;0.000000;0.000000;0.000000;0.000000;2.000000;-96.134750;-736.036560;1723.093018;1.760330;0.000000;0.000000;0.000000;0.000000;2.000000;-239.805756;-723.750061;1786.583862;2.365176;0.000000;0.000000;0.000000;0.000000;2.000000;-163.065598;-798.586548;1858.280151;1.390209;0.000000;0.000000;0.000000;0.000000;2.000000;19386832896.000000
0.000000;-150.000000;2000.000000;0.000000;0.000000;0.000000;0.000000;0.000000;2.000000;-26.903831;-319.640900;1962.545044;0.034460;0.000000;0.000000;0.000000;0.000000;2.000000;-45.165939;-456.108185;1934.348022;0.099249;0.000000;0.000000;0.000000;0.000000;2.000000;-84.067825;-652.017822;1857.715210;0.223019;0.000000;0.000000;0.000000;0.000000;2.000000;-61.340027;-612.254761;1842.383057;0.180987;0.000000;0.000000;0.000000;0.000000;2.000000;-16.567154;-533.288635;1734.670654;0.056232;0.000000;0.000000;0.000000;0.000000;2.000000;-21.792084;-261.819305;1714.042114;0.078534;0.000000;0.000000;0.000000;0.000000;2.000000;-187.708527;-127.850082;1631.840820;0.434181;0.000000;0.000000;0.000000;0.000000;2.000000;-192.468445;-40.909248;1594.134033;0.763471;0.000000;0.000000;0.000000;0.000000;2.000000;-240.494202;-25.297995;1687.871216;1.371827;0.000000;0.000000;0.000000;0.000000;2.000000;-200.796875;-23.090446;1556.295532;1.231831;0.000000;0.000000;0.000000;0.000000;2.000000;-92.097534;-627.679016;1899.070313;0.225215;0.000000;0.000000;0.000000;0.000000;2.000000;-155.442795;-638.172485;2011.632568;0.983856;0.000000;0.000000;0.000000;0.000000;2.000000;-409.185059;-531.281250;2045.834229;4.976345;0.000000;0.000000;0.000000;0.000000;1.000000;-371.282990;-605.510193;1829.923706;4.989608;0.000000;0.000000;0.000000;0.000000;1.000000;-321.055298;-668.316895;1766.914673;3.952559;0.000000;0.000000;0.000000;0.000000;1.000000;-284.704071;-749.670105;1712.020020;3.461579;0.000000;0.000000;0.000000;0.000000;1.000000;-259.329498;-646.135254;1761.926147;3.367425;0.000000;0.000000;0.000000;0.000000;1.000000;44.326408;-139.918518;1922.499512;0.015405;0.000000;0.000000;0.000000;0.000000;2.000000;20.509239;252.069733;1885.161255;0.090839;0.000000;0.000000;0.000000;0.000000;2.000000;10.828171;628.697876;1871.417847;0.183705;0.000000;0.000000;0.000000;0.000000;2.000000;-111.071320;722.027344;1768.912231;0.083777;0.000000;0.000000;0.000000;0.000000;2.000000;-39.971062;-159.090912;2069.885742;0.013892;0.000000;0.000000;0.000000;0.000000;2.000000;-90.131927;229.340088;2113.321777;0.200717;0.000000;0.000000;0.000000;0.000000;2.000000;-115.504471;603.888306;2178.186279;0.379093;0.000000;0.000000;0.000000;0.000000;2.000000;-202.665527;719.432861;2089.311768;0.825886;0.000000;0.000000;0.000000;0.000000;2.000000;-109.950760;-720.480591;1824.219116;0.265703;0.000000;0.000000;0.000000;0.000000;2.000000;-249.909973;-669.900085;1770.140259;0.279474;0.000000;0.000000;0.000000;0.000000;2.000000;-218.696564;-699.315613;1735.464478;0.391487;0.000000;0.000000;0.000000;0.000000;2.000000;-96.203598;-719.705688;1721.887451;0.499739;0.000000;0.000000;0.000000;0.000000;2.000000;-244.923706;-720.453735;1774.446045;0.414394;0.000000;0.000000;0.000000;0.000000;2.000000;-171.177856;-802.948181;1840.962402;0.598594;0.000000;0.000000;0.000000;0.000000;2.000000;19386865664.000000
0.000000;-150.000000;2000.000000;0.000000;0.000000;0.000000;0.000000;0.000000;2.000000;-31.129784;-313.733032;1960.975220;0.213448;0.000000;0.000000;0.000000;0.000000;2.000000;-50.411613;-446.277924;1932.927368;0.322625;0.000000;0.000000;0.000000;0.000000;2.000000;-80.435982;-639.344666;1860.715088;0.388336;0.000000;0.000000;0.000000;0.000000;2.000000;-58.979103;-600.261047;1845.758057;0.364236;0.000000;0.000000;0.000000;0.000000;2.000000;-4.612946;-528.482910;1742.295532;0.430009;0.000000;0.000000;0.000000;0.000000;2.000000;-13.158958;-263.610413;1750.606201;1.080311;0.000000;0.000000;0.000000;0.000000;2.000000;-192.046173;-173.024994;1654.089966;1.451723;0.000000;0.000000;0.000000;0.000000;2.000000;-232.729614;-128.574982;1584.054932;2.785902;0.000000;0.000000;0.000000;0.000000;2.000000;-263.964508;-89.316696;1674.782837;1.994205;0.000000;0.000000;0.000000;0.000000;2.000000;-226.166351;-110.884224;1555.698242;2.624877;0.000000;0.000000;0.000000;0.000000;2.000000;-90.181709;-615.184143;1900.281616;0.364740;0.000000;0.000000;0.000000;0.000000;2.000000;-137.598572;-637.556946;2015.052612;0.522158;0.000000;0.000000;0.000000;0.000000;2.000000;-388.742096;-693.662292;2097.294922;4.927694;0.000000;0.000000;0.000000;0.000000;2.000000;-297.249969;-718.222229;1892.821289;4.273854;0.000000;0.000000;0.000000;0.000000;2.000000;-258.956482;-700.972168;1802.644287;2.261467;0.000000;0.000000;0.000000;0.000000;2.000000;-228.629639;-706.645630;1705.522095;2.038619;0.000000;0.000000;0.000000;0.000000;2.000000;-240.643097;-651.708191;1802.580322;1.295060;0.000000;0.000000;0.000000;0.000000;2.000000;44.686459;-140.707001;1925.364136;0.085963;0.000000;0.000000;0.000000;0.000000;2.000000;22.656929;242.133972;1903.320923;0.597748;0.000000;0.000000;0.000000;0.000000;2.000000;16.616478;609.171570;1902.589600;1.069485;0.000000;0.000000;0.000000;0.000000;2.000000;-110.018547;716.545532;1833.721802;1.868380;0.000000;0.000000;0.000000;0.000000;2.000000;-40.295753;-158.379913;2067.302490;0.077519;0.000000;0.000000;0.000000;0.000000;2.000000;-78.614922;217.491211;2134.186523;0.764456;0.000000;0.000000;0.000000;0.000000;2.000000;5.918732;551.755005;2271.027344;4.638556;0.000000;0.000000;0.000000;0.000000;1.000000;-96.205879;679.115723;2244.594482;5.530231;0.000000;0.000000;0.000000;0.000000;1.000000;-102.679543;-707.280396;1828.579224;0.450609;0.000000;0.000000;0.000000;0.000000;2.000000;-224.760529;-654.501282;1750.600586;1.016066;0.000000;0.000000;0.000000;0.000000;2.000000;-193.986237;-691.053345;1726.086670;0.795362;0.000000;0.000000;0.000000;0.000000;2.000000;-77.126488;-724.116699;1732.811401;0.644001;0.000000;0.000000;0.000000;0.000000;2.000000;-226.227234;-702.612366;1762.738647;0.814895;0.000000;0.000000;0.000000;0.000000;2.000000;-172.796906;-777.756531;1848.187866;0.754175;0.000000;0.000000;0.000000;0.000000;2.000000;19386900480.000000
0.000000;-150.000000;2000.000000;0.000000;0.000000;0.000000;0.000000;0.000000;2.000000;-29.931839;-312.667175;1958.383301;0.093012;0.000000;0.000000;0.000000;0.000000;2.000000;-49.412956;-444.044861;1927.537231;0.180641;0.000000;0.000000;0.000000;0.000000;2.000000;-81.143791;-636.432800;1856.425293;0.159693;0.000000;0.000000;0.000000;0.000000;2.000000;-59.872826;-597.591614;1841.110474;0.165822;0.000000;0.000000;0.000000;0.000000;2.000000;-4.113029;-524.513733;1739.984009;0.141001;0.000000;0.000000;0.000000;0.000000;2.000000;-14.385689;-261.685028;1764.608398;0.432956;0.000000;0.000000;0.000000;0.000000;2.000000;-200.009460;-190.183456;1666.656006;0.693046;0.000000;0.000000;0.000000;0.000000;2.000000;-219.188507;-192.909790;1576.662598;2.019004;0.000000;0.000000;0.000000;0.000000;2.000000;-252.858246;-156.200897;1667.157837;2.082137;0.000000;0.000000;0.000000;0.000000;2.000000;-215.172150;-192.406158;1543.543701;2.537630;0.000000;0.000000;0.000000;0.000000;2.000000;-90.136360;-612.256958;1895.955688;0.159406;0.000000;0.000000;0.000000;0.000000;2.000000;-136.573242;-634.916504;2010.569214;0.161841;0.000000;0.000000;0.000000;0.000000;2.000000;-377.465088;-732.176880;2081.053711;1.321211;0.000000;0.000000;0.000000;0.000000;2.000000;-266.553467;-733.498779;1885.828491;1.067918;0.000000;0.000000;0.000000;0.000000;2.000000;-245.661530;-712.442322;1791.253784;0.638732;0.000000;0.000000;0.000000;0.000000;2.000000;-222.661591;-712.343018;1692.357544;0.474137;0.000000;0.000000;0.000000;0.000000;2.000000;-235.915375;-653.226318;1787.739502;0.477584;0.000000;0.000000;0.000000;0.000000;2.000000;43.900951;-139.017670;1925.498413;0.057002;0.000000;0.000000;0.000000;0.000000;2.000000;22.018867;242.545639;1905.465454;0.069427;0.000000;0.000000;0.000000;0.000000;2.000000;18.380806;608.279297;1907.485718;0.161140;0.000000;0.000000;0.000000;0.000000;2.000000;-106.870201;720.170044;1845.298706;0.382474;0.000000;0.000000;0.000000;0.000000;2.000000;-39.587418;-159.903259;2067.181152;0.051402;0.000000;0.000000;0.000000;0.000000;2.000000;-69.462502;216.266983;2128.492188;0.331071;0.000000;0.000000;0.000000;0.000000;2.000000;-88.959373;579.572144;2193.584717;3.832722;0.000000;0.000000;0.000000;0.000000;2.000000;-224.229523;663.551392;2151.153320;4.860211;0.000000;0.000000;0.000000;0.000000;1.000000;-104.051613;-704.101013;1824.888916;0.154436;0.000000;0.000000;0.000000;0.000000;2.000000;-215.511780;-642.776794;1738.784180;0.581142;0.000000;0.000000;0.000000;0.000000;2.000000;-189.762573;-685.194641;1718.762085;0.313921;0.000000;0.000000;0.000000;0.000000;2.000000;-79.251884;-733.077148;1732.260010;0.281542;0.000000;0.000000;0.000000;0.000000;2.000000;-223.921539;-688.711853;1755.080811;0.489408;0.000000;0.000000;0.000000;0.000000;2.000000;-183.448151;-761.898071;1848.324219;0.583004;0.000000;0.000000;0.000000;0.000000;2.000000;19386933248.000000
0.000000;-150.000000;2000.000000;0.000000;0.000000;0.000000;0.000000;0.000000;2.000000;-33.656532;-309.321472;1960.243408;0.162997;0.000000;0.000000;0.000000;0.000000;2.000000;-53.006332;-439.107422;1933.069580;0.251465;0.000000;0.000000;0.000000;0.000000;2.000000;-97.631760;-626.390564;1865.677368;0.653319;0.000000;0.000000;0.000000;0.000000;2.000000;-74.231049;-589.937683;1850.045166;0.566485;0.000000;0.000000;0.000000;0.000000;2.000000;-11.754395;-533.518616;1745.389038;0.396368;0.000000;0.000000;0.000000;0.000000;2.000000;-45.133408;-278.190826;1778.627441;1.147720;0.000000;0.000000;0.000000;0.000000;2.000000;-242.370712;-289.696930;1686.691772;3.356772;0.000000;0.000000;0.000000;0.000000;2.000000;-235.493637;-280.484253;1596.953369;2.788121;0.000000;0.000000;0.000000;0.000000;2.000000;-304.807312;-231.200134;1652.392212;2.820461;0.000000;0.000000;0.000000;0.000000;2.000000;-210.772720;-255.488281;1580.309204;2.232254;0.000000;0.000000;0.000000;0.000000;2.000000;-104.561676;-601.616028;1904.280640;0.603156;0.000000;0.000000;0.000000;0.000000;2.000000;-148.684204;-615.746277;2018.826294;0.736450;0.000000;0.000000;0.000000;0.000000;2.000000;-405.379578;-646.448730;1962.693481;4.540630;0.000000;0.000000;0.000000;0.000000;2.000000;-256.762146;-689.259705;1805.286133;2.820200;0.000000;0.000000;0.000000;0.000000;2.000000;-246.135666;-724.775146;1715.202881;2.351253;0.000000;0.000000;0.000000;0.000000;2.000000;-251.713333;-782.045898;1633.674316;2.918575;0.000000;0.000000;0.000000;0.000000;2.000000;-244.262375;-694.203613;1693.233643;3.153836;0.000000;0.000000;0.000000;0.000000;2.000000;46.285759;-141.902588;1928.366455;0.143905;0.000000;0.000000;0.000000;0.000000;2.000000;23.116062;233.261322;1914.512573;0.397025;0.000000;0.000000;0.000000;0.000000;2.000000;19.420834;592.630676;1922.073730;0.653654;0.000000;0.000000;0.000000;0.000000;2.000000;-101.418289;703.080688;1857.423340;0.660743;0.000000;0.000000;0.000000;0.000000;2.000000;-41.737900;-157.301788;2064.595215;0.129760;0.000000;0.000000;0.000000;0.000000;2.000000;-80.209427;208.910675;2139.299316;0.516465;0.000000;0.000000;0.000000;0.000000;2.000000;-84.465164;560.660889;2229.874023;1.256327;0.000000;0.000000;0.000000;0.000000;2.000000;-210.713455;652.818298;2187.522705;1.228542;0.000000;0.000000;0.000000;0.000000;1.000000;-124.885254;-691.540039;1835.624756;0.811490;0.000000;0.000000;0.000000;0.000000;2.000000;-221.867447;-642.091248;1731.017090;0.306989;0.000000;0.000000;0.000000;0.000000;2.000000;-199.268509;-688.820374;1722.577148;0.331595;0.000000;0.000000;0.000000;0.000000;2.000000;-96.832397;-740.323547;1754.842163;0.900935;0.000000;0.000000;0.000000;0.000000;2.000000;-235.495834;-682.079590;1755.061157;0.407100;0.000000;0.000000;0.000000;0.000000;2.000000;-209.392746;-736.000244;1862.601563;1.200572;0.000000;0.000000;0.000000;0.000000;2.000000;19386966016.000000
0.000000;-150.000000;2000.000000;0.000000;0.000000;0.000000;0.000000;0.000000;2.000000;-33.648781;-310.294678;1959.626709;0.033093;0.000000;0.000000;0.000000;0.000000;2.000000;-55.223282;-440.233459;1930.683228;0.098988;0.000000;0.000000;0.000000;0.000000;2.000000;-109.788239;-625.478333;1861.054443;0.374477;0.000000;0.000000;0.000000;0.000000;2.000000;-83.143738;-590.524048;1846.350342;0.277631;0.000000;0.000000;0.000000;0.000000;2.000000;-17.719360;-534.532593;1742.162842;0.196947;0.000000;0.000000;0.000000;0.000000;2.000000;-63.026474;-279.877808;1779.217773;0.516490;0.000000;0.000000;0.000000;0.000000;2.000000;-246.350266;-338.958984;1674.349854;1.463128;0.000000;0.000000;0.000000;0.000000;2.000000;-233.983383;-357.635620;1586.098755;2.238219;0.000000;0.000000;0.000000;0.000000;2.000000;-327.728394;-317.101074;1588.860474;3.138591;0.000000;0.000000;0.000000;0.000000;2.000000;-217.510452;-326.812683;1562.727295;2.118791;0.000000;0.000000;0.000000;0.000000;2.000000;-116.747849;-599.996338;1899.548828;0.378348;0.000000;0.000000;0.000000;0.000000;2.000000;-196.774124;-587.531067;1993.905396;1.754136;0.000000;0.000000;0.000000;0.000000;2.000000;-413.876526;-434.551697;1975.290894;6.101826;0.000000;0.000000;0.000000;0.000000;1.000000;-378.446106;-552.268066;1790.335693;5.280336;0.000000;0.000000;0.000000;0.000000;1.000000;-343.547913;-631.403687;1744.178467;3.964003;0.000000;0.000000;0.000000;0.000000;1.000000;-296.913757;-702.168335;1690.297485;3.097456;0.000000;0.000000;0.000000;0.000000;1.000000;-285.625366;-631.148193;1748.432739;2.684252;0.000000;0.000000;0.000000;0.000000;1.000000;47.466793;-141.949890;1928.477783;0.034100;0.000000;0.000000;0.000000;0.000000;2.000000;23.493382;235.584641;1914.979492;0.068923;0.000000;0.000000;0.000000;0.000000;2.000000;19.241058;597.220642;1923.578369;0.138834;0.000000;0.000000;0.000000;0.000000;2.000000;-97.914902;710.544434;1854.223755;0.254025;0.000000;0.000000;0.000000;0.000000;2.000000;-42.802902;-157.259155;2064.494629;0.030750;0.000000;0.000000;0.000000;0.000000;2.000000;-75.791977;213.926743;2128.632813;0.361548;0.000000;0.000000;0.000000;0.000000;2.000000;-77.187759;570.966675;2207.125244;0.747157;0.000000;0.000000;0.000000;0.000000;2.000000;-202.521378;664.919800;2162.119629;0.841755;0.000000;0.000000;0.000000;0.000000;1.000000;-140.245453;-689.143616;1829.670898;0.478146;0.000000;0.000000;0.000000;0.000000;2.000000;-203.427231;-620.708130;1709.628662;1.017416;0.000000;0.000000;0.000000;0.000000;2.000000;-193.970993;-672.624146;1705.592651;0.691044;0.000000;0.000000;0.000000;0.000000;2.000000;-115.636993;-748.967896;1754.622437;0.594482;0.000000;0.000000;0.000000;0.000000;2.000000;-231.340561;-654.024719;1732.079590;1.048465;0.000000;0.000000;0.000000;0.000000;2.000000;-237.483261;-706.800293;1843.994141;1.280631;0.000000;0.000000;0.000000;0.000000;1.000000;19387000832.000000
0.000000;-150.000000;2000.000000;0.000000;0.000000;0.000000;0.000000;0.000000;2.000000;-33.494469;-314.884827;1959.824219;0.140289;0.000000;0.000000;0.000000;0.000000;2.000000;-53.691429;-448.813110;1931.900513;0.268553;0.000000;0.000000;0.000000;0.000000;2.000000;-103.780342;-642.212830;1865.565674;0.559804;0.000000;0.000000;0.000000;0.000000;2.000000;-77.094597;-606.178650;1849.816528;0.522976;0.000000;0.000000;0.000000;0.000000;2.000000;-12.281219;-551.890442;1739.980591;0.559089;0.000000;0.000000;0.000000;0.000000;2.000000;-81.166542;-293.030609;1746.251343;1.216440;0.000000;0.000000;0.000000;0.000000;2.000000;-251.599426;-402.926544;1649.043823;2.105447;0.000000;0.000000;0.000000;0.000000;2.000000;-235.506134;-435.982513;1563.221436;2.491238;0.000000;0.000000;0.000000;0.000000;2.000000;-329.156067;-402.556122;1596.222412;2.617903;0.000000;0.000000;0.000000;0.000000;1.000000;-234.456482;-385.178772;1536.899414;2.015280;0.000000;0.000000;0.000000;0.000000;2.000000;-112.212868;-615.068115;1904.087891;0.499900;0.000000;0.000000;0.000000;0.000000;1.000000;-194.295349;-596.160095;1999.819214;0.328086;0.000000;0.000000;0.000000;0.000000;1.000000;-392.014465;-407.907654;2001.623047;1.323646;0.000000;0.000000;0.000000;0.000000;1.000000;-420.599976;-504.864410;1797.553101;1.948386;0.000000;0.000000;0.000000;0.000000;1.000000;-393.243530;-586.009705;1744.892822;2.054170;0.000000;0.000000;0.000000;0.000000;1.000000;-342.498932;-650.424500;1682.595581;2.117566;0.000000;0.000000;0.000000;0.000000;1.000000;-318.435547;-593.957458;1767.914063;1.626097;0.000000;0.000000;0.000000;0.000000;1.000000;49.110836;-142.165680;1926.903442;0.069778;0.000000;0.000000;0.000000;0.000000;2.000000;25.054173;244.855499;1909.337769;0.334601;0.000000;0.000000;0.000000;0.000000;2.000000;22.938721;615.735107;1917.090454;0.609245;0.000000;0.000000;0.000000;0.000000;2.000000;-87.801537;733.061462;1833.628906;0.981056;0.000000;0.000000;0.000000;0.000000;2.000000;-44.285400;-157.064545;2065.914307;0.062922;0.000000;0.000000;0.000000;0.000000;2.000000;-89.697182;224.411774;2118.469727;0.615350;0.000000;0.000000;0.000000;0.000000;2.000000;-125.066795;593.388611;2174.433594;1.896978;0.000000;0.000000;0.000000;0.000000;2.000000;-223.908112;702.442932;2095.266113;2.428933;0.000000;0.000000;0.000000;0.000000;2.000000;-132.863953;-709.215210;1834.937866;0.672147;0.000000;0.000000;0.000000;0.000000;2.000000;-180.644745;-628.614014;1710.457031;0.736373;0.000000;0.000000;0.000000;0.000000;2.000000;-180.391144;-682.723938;1706.290283;0.516915;0.000000;0.000000;0.000000;0.000000;1.000000;-116.649376;-774.008484;1758.377197;0.773339;0.000000;0.000000;0.000000;0.000000;1.000000;-215.508301;-657.194336;1732.461792;0.492888;0.000000;0.000000;0.000000;0.000000;1.000000;-234.588501;-709.418091;1846.686768;0.144702;0.000000;0.000000;0.000000;0.000000;1.000000;19387033600.000000
0.000000;-150.000000;2000.000000;0.000000;0.000000;0.000000;0.000000;0.000000;2.000000;-26.806297;-319.725098;1960.640381;0.253178;0.000000;0.000000;0.000000;0.000000;2.000000;-43.375359;-457.048553;1933.657715;0.406390;0.000000;0.000000;0.000000;0.000000;2.000000;-106.264786;-644.771179;1851.056763;0.455956;0.000000;0.000000;0.000000;0.000000;2.000000;-72.634384;-611.420593;1840.944214;0.342681;0.000000;0.000000;0.000000;0.000000;2.000000;-5.328857;-546.082336;1735.341064;0.310612;0.000000;0.000000;0.000000;0.000000;2.000000;-92.878677;-287.721100;1747.174438;0.393449;0.000000;0.000000;0.000000;0.000000;2.000000;-224.099335;-446.948792;1647.437378;1.584798;0.000000;0.000000;0.000000;0.000000;2.000000;-228.446289;-481.947296;1559.069824;1.424827;0.000000;0.000000;0.000000;0.000000;2.000000;-316.149292;-518.158813;1608.018799;3.568380;0.000000;0.000000;0.000000;0.000000;2.000000;-229.673676;-466.766754;1526.078857;2.515907;0.000000;0.000000;0.000000;0.000000;2.000000;-117.643387;-617.061584;1889.563965;0.477099;0.000000;0.000000;0.000000;0.000000;1.000000;-211.429504;-575.119019;1969.126221;1.250240;0.000000;0.000000;0.000000;0.000000;1.000000;-358.257813;-338.858124;1964.083008;2.610387;0.000000;0.000000;0.000000;0.000000;1.000000;-410.913177;-435.822266;1759.918213;2.417839;0.000000;0.000000;0.000000;0.000000;1.000000;-401.583527;-532.679993;1727.879761;1.727160;0.000000;0.000000;0.000000;0.000000;1.000000;-349.915436;-621.750366;1707.626709;1.183424;0.000000;0.000000;0.000000;0.000000;1.000000;-331.482941;-549.369385;1785.508667;1.516051;0.000000;0.000000;0.000000;0.000000;1.000000;61.937786;-144.660156;1934.790283;0.465786;0.000000;0.000000;0.000000;0.000000;2.000000;34.805092;249.476868;1915.036987;0.372413;0.000000;0.000000;0.000000;0.000000;2.000000;21.278168;627.268799;1916.400513;0.356232;0.000000;0.000000;0.000000;0.000000;2.000000;-44.981239;680.141296;1751.844971;3.247325;0.000000;0.000000;0.000000;0.000000;2.000000;-55.852020;-154.815155;2058.802490;0.420018;0.000000;0.000000;0.000000;0.000000;2.000000;-78.186768;231.569458;2138.438232;0.736520;0.000000;0.000000;0.000000;0.000000;2.000000;-71.638290;602.765381;2228.464844;2.336520;0.000000;0.000000;0.000000;0.000000;2.000000;-187.433594;689.594910;2138.705811;1.774872;0.000000;0.000000;0.000000;0.000000;2.000000;-138.516510;-708.151306;1812.880615;0.695644;0.000000;0.000000;0.000000;0.000000;2.000000;-235.342010;-611.444031;1732.371948;1.873009;0.000000;0.000000;0.000000;0.000000;2.000000;-211.914185;-652.854187;1704.176392;1.326856;0.000000;0.000000;0.000000;0.000000;2.000000;-106.367126;-719.416809;1715.108643;2.148867;0.000000;0.000000;0.000000;0.000000;2.000000;-251.238922;-659.814453;1736.947266;1.101875;0.000000;0.000000;0.000000;0.000000;1.000000;-229.074707;-759.909729;1816.000610;1.810968;0.000000;0.000000;0.000000;0.000000;1.000000;19387066368.000000
0.000000;-150.000000;2000.000000;0.000000;0.000000;0.000000;0.000000;0.000000;2.000000;-29.821701;-319.717041;1958.697388;0.109472;0.000000;0.000000;0.000000;0.000000;2.000000;-46.059929;-458.278595;1934.102539;0.091134;0.000000;0.000000;0.000000;0.000000;2.000000;-112.828354;-638.961182;1837.177368;0.500966;0.000000;0.000000;0.000000;0.000000;2.000000;-76.348434;-607.227417;1831.499878;0.335100;0.000000;0.000000;0.000000;0.000000;2.000000;-1.148331;-541.768921;1730.406982;0.237229;0.000000;0.000000;0.000000;0.000000;2.000000;-116.855591;-293.258789;1744.162109;0.756585;0.000000;0.000000;0.000000;0.000000;2.000000;-208.816040;-467.636566;1624.980103;1.042028;0.000000;0.000000;0.000000;0.000000;2.000000;-245.398224;-510.660645;1547.792847;1.074199;0.000000;0.000000;0.000000;0.000000;2.000000;-283.058228;-594.158142;1603.722290;2.533028;0.000000;0.000000;0.000000;0.000000;2.000000;-263.840393;-508.573212;1518.474976;1.663968;0.000000;0.000000;0.000000;0.000000;2.000000;-125.928986;-612.102783;1876.061279;0.506595;0.000000;0.000000;0.000000;0.000000;1.000000;-225.101624;-567.856201;1948.646851;0.783464;0.000000;0.000000;0.000000;0.000000;1.000000;-350.305206;-319.108398;1922.943237;1.413651;0.000000;0.000000;0.000000;0.000000;1.000000;-394.000916;-399.600830;1708.391479;1.990210;0.000000;0.000000;0.000000;0.000000;1.000000;-399.067627;-502.120026;1700.100220;1.262685;0.000000;0.000000;0.000000;0.000000;1.000000;-365.775360;-600.980164;1715.806885;0.835677;0.000000;0.000000;0.000000;0.000000;1.000000;-354.797089;-514.961243;1781.039551;1.275709;0.000000;0.000000;0.000000;0.000000;1.000000;67.667480;-147.256958;1939.870605;0.246763;0.000000;0.000000;0.000000;0.000000;2.000000;34.372005;248.654175;1924.015381;0.275464;0.000000;0.000000;0.000000;0.000000;2.000000;16.917255;628.075623;1935.842285;0.608557;0.000000;0.000000;0.000000;0.000000;2.000000;-43.563416;721.326721;1786.615234;1.645467;0.000000;0.000000;0.000000;0.000000;2.000000;-61.018753;-152.473511;2054.221191;0.222521;0.000000;0.000000;0.000000;0.000000;2.000000;-84.294144;233.225006;2146.201660;0.305651;0.000000;0.000000;0.000000;0.000000;2.000000;-82.170761;602.708130;2250.781982;0.753105;0.000000;0.000000;0.000000;0.000000;2.000000;-161.831360;724.081421;2160.060059;1.463825;0.000000;0.000000;0.000000;0.000000;2.000000;-145.485825;-698.831970;1793.226196;0.697056;0.000000;0.000000;0.000000;0.000000;2.000000;-191.465271;-578.970764;1698.401367;1.962088;0.000000;0.000000;0.000000;0.000000;2.000000;-186.906982;-629.299438;1675.231079;1.370921;0.000000;0.000000;0.000000;0.000000;2.000000;-118.810501;-732.628601;1698.473389;0.751328;0.000000;0.000000;0.000000;0.000000;2.000000;-226.421173;-615.837708;1706.119873;1.805497;0.000000;0.000000;0.000000;0.000000;1.000000;-249.978851;-707.829041;1795.100220;1.827544;0.000000;0.000000;0.000000;0.000000;1.000000;19387099136.000000
0.000000;-150.000000;2000.000000;0.000000;0.000000;0.000000;0.000000;0.000000;2.000000;-27.273445;-321.778442;1954.383301;0.155617;0.000000;0.000000;0.000000;0.000000;2.000000;-41.483681;-462.119141;1926.687988;0.273493;0.000000;0.000000;0.000000;0.000000;2.000000;-114.103516;-643.593018;1828.328369;0.289206;0.000000;0.000000;0.000000;0.000000;2.000000;-75.842957;-612.795471;1823.023438;0.291655;0.000000;0.000000;0.000000;0.000000;2.000000;-3.590729;-545.592468;1718.036255;0.378461;0.000000;0.000000;0.000000;0.000000;2.000000;-126.857941;-296.508575;1736.383911;0.375714;0.000000;0.000000;0.000000;0.000000;2.000000;-200.655136;-484.185181;1618.156372;0.565051;0.000000;0.000000;0.000000;0.000000;2.000000;-226.724350;-553.041016;1554.923462;1.345870;0.000000;0.000000;0.000000;0.000000;2.000000;-251.254227;-645.167542;1607.569458;1.730095;0.000000;0.000000;0.000000;0.000000;2.000000;-232.383591;-582.482056;1530.326172;2.332094;0.000000;0.000000;0.000000;0.000000;2.000000;-127.095154;-615.592468;1867.362305;0.271286;0.000000;0.000000;0.000000;0.000000;1.000000;-229.118423;-563.919495;1934.369751;0.440745;0.000000;0.000000;0.000000;0.000000;1.000000;-330.509460;-300.034698;1909.432373;0.879779;0.000000;0.000000;0.000000;0.000000;1.000000;-366.797485;-383.082123;1690.743408;1.045255;0.000000;0.000000;0.000000;0.000000;1.000000;-390.044128;-484.796875;1684.950439;0.709991;0.000000;0.000000;0.000000;0.000000;1.000000;-370.861328;-586.227417;1713.289429;0.454004;0.000000;0.000000;0.000000;0.000000;1.000000;-359.695435;-500.600677;1775.203247;0.466933;0.000000;0.000000;0.000000;0.000000;1.000000;70.171715;-145.428925;1940.832275;0.093238;0.000000;0.000000;0.000000;0.000000;2.000000;32.796463;256.041748;1925.657471;0.222028;0.000000;0.000000;0.000000;0.000000;2.000000;4.573021;640.618530;1924.177368;0.606428;0.000000;0.000000;0.000000;0.000000;2.000000;-92.872070;706.320435;1776.395752;1.509218;0.000000;0.000000;0.000000;0.000000;2.000000;-63.276932;-154.121948;2053.354004;0.084077;0.000000;0.000000;0.000000;0.000000;2.000000;-89.786880;235.701782;2152.300293;0.246240;0.000000;0.000000;0.000000;0.000000;2.000000;-86.473633;609.208374;2263.317627;0.423994;0.000000;0.000000;0.000000;0.000000;2.000000;-190.688614;723.965210;2184.901367;1.093659;0.000000;0.000000;0.000000;0.000000;2.000000;-148.633728;-703.424805;1783.537476;0.320966;0.000000;0.000000;0.000000;0.000000;2.000000;-187.647232;-616.258423;1652.733032;1.696945;0.000000;0.000000;0.000000;0.000000;2.000000;-178.839340;-671.463318;1645.161011;1.505419;0.000000;0.000000;0.000000;0.000000;2.000000;-109.760468;-761.286987;1704.197998;0.878727;0.000000;0.000000;0.000000;0.000000;2.000000;-222.641006;-652.123047;1667.166260;1.532900;0.000000;0.000000;0.000000;0.000000;1.000000;-253.871506;-718.099670;1777.212036;0.602915;0.000000;0.000000;0.000000;0.000000;1.000000;19387133952.000000
0.000000;-150.000000;2000.000000;0.000000;0.000000;0.000000;0.000000;0.000000;2.000000;-27.001991;-322.988464;1954.086304;0.038915;0.000000;0.000000;0.000000;0.000000;2.000000;-40.400421;-464.512695;1927.059814;0.080977;0.000000;0.000000;0.000000;0.000000;2.000000;-110.101349;-646.643921;1824.652832;0.190178;0.000000;0.000000;0.000000;0.000000;2.000000;-72.311157;-614.695374;1819.741455;0.158147;0.000000;0.000000;0.000000;0.000000;2.000000;-4.845917;-541.899231;1713.987183;0.171580;0.000000;0.000000;0.000000;0.000000;2.000000;-135.758301;-294.910950;1735.521484;0.277211;0.000000;0.000000;0.000000;0.000000;2.000000;-193.275665;-495.122009;1626.069702;0.469506;0.000000;0.000000;0.000000;0.000000;2.000000;-213.069061;-565.797974;1561.591553;0.605503;0.000000;0.000000;0.000000;0.000000;2.000000;-165.790222;-658.924683;1594.913330;2.669814;0.000000;0.000000;0.000000;0.000000;2.000000;-219.250763;-561.265564;1515.763062;0.881686;0.000000;0.000000;0.000000;0.000000;2.000000;-123.545471;-619.581909;1864.606079;0.183392;0.000000;0.000000;0.000000;0.000000;1.000000;-227.574829;-570.484253;1932.204956;0.216148;0.000000;0.000000;0.000000;0.000000;1.000000;-322.498718;-301.528625;1916.091309;0.321153;0.000000;0.000000;0.000000;0.000000;1.000000;-356.625366;-368.372681;1689.926758;0.546347;0.000000;0.000000;0.000000;0.000000;1.000000;-390.500458;-467.105957;1676.919922;0.593067;0.000000;0.000000;0.000000;0.000000;1.000000;-370.865997;-566.793152;1712.814941;0.593264;0.000000;0.000000;0.000000;0.000000;1.000000;-361.737213;-485.818481;1778.680420;0.467600;0.000000;0.000000;0.000000;0.000000;1.000000;71.275856;-145.518646;1941.197998;0.035601;0.000000;0.000000;0.000000;0.000000;2.000000;32.997982;258.725464;1931.677002;0.201226;0.000000;0.000000;0.000000;0.000000;2.000000;5.265762;645.801270;1940.459961;0.521898;0.000000;0.000000;0.000000;0.000000;2.000000;-75.885345;720.675415;1785.754517;0.736354;0.000000;0.000000;0.000000;0.000000;2.000000;-64.272568;-154.041031;2053.024414;0.032101;0.000000;0.000000;0.000000;0.000000;2.000000;-89.389587;237.932999;2154.708740;0.100924;0.000000;0.000000;0.000000;0.000000;2.000000;-83.424469;612.616882;2270.626953;0.263127;0.000000;0.000000;0.000000;0.000000;2.000000;-189.260559;730.010315;2195.810547;0.383105;0.000000;0.000000;0.000000;0.000000;2.000000;-143.815170;-706.667114;1778.510864;0.234406;0.000000;0.000000;0.000000;0.000000;2.000000;-148.274704;-635.333374;1631.984619;1.477677;0.000000;0.000000;0.000000;0.000000;2.000000;-142.997726;-691.863647;1633.107056;1.311224;0.000000;0.000000;0.000000;0.000000;2.000000;-94.883881;-777.500122;1716.136841;0.763985;0.000000;0.000000;0.000000;0.000000;1.000000;-188.722290;-666.893921;1643.084473;1.347133;0.000000;0.000000;0.000000;0.000000;1.000000;-247.255585;-715.613586;1752.035400;0.798030;0.000000;0.000000;0.000000;0.000000;1.000000;19387166720.000000
0.000000;-150.000000;2000.000000;0.000000;0.000000;0.000000;0.000000;0.000000;2.000000;-25.659538;-322.028381;1952.223267;0.075957;0.000000;0.000000;0.000000;0.000000;2.000000;-42.773857;-461.005402;1917.781860;0.311242;0.000000;0.000000;0.000000;0.000000;2.000000;-105.090714;-651.529236;1828.351563;0.241558;0.000000;0.000000;0.000000;0.000000;2.000000;-70.439484;-617.242065;1819.437866;0.096895;0.000000;0.000000;0.000000;0.000000;2.000000;-5.518921;-547.558167;1710.725830;0.200380;0.000000;0.000000;0.000000;0.000000;2.000000;-142.082596;-304.541901;1729.511353;0.396580;0.000000;0.000000;0.000000;0.000000;2.000000;-199.284592;-501.502991;1615.834717;0.411228;0.000000;0.000000;0.000000;0.000000;2.000000;-209.811234;-577.835083;1556.331421;0.413031;0.000000;0.000000;0.000000;0.000000;2.000000;-152.027573;-664.798584;1588.474976;0.497133;0.000000;0.000000;0.000000;0.000000;2.000000;-212.467117;-577.023193;1508.334229;0.570530;0.000000;0.000000;0.000000;0.000000;2.000000;-117.672638;-623.873535;1867.959839;0.244438;0.000000;0.000000;0.000000;0.000000;1.000000;-218.077347;-580.210205;1943.399536;0.537417;0.000000;0.000000;0.000000;0.000000;1.000000;-320.768188;-314.712189;1945.907104;0.996287;0.000000;0.000000;0.000000;0.000000;1.000000;-378.403748;-362.303894;1720.513550;1.160744;0.000000;0.000000;0.000000;0.000000;1.000000;-396.011719;-461.685486;1692.204346;0.522706;0.000000;0.000000;0.000000;0.000000;1.000000;-366.390686;-563.724976;1707.742798;0.226671;0.000000;0.000000;0.000000;0.000000;1.000000;-362.773682;-492.666199;1782.288818;0.238323;0.000000;0.000000;0.000000;0.000000;1.000000;69.385971;-143.586624;1939.642212;0.095168;0.000000;0.000000;0.000000;0.000000;2.000000;32.279816;259.413635;1933.472412;0.062638;0.000000;0.000000;0.000000;0.000000;2.000000;6.342644;645.168518;1945.659912;0.163204;0.000000;0.000000;0.000000;0.000000;2.000000;-69.804932;721.900513;1790.133667;0.231711;0.000000;0.000000;0.000000;0.000000;2.000000;-62.568375;-155.783218;2054.427246;0.085816;0.000000;0.000000;0.000000;0.000000;2.000000;-90.476990;235.873810;2150.851563;0.137500;0.000000;0.000000;0.000000;0.000000;2.000000;-80.361938;610.454834;2262.114746;0.283848;0.000000;0.000000;0.000000;0.000000;2.000000;-192.176743;727.064514;2196.789551;0.129979;0.000000;0.000000;0.000000;0.000000;2.000000;-137.149734;-715.663086;1787.365234;0.435617;0.000000;0.000000;0.000000;0.000000;2.000000;-146.772430;-642.890991;1642.432495;0.396179;0.000000;0.000000;0.000000;0.000000;1.000000;-142.403702;-699.311035;1642.731812;0.371829;0.000000;0.000000;0.000000;0.000000;1.000000;-92.318115;-786.327576;1722.401489;0.339491;0.000000;0.000000;0.000000;0.000000;1.000000;-187.074631;-673.810730;1654.917236;0.421288;0.000000;0.000000;0.000000;0.000000;1.000000;-241.415512;-722.624023;1765.423828;0.494444;0.000000;0.000000;0.000000;0.000000;1.000000;19387199488.000000
0.000000;-150.000000;2000.000000;0.000000;0.000000;0.000000;0.000000;0.000000;2.000000;-28.250343;-321.178162;1946.677002;0.177513;0.000000;0.000000;0.000000;0.000000;2.000000;-47.704765;-459.555542;1907.586426;0.327943;0.000000;0.000000;0.000000;0.000000;2.000000;-120.067123;-643.833618;1809.653564;0.722716;0.000000;0.000000;0.000000;0.000000;2.000000;-82.851089;-611.378174;1802.709839;0.621534;0.000000;0.000000;0.000000;0.000000;2.000000;-13.102821;-541.099182;1696.186768;0.506215;0.000000;0.000000;0.000000;0.000000;2.000000;-160.179916;-303.328613;1725.737671;0.532122;0.000000;0.000000;0.000000;0.000000;2.000000;-229.111115;-481.280792;1586.956543;1.326375;0.000000;0.000000;0.000000;0.000000;2.000000;-223.960052;-555.209717;1522.885864;1.228938;0.000000;0.000000;0.000000;0.000000;2.000000;-185.556152;-651.159180;1560.349487;1.316616;0.000000;0.000000;0.000000;0.000000;2.000000;-209.116364;-587.286377;1499.142090;0.407267;0.000000;0.000000;0.000000;0.000000;2.000000;-131.983994;-616.546753;1850.109131;0.690023;0.000000;0.000000;0.000000;0.000000;1.000000;-230.116669;-570.240479;1928.380859;0.622622;0.000000;0.000000;0.000000;0.000000;1.000000;-320.458252;-298.422607;1931.866943;0.617748;0.000000;0.000000;0.000000;0.000000;1.000000;-386.302673;-344.315643;1706.798950;0.688177;0.000000;0.000000;0.000000;0.000000;1.000000;-406.191162;-445.689972;1685.495239;0.577663;0.000000;0.000000;0.000000;0.000000;1.000000;-368.983917;-546.189087;1699.324829;0.563644;0.000000;0.000000;0.000000;0.000000;1.000000;-368.805817;-473.823517;1777.503174;0.584652;0.000000;0.000000;0.000000;0.000000;1.000000;70.745300;-143.107666;1940.393555;0.046683;0.000000;0.000000;0.000000;0.000000;2.000000;30.809147;262.181000;1935.117798;0.101665;0.000000;0.000000;0.000000;0.000000;2.000000;1.944908;650.150146;1947.531128;0.198285;0.000000;0.000000;0.000000;0.000000;2.000000;-76.436249;723.179932;1789.897827;0.194098;0.000000;0.000000;0.000000;0.000000;2.000000;-63.794159;-156.215134;2053.750000;0.042093;0.000000;0.000000;0.000000;0.000000;2.000000;-90.481155;238.085144;2150.392578;0.064869;0.000000;0.000000;0.000000;0.000000;2.000000;-86.891922;615.025146;2262.708984;0.229567;0.000000;0.000000;0.000000;0.000000;2.000000;-192.720917;727.328857;2179.418945;0.499228;0.000000;0.000000;0.000000;0.000000;2.000000;-155.260620;-704.793823;1765.474976;0.873714;0.000000;0.000000;0.000000;0.000000;2.000000;-181.200119;-604.054810;1639.363403;1.493272;0.000000;0.000000;0.000000;0.000000;2.000000;-187.165741;-659.849976;1629.672241;1.754507;0.000000;0.000000;0.000000;0.000000;2.000000;-138.089279;-767.511841;1680.999023;1.853252;0.000000;0.000000;0.000000;0.000000;1.000000;-223.263062;-630.976440;1655.990356;1.610898;0.000000;0.000000;0.000000;0.000000;1.000000;-261.978027;-692.513916;1767.713379;1.049323;0.000000;0.000000;0.000000;0.000000;1.000000;19387234304.000000
0.000000;-150.000000;2000.000000;0.000000;0.000000;0.000000;0.000000;0.000000;2.000000;-30.831566;-317.892212;1943.066284;0.168532;0.000000;0.000000;0.000000;0.000000;2.000000;-51.765121;-454.034424;1901.572144;0.278264;0.000000;0.000000;0.000000;0.000000;2.000000;-133.024628;-631.998779;1803.202637;0.570585;0.000000;0.000000;0.000000;0.000000;2.000000;-95.026909;-601.207520;1795.981689;0.525896;0.000000;0.000000;0.000000;0.000000;2.000000;-21.641624;-536.316711;1690.184326;0.350371;0.000000;0.000000;0.000000;0.000000;2.000000;-166.491028;-300.356842;1722.265503;0.237797;0.000000;0.000000;0.000000;0.000000;2.000000;-219.299835;-481.606323;1584.113159;0.311895;0.000000;0.000000;0.000000;0.000000;2.000000;-217.337219;-550.501099;1515.683960;0.331366;0.000000;0.000000;0.000000;0.000000;2.000000;-185.084900;-648.713501;1550.210327;0.318622;0.000000;0.000000;0.000000;0.000000;2.000000;-208.937439;-585.538818;1494.816895;0.142466;0.000000;0.000000;0.000000;0.000000;2.000000;-142.816498;-605.197876;1844.018066;0.513604;0.000000;0.000000;0.000000;0.000000;1.000000;-236.653687;-556.780762;1924.298218;0.473332;0.000000;0.000000;0.000000;0.000000;1.000000;-317.452240;-284.560852;1929.075928;0.441160;0.000000;0.000000;0.000000;0.000000;1.000000;-389.181824;-326.283417;1707.187256;0.557396;0.000000;0.000000;0.000000;0.000000;1.000000;-409.321259;-426.446686;1684.881592;0.595271;0.000000;0.000000;0.000000;0.000000;1.000000;-373.799530;-527.074707;1694.272705;0.620996;0.000000;0.000000;0.000000;0.000000;1.000000;-374.211243;-456.575623;1774.774780;0.557857;0.000000;0.000000;0.000000;0.000000;1.000000;69.124825;-142.289841;1939.829956;0.058003;0.000000;0.000000;0.000000;0.000000;2.000000;27.768101;259.362854;1936.903809;0.137768;0.000000;0.000000;0.000000;0.000000;2.000000;-2.003410;643.853149;1950.912964;0.249197;0.000000;0.000000;0.000000;0.000000;2.000000;-78.708031;720.460571;1796.150269;0.219321;0.000000;0.000000;0.000000;0.000000;2.000000;-62.332893;-156.952591;2054.257813;0.052300;0.000000;0.000000;0.000000;0.000000;2.000000;-91.163658;234.603668;2146.699951;0.156273;0.000000;0.000000;0.000000;0.000000;2.000000;-85.183617;608.416870;2257.573242;0.260677;0.000000;0.000000;0.000000;0.000000;2.000000;-191.139221;722.999756;2180.975098;0.148456;0.000000;0.000000;0.000000;0.000000;2.000000;-171.319977;-690.221069;1759.248535;0.688533;0.000000;0.000000;0.000000;0.000000;2.000000;-254.264252;-576.914429;1678.316284;2.659112;0.000000;0.000000;0.000000;0.000000;2.000000;-240.044647;-623.595459;1649.929077;2.051932;0.000000;0.000000;0.000000;0.000000;2.000000;-146.268799;-710.093140;1658.512695;1.898342;0.000000;0.000000;0.000000;0.000000;2.000000;-279.067841;-622.280640;1685.374878;1.942904;0.000000;0.000000;0.000000;0.000000;2.000000;-271.642365;-724.849365;1768.370728;1.030127;0.000000;0.000000;0.000000;0.000000;1.000000;19387267072.000000
0.000000;-150.000000;2000.000000;0.000000;0.000000;0.000000;0.000000;0.000000;2.000000;-30.396355;-311.829346;1936.382446;0.275710;0.000000;0.000000;0.000000;0.000000;2.000000;-55.861488;-440.496521;1884.312622;0.680991;0.000000;0.000000;0.000000;0.000000;2.000000;-136.790146;-616.408325;1791.307373;0.609389;0.000000;0.000000;0.000000;0.000000;2.000000;-98.966187;-586.952637;1783.979370;0.581258;0.000000;0.000000;0.000000;0.000000;2.000000;-25.029640;-534.983704;1675.173706;0.471370;0.000000;0.000000;0.000000;0.000000;2.000000;-167.386826;-305.743561;1719.264282;0.190158;0.000000;0.000000;0.000000;0.000000;2.000000;-225.240875;-471.916992;1571.942993;0.508181;0.000000;0.000000;0.000000;0.000000;2.000000;-221.066742;-536.347961;1501.880615;0.613967;0.000000;0.000000;0.000000;0.000000;2.000000;-184.430984;-630.255615;1537.512207;0.684005;0.000000;0.000000;0.000000;0.000000;2.000000;-210.184814;-575.400513;1485.358154;0.424851;0.000000;0.000000;0.000000;0.000000;2.000000;-146.577042;-588.917114;1830.487793;0.656144;0.000000;0.000000;0.000000;0.000000;2.000000;-239.145905;-544.232422;1910.274414;0.579303;0.000000;0.000000;0.000000;0.000000;2.000000;-263.767212;-267.647095;1932.866943;1.721616;0.000000;0.000000;0.000000;0.000000;1.000000;-370.140717;-305.303192;1729.709961;1.104553;0.000000;0.000000;0.000000;0.000000;1.000000;-391.777130;-402.243195;1704.052734;1.083756;0.000000;0.000000;0.000000;0.000000;1.000000;-379.847748;-505.564758;1689.021118;0.700468;0.000000;0.000000;0.000000;0.000000;1.000000;-378.261810;-440.113220;1769.674316;0.540284;0.000000;0.000000;0.000000;0.000000;1.000000;67.550423;-139.540833;1941.118774;0.104372;0.000000;0.000000;0.000000;0.000000;2.000000;26.409561;254.398895;1936.663940;0.157229;0.000000;0.000000;0.000000;0.000000;2.000000;-3.578400;631.504639;1950.692505;0.379959;0.000000;0.000000;0.000000;0.000000;2.000000;-81.717102;711.215332;1802.708740;0.357906;0.000000;0.000000;0.000000;0.000000;2.000000;-60.913185;-159.431503;2053.095703;0.094116;0.000000;0.000000;0.000000;0.000000;2.000000;-88.358734;226.057892;2137.996094;0.381964;0.000000;0.000000;0.000000;0.000000;2.000000;-80.942535;594.875977;2239.257813;0.707058;0.000000;0.000000;0.000000;0.000000;2.000000;-179.827255;711.895752;2164.340820;0.701213;0.000000;0.000000;0.000000;0.000000;2.000000;-174.585007;-674.099609;1749.166870;0.588761;0.000000;0.000000;0.000000;0.000000;2.000000;-238.495758;-574.169800;1643.299438;1.174969;0.000000;0.000000;0.000000;0.000000;2.000000;-220.900330;-623.147827;1624.362549;0.974822;0.000000;0.000000;0.000000;0.000000;2.000000;-133.617310;-706.110962;1659.465942;0.405811;0.000000;0.000000;0.000000;0.000000;2.000000;-264.610107;-617.440552;1651.437134;1.135411;0.000000;0.000000;0.000000;0.000000;2.000000;-273.761108;-706.746460;1744.960083;0.905433;0.000000;0.000000;0.000000;0.000000;1.000000;19387299840.000000
0.000000;-150.000000;2000.000000;0.000000;0.000000;0.000000;0.000000;0.000000;2.000000;-30.563438;-306.395325;1930.755371;0.238780;0.000000;0.000000;0.000000;0.000000;2.000000;-59.994789;-427.954102;1870.328857;0.586971;0.000000;0.000000;0.000000;0.000000;2.000000;-144.582397;-598.928711;1779.123413;0.692356;0.000000;0.000000;0.000000;0.000000;2.000000;-106.083725;-571.526672;1772.367310;0.627995;0.000000;0.000000;0.000000;0.000000;2.000000;-27.783623;-533.260803;1663.798706;0.361016;0.000000;0.000000;0.000000;0.000000;2.000000;-166.429535;-308.304626;1714.807861;0.159555;0.000000;0.000000;0.000000;0.000000;2.000000;-218.840561;-465.671448;1561.474121;0.420177;0.000000;0.000000;0.000000;0.000000;2.000000;-217.644272;-530.160583;1493.398926;0.336989;0.000000;0.000000;0.000000;0.000000;2.000000;-185.386871;-623.822998;1528.907959;0.329145;0.000000;0.000000;0.000000;0.000000;2.000000;-221.011337;-549.774902;1464.865723;1.054437;0.000000;0.000000;0.000000;0.000000;2.000000;-153.925873;-571.032715;1817.159668;0.716673;0.000000;0.000000;0.000000;0.000000;2.000000;-247.122940;-530.630249;1895.170654;0.666357;0.000000;0.000000;0.000000;0.000000;2.000000;-242.227615;-258.564362;1929.120361;0.722492;0.000000;0.000000;0.000000;0.000000;1.000000;-352.255981;-282.398834;1730.002197;0.886880;0.000000;0.000000;0.000000;0.000000;1.000000;-384.518005;-374.351807;1703.553589;0.879665;0.000000;0.000000;0.000000;0.000000;1.000000;-383.217712;-477.133484;1691.997559;0.878436;0.000000;0.000000;0.000000;0.000000;1.000000;-377.651794;-413.037659;1770.503662;0.826878;0.000000;0.000000;0.000000;0.000000;1.000000;66.700783;-137.660675;1942.689941;0.079143;0.000000;0.000000;0.000000;0.000000;2.000000;23.588287;249.818832;1939.474487;0.185219;0.000000;0.000000;0.000000;0.000000;2.000000;-9.634872;620.608521;1955.234985;0.404908;0.000000;0.000000;0.000000;0.000000;2.000000;-86.258911;703.354797;1811.815186;0.392413;0.000000;0.000000;0.000000;0.000000;2.000000;-60.147026;-161.126907;2051.678955;0.071365;0.000000;0.000000;0.000000;0.000000;2.000000;-81.113403;219.174759;2133.001953;0.340943;0.000000;0.000000;0.000000;0.000000;2.000000;-77.333603;582.760132;2230.802246;0.464143;0.000000;0.000000;0.000000;0.000000;2.000000;-164.194351;699.509583;2147.121826;0.804124;0.000000;0.000000;0.000000;0.000000;2.000000;-183.151596;-654.703552;1737.524292;0.738212;0.000000;0.000000;0.000000;0.000000;2.000000;-258.679932;-552.676025;1646.002441;0.903593;0.000000;0.000000;0.000000;0.000000;2.000000;-245.403336;-600.733276;1623.964355;1.013518;0.000000;0.000000;0.000000;0.000000;2.000000;-157.135666;-684.805725;1643.549438;1.083422;0.000000;0.000000;0.000000;0.000000;2.000000;-283.842285;-594.959595;1656.855591;0.917879;0.000000;0.000000;0.000000;0.000000;2.000000;-280.985718;-684.891052;1747.332397;0.706191;0.000000;0.000000;0.000000;0.000000;1.000000;19387332608.000000
0.000000;-150.000000;2000.000000;0.000000;0.000000;0.000000;0.000000;0.000000;2.000000;-32.179405;-305.687195;1929.592041;0.060700;0.000000;0.000000;0.000000;0.000000;2.000000;-64.407600;-425.402130;1866.733521;0.179169;0.000000;0.000000;0.000000;0.000000;2.000000;-149.628403;-591.124512;1766.519775;0.449778;0.000000;0.000000;0.000000;0.000000;2.000000;-110.434860;-564.211853;1761.885864;0.387806;0.000000;0.000000;0.000000;0.000000;2.000000;-27.904556;-521.605713;1658.042969;0.373374;0.000000;0.000000;0.000000;0.000000;2.000000;-166.064392;-296.578186;1711.026733;0.354044;0.000000;0.000000;0.000000;0.000000;2.000000;-218.021973;-446.140808;1549.699951;0.655442;0.000000;0.000000;0.000000;0.000000;2.000000;-216.231659;-514.659302;1485.598145;0.500082;0.000000;0.000000;0.000000;0.000000;2.000000;-182.657043;-608.295044;1520.165405;0.517802;0.000000;0.000000;0.000000;0.000000;2.000000;-230.465546;-557.312500;1487.620728;0.740118;0.000000;0.000000;0.000000;0.000000;2.000000;-159.510773;-564.542480;1805.394653;0.417938;0.000000;0.000000;0.000000;0.000000;1.000000;-257.912476;-525.227295;1877.495117;0.614707;0.000000;0.000000;0.000000;0.000000;1.000000;-240.395386;-254.866165;1921.097900;0.259129;0.000000;0.000000;0.000000;0.000000;1.000000;-336.737976;-258.186310;1713.483276;0.952585;0.000000;0.000000;0.000000;0.000000;1.000000;-383.783722;-344.236664;1689.147461;0.959087;0.000000;0.000000;0.000000;0.000000;1.000000;-380.834717;-447.685394;1687.106567;0.860135;0.000000;0.000000;0.000000;0.000000;1.000000;-370.122162;-385.457397;1765.867676;0.831889;0.000000;0.000000;0.000000;0.000000;1.000000;66.798470;-137.875366;1942.660034;0.006829;0.000000;0.000000;0.000000;0.000000;2.000000;24.642353;249.991455;1939.917480;0.033213;0.000000;0.000000;0.000000;0.000000;2.000000;-8.270355;621.115479;1954.685059;0.044694;0.000000;0.000000;0.000000;0.000000;2.000000;-92.003601;697.782410;1811.696899;0.229900;0.000000;0.000000;0.000000;0.000000;2.000000;-60.235115;-160.933319;2051.705811;0.006157;0.000000;0.000000;0.000000;0.000000;2.000000;-77.633667;220.086578;2131.824219;0.108717;0.000000;0.000000;0.000000;0.000000;2.000000;-71.425858;584.609131;2227.006836;0.208560;0.000000;0.000000;0.000000;0.000000;2.000000;-168.916840;699.335815;2152.501953;0.205677;0.000000;0.000000;0.000000;0.000000;2.000000;-188.079285;-644.509460;1721.692627;0.559050;0.000000;0.000000;0.000000;0.000000;2.000000;-280.155396;-537.427734;1654.011963;0.790706;0.000000;0.000000;0.000000;0.000000;2.000000;-261.050262;-577.446960;1622.245361;0.807317;0.000000;0.000000;0.000000;0.000000;2.000000;-161.264816;-650.291260;1623.323120;1.155128;0.000000;0.000000;0.000000;0.000000;2.000000;-298.824005;-584.234253;1655.763794;0.530142;0.000000;0.000000;0.000000;0.000000;2.000000;-280.442047;-689.793945;1725.220947;0.650707;0.000000;0.000000;0.000000;0.000000;1.000000;19387367424.000000
0.000000;-150.000000;2000.000000;0.000000;0.000000;0.000000;0.000000;0.000000;2.000000;-34.200184;-304.381561;1927.065063;0.106479;0.000000;0.000000;0.000000;0.000000;2.000000;-65.684494;-424.760193;1864.633423;0.077523;0.000000;0.000000;0.000000;0.000000;2.000000;-156.249466;-581.578796;1754.584717;0.508285;0.000000;0.000000;0.000000;0.000000;2.000000;-116.387848;-555.335632;1751.245239;0.460247;0.000000;0.000000;0.000000;0.000000;2.000000;-35.530910;-503.871735;1649.843872;0.640055;0.000000;0.000000;0.000000;0.000000;2.000000;-171.024094;-276.384308;1701.257813;0.701123;0.000000;0.000000;0.000000;0.000000;2.000000;-206.089706;-441.032410;1549.894043;0.396156;0.000000;0.000000;0.000000;0.000000;2.000000;-221.334518;-512.370728;1490.631104;0.229608;0.000000;0.000000;0.000000;0.000000;2.000000;-179.075546;-606.456360;1512.664063;0.259808;0.000000;0.000000;0.000000;0.000000;2.000000;-234.927078;-547.034546;1484.104004;0.358382;0.000000;0.000000;0.000000;0.000000;2.000000;-165.052094;-557.371094;1795.315918;0.413641;0.000000;0.000000;0.000000;0.000000;2.000000;-260.939178;-516.154419;1870.039795;0.370081;0.000000;0.000000;0.000000;0.000000;2.000000;-238.104599;-247.773651;1924.642578;0.251869;0.000000;0.000000;0.000000;0.000000;1.000000;-332.214417;-239.172913;1715.777344;0.600533;0.000000;0.000000;0.000000;0.000000;1.000000;-382.689880;-322.266449;1687.692017;0.672776;0.000000;0.000000;0.000000;0.000000;1.000000;-383.961548;-425.762970;1681.878418;0.694369;0.000000;0.000000;0.000000;0.000000;1.000000;-371.249023;-367.236053;1762.205688;0.568232;0.000000;0.000000;0.000000;0.000000;1.000000;66.604309;-137.499176;1942.307617;0.016810;0.000000;0.000000;0.000000;0.000000;2.000000;19.378250;250.370331;1938.694458;0.165331;0.000000;0.000000;0.000000;0.000000;2.000000;-16.730343;621.691650;1955.182373;0.259221;0.000000;0.000000;0.000000;0.000000;2.000000;-98.058075;701.653870;1812.257690;0.219979;0.000000;0.000000;0.000000;0.000000;2.000000;-60.060032;-161.272552;2052.023438;0.015155;0.000000;0.000000;0.000000;0.000000;2.000000;-81.733932;220.485992;2130.434570;0.132682;0.000000;0.000000;0.000000;0.000000;2.000000;-77.209229;585.931396;2224.422852;0.197477;0.000000;0.000000;0.000000;0.000000;2.000000;-173.458191;700.571289;2147.631348;0.206694;0.000000;0.000000;0.000000;0.000000;2.000000;-196.571640;-630.993713;1706.737305;0.667531;0.000000;0.000000;0.000000;0.000000;2.000000;-308.807587;-527.005188;1672.256836;1.084320;0.000000;0.000000;0.000000;0.000000;2.000000;-284.897644;-552.654602;1630.362915;1.078637;0.000000;0.000000;0.000000;0.000000;2.000000;-174.236450;-604.349792;1610.551025;1.508077;0.000000;0.000000;0.000000;0.000000;2.000000;-319.276550;-575.039856;1660.715210;0.700815;0.000000;0.000000;0.000000;0.000000;2.000000;-279.868683;-691.011047;1697.485718;0.847407;0.000000;0.000000;0.000000;0.000000;1.000000;19387400192.000000
0.000000;-150.000000;2000.000000;0.000000;0.000000;0.000000;0.000000;0.000000;2.000000;-37.118862;-301.631653;1925.181152;0.135210;0.000000;0.000000;0.000000;0.000000;2.000000;-68.603165;-421.457184;1863.506958;0.138838;0.000000;0.000000;0.000000;0.000000;2.000000;-160.246658;-561.386475;1735.442871;0.857820;0.000000;0.000000;0.000000;0.000000;2.000000;-119.620758;-536.666870;1736.143555;0.739405;0.000000;0.000000;0.000000;0.000000;2.000000;-39.520496;-476.114624;1640.445679;0.902567;0.000000;0.000000;0.000000;0.000000;2.000000;-172.960831;-251.687775;1701.494385;0.756027;0.000000;0.000000;0.000000;0.000000;2.000000;-206.422287;-410.266510;1545.344604;0.949165;0.000000;0.000000;0.000000;0.000000;2.000000;-205.921677;-501.805298;1526.619141;1.237495;0.000000;0.000000;0.000000;0.000000;2.000000;-166.679703;-598.877625;1521.124634;0.513091;0.000000;0.000000;0.000000;0.000000;2.000000;-220.952469;-521.859802;1481.722656;0.881704;0.000000;0.000000;0.000000;0.000000;2.000000;-169.549652;-541.370605;1777.965332;0.733239;0.000000;0.000000;0.000000;0.000000;2.000000;-266.958191;-504.279907;1851.584473;0.694455;0.000000;0.000000;0.000000;0.000000;2.000000;-246.778000;-243.264099;1929.753662;0.336645;0.000000;0.000000;0.000000;0.000000;1.000000;-326.082336;-225.292465;1716.850098;0.464249;0.000000;0.000000;0.000000;0.000000;1.000000;-379.553040;-303.991913;1684.162354;0.576012;0.000000;0.000000;0.000000;0.000000;1.000000;-384.404938;-406.754150;1678.037231;0.591983;0.000000;0.000000;0.000000;0.000000;1.000000;-370.527435;-352.309906;1760.150146;0.460336;0.000000;0.000000;0.000000;0.000000;1.000000;67.040909;-138.493774;1943.420898;0.047467;0.000000;0.000000;0.000000;0.000000;2.000000;16.451281;246.642731;1940.381470;0.153525;0.000000;0.000000;0.000000;0.000000;2.000000;-22.363049;615.456116;1957.493896;0.265963;0.000000;0.000000;0.000000;0.000000;2.000000;-108.404922;690.406555;1815.989746;0.480095;0.000000;0.000000;0.000000;0.000000;2.000000;-60.453739;-160.375671;2051.020020;0.042793;0.000000;0.000000;0.000000;0.000000;2.000000;-79.366684;219.210022;2129.320801;0.088829;0.000000;0.000000;0.000000;0.000000;2.000000;-73.945282;582.583618;2222.421875;0.155205;0.000000;0.000000;0.000000;0.000000;2.000000;-167.608322;690.722656;2135.790527;0.502773;0.000000;0.000000;0.000000;0.000000;2.000000;-200.364944;-603.648438;1681.711060;1.137150;0.000000;0.000000;0.000000;0.000000;2.000000;-321.071045;-506.230225;1665.862549;0.761643;0.000000;0.000000;0.000000;0.000000;2.000000;-299.016968;-525.942871;1620.312988;0.971721;0.000000;0.000000;0.000000;0.000000;2.000000;-187.690094;-566.905945;1587.756348;1.399370;0.000000;0.000000;0.000000;0.000000;2.000000;-329.095459;-553.374390;1650.587891;0.788964;0.000000;0.000000;0.000000;0.000000;2.000000;-279.403656;-668.265137;1672.808838;1.024292;0.000000;0.000000;0.000000;0.000000;2.000000;19387432960.000000
0.000000;-150.000000;2000.000000;0.000000;0.000000;0.000000;0.000000;0.000000;2.000000;-41.539150;-298.898407;1920.701904;0.209381;0.000000;0.000000;0.000000;0.000000;2.000000;-78.549698;-414.593414;1853.348877;0.481783;0.000000;0.000000;0.000000;0.000000;2.000000;-174.015244;-547.077026;1719.057007;0.785690;0.000000;0.000000;0.000000;0.000000;2.000000;-131.941040;-524.678345;1721.591064;0.687350;0.000000;0.000000;0.000000;0.000000;2.000000;-43.059727;-468.049988;1630.634277;0.402356;0.000000;0.000000;0.000000;0.000000;2.000000;-171.572144;-240.197632;1693.786621;0.424361;0.000000;0.000000;0.000000;0.000000;2.000000;-210.662506;-386.034180;1525.800537;0.958833;0.000000;0.000000;0.000000;0.000000;2.000000;-210.231689;-478.604462;1510.837036;0.866361;0.000000;0.000000;0.000000;0.000000;2.000000;-178.290253;-578.384155;1520.654053;0.718952;0.000000;0.000000;0.000000;0.000000;1.000000;-217.106293;-507.544952;1484.426025;0.459810;0.000000;0.000000;0.000000;0.000000;1.000000;-183.618637;-527.280396;1761.809692;0.782510;0.000000;0.000000;0.000000;0.000000;2.000000;-281.963440;-487.232330;1833.406250;0.887755;0.000000;0.000000;0.000000;0.000000;2.000000;-246.891266;-228.908142;1918.406128;0.558457;0.000000;0.000000;0.000000;0.000000;1.000000;-319.151947;-201.610107;1703.118774;0.861782;0.000000;0.000000;0.000000;0.000000;1.000000;-376.682648;-276.391449;1667.169800;0.993005;0.000000;0.000000;0.000000;0.000000;1.000000;-378.356659;-379.795685;1665.539795;0.925406;0.000000;0.000000;0.000000;0.000000;1.000000;-364.635193;-328.324554;1752.425293;0.789745;0.000000;0.000000;0.000000;0.000000;1.000000;67.972206;-139.093872;1943.915405;0.037025;0.000000;0.000000;0.000000;0.000000;2.000000;15.018248;247.118561;1938.900391;0.064547;0.000000;0.000000;0.000000;0.000000;2.000000;-25.776012;617.132996;1954.518677;0.147347;0.000000;0.000000;0.000000;0.000000;2.000000;-112.158401;690.422974;1811.516357;0.178208;0.000000;0.000000;0.000000;0.000000;2.000000;-61.293522;-159.834534;2050.574219;0.033386;0.000000;0.000000;0.000000;0.000000;2.000000;-74.203522;222.460846;2123.689209;0.253390;0.000000;0.000000;0.000000;0.000000;2.000000;-61.218456;588.210693;2212.081543;0.529072;0.000000;0.000000;0.000000;0.000000;2.000000;-167.180573;691.196716;2132.458496;0.103536;0.000000;0.000000;0.000000;0.000000;2.000000;-214.798157;-586.089539;1662.995972;0.898527;0.000000;0.000000;0.000000;0.000000;2.000000;-328.323212;-481.080383;1639.073242;1.142995;0.000000;0.000000;0.000000;0.000000;2.000000;-305.077820;-503.035950;1594.929688;1.059700;0.000000;0.000000;0.000000;0.000000;2.000000;-194.641129;-551.762390;1569.037476;0.764793;0.000000;0.000000;0.000000;0.000000;2.000000;-338.580627;-528.045776;1623.989136;1.157659;0.000000;0.000000;0.000000;0.000000;2.000000;-297.552460;-645.890198;1650.618774;1.109773;0.000000;0.000000;0.000000;0.000000;2.000000;19387465728.000000
0.000000;-150.000000;2000.000000;0.000000;0.000000;0.000000;0.000000;0.000000;2.000000;-42.267536;-298.919617;1920.582397;0.021209;0.000000;0.000000;0.000000;0.000000;2.000000;-80.488968;-414.026855;1852.493042;0.063021;0.000000;0.000000;0.000000;0.000000;2.000000;-166.496628;-543.170044;1708.436035;0.390244;0.000000;0.000000;0.000000;0.000000;2.000000;-125.198227;-519.687500;1713.717041;0.330463;0.000000;0.000000;0.000000;0.000000;2.000000;-35.432690;-457.183136;1627.284790;0.393276;0.000000;0.000000;0.000000;0.000000;2.000000;-172.055420;-234.907227;1694.776001;0.155210;0.000000;0.000000;0.000000;0.000000;2.000000;-208.445328;-371.463654;1518.169922;0.476691;0.000000;0.000000;0.000000;0.000000;2.000000;-205.242508;-462.078186;1493.731445;0.698026;0.000000;0.000000;0.000000;0.000000;2.000000;-167.115036;-560.227539;1497.888428;0.895855;0.000000;0.000000;0.000000;0.000000;1.000000;-212.203629;-495.143890;1487.755127;0.394769;0.000000;0.000000;0.000000;0.000000;1.000000;-178.438416;-525.575928;1751.637695;0.331504;0.000000;0.000000;0.000000;0.000000;2.000000;-292.319458;-499.197968;1804.399780;0.949057;0.000000;0.000000;0.000000;0.000000;2.000000;-300.966705;-236.947540;1885.340332;1.835121;0.000000;0.000000;0.000000;0.000000;2.000000;-319.409973;-335.791351;1679.537598;3.913081;0.000000;0.000000;0.000000;0.000000;2.000000;-377.012909;-418.293854;1669.600098;4.076390;0.000000;0.000000;0.000000;0.000000;2.000000;-403.515045;-508.864990;1712.296631;4.008609;0.000000;0.000000;0.000000;0.000000;2.000000;-303.552551;-431.257874;1685.664307;3.936480;0.000000;0.000000;0.000000;0.000000;2.000000;67.990501;-139.274353;1943.702148;0.008042;0.000000;0.000000;0.000000;0.000000;2.000000;15.101603;247.502472;1938.188110;0.023364;0.000000;0.000000;0.000000;0.000000;2.000000;-25.067890;618.095825;1954.397705;0.034504;0.000000;0.000000;0.000000;0.000000;2.000000;-112.059036;691.758301;1811.623169;0.038582;0.000000;0.000000;0.000000;0.000000;2.000000;-61.310024;-159.671783;2050.766357;0.007248;0.000000;0.000000;0.000000;0.000000;2.000000;-71.623199;223.118500;2124.666992;0.081476;0.000000;0.000000;0.000000;0.000000;2.000000;-57.163044;589.360535;2213.085693;0.124461;0.000000;0.000000;0.000000;0.000000;2.000000;-165.066528;689.776367;2132.289551;0.073313;0.000000;0.000000;0.000000;0.000000;2.000000;-203.825287;-580.814514;1648.974976;0.533355;0.000000;0.000000;0.000000;0.000000;2.000000;-304.845093;-461.708466;1636.093140;0.878443;0.000000;0.000000;0.000000;0.000000;2.000000;-281.832214;-479.908630;1590.063721;0.952142;0.000000;0.000000;0.000000;0.000000;2.000000;-175.697052;-536.427246;1561.332520;0.734200;0.000000;0.000000;0.000000;0.000000;2.000000;-319.140625;-504.879150;1614.237061;0.912682;0.000000;0.000000;0.000000;0.000000;2.000000;-291.702026;-629.158203;1625.557007;0.881680;0.000000;0.000000;0.000000;0.000000;1.000000;19387500544.000000
0.000000;-150.000000;2000.000000;0.000000;0.000000;0.000000;0.000000;0.000000;2.000000;-44.343777;-287.232117;1914.763306;0.403445;0.000000;0.000000;0.000000;0.000000;2.000000;-86.659302;-390.174591;1840.273193;0.839277;0.000000;0.000000;0.000000;0.000000;2.000000;-175.235229;-502.780243;1695.240601;1.323851;0.000000;0.000000;0.000000;0.000000;2.000000;-133.912979;-483.733276;1702.169800;1.182725;0.000000;0.000000;0.000000;0.000000;2.000000;-44.613621;-425.625458;1620.514160;1.024054;0.000000;0.000000;0.000000;0.000000;2.000000;-163.734772;-213.637222;1711.094116;0.856630;0.000000;0.000000;0.000000;0.000000;2.000000;-217.037659;-315.525452;1526.134644;1.744140;0.000000;0.000000;0.000000;0.000000;2.000000;-209.581375;-397.368134;1488.426758;1.985838;0.000000;0.000000;0.000000;0.000000;2.000000;-192.373459;-494.394989;1512.604492;2.198214;0.000000;0.000000;0.000000;0.000000;1.000000;-195.091797;-436.729401;1485.857422;1.858485;0.000000;0.000000;0.000000;0.000000;2.000000;-186.542664;-486.251404;1737.055420;1.303619;0.000000;0.000000;0.000000;0.000000;2.000000;-292.503998;-455.298950;1792.406128;1.388803;0.000000;0.000000;0.000000;0.000000;2.000000;-375.609253;-238.021622;1666.749878;7.049128;0.000000;0.000000;0.000000;0.000000;2.000000;-334.115631;-433.150543;1572.708252;4.433730;0.000000;0.000000;0.000000;0.000000;2.000000;-379.821747;-444.397644;1487.486328;5.615129;0.000000;0.000000;0.000000;0.000000;2.000000;-326.161652;-523.149475;1516.901123;6.428062;0.000000;0.000000;0.000000;0.000000;2.000000;-359.539673;-443.347382;1474.071289;6.689709;0.000000;0.000000;0.000000;0.000000;2.000000;64.175972;-136.541260;1944.944092;0.148137;0.000000;0.000000;0.000000;0.000000;2.000000;10.166525;235.470154;1942.896362;0.422092;0.000000;0.000000;0.000000;0.000000;2.000000;-29.977589;591.820801;1964.597656;0.873102;0.000000;0.000000;0.000000;0.000000;2.000000;-123.244644;689.800415;1852.140991;1.284150;0.000000;0.000000;0.000000;0.000000;2.000000;-57.870296;-162.136337;2049.646484;0.133582;0.000000;0.000000;0.000000;0.000000;2.000000;-71.376617;203.362244;2134.723145;0.676566;0.000000;0.000000;0.000000;0.000000;2.000000;-39.188847;544.255737;2255.361328;1.964712;0.000000;0.000000;0.000000;0.000000;1.000000;-116.637375;664.391479;2179.438965;2.203370;0.000000;0.000000;0.000000;0.000000;1.000000;-212.306534;-534.093384;1635.836914;1.503561;0.000000;0.000000;0.000000;0.000000;2.000000;-277.081116;-407.781891;1584.681641;2.426494;0.000000;0.000000;0.000000;0.000000;2.000000;-257.673767;-440.966614;1548.841797;1.881071;0.000000;0.000000;0.000000;0.000000;2.000000;-170.970581;-522.517822;1547.299927;0.619984;0.000000;0.000000;0.000000;0.000000;2.000000;-299.644135;-449.176971;1572.953247;2.197944;0.000000;0.000000;0.000000;0.000000;2.000000;-304.536926;-564.449036;1615.669556;2.035724;0.000000;0.000000;0.000000;0.000000;1.000000;19387533312.000000
0.000000;-150.000000;2000.000000;0.000000;0.000000;0.000000;0.000000;0.000000;2.000000;-54.279842;-281.080383;1904.153687;0.481688;0.000000;0.000000;0.000000;0.000000;2.000000;-102.917099;-379.353638;1822.223267;0.811566;0.000000;0.000000;0.000000;0.000000;2.000000;-178.169159;-449.078583;1640.873535;2.333797;0.000000;0.000000;0.000000;0.000000;2.000000;-135.789963;-439.064972;1658.662720;1.903780;0.000000;0.000000;0.000000;0.000000;2.000000;-27.903973;-372.041199;1606.798462;1.763326;0.000000;0.000000;0.000000;0.000000;2.000000;-162.917969;-176.111145;1723.916748;1.210473;0.000000;0.000000;0.000000;0.000000;2.000000;-178.372803;-260.222260;1518.411255;2.072740;0.000000;0.000000;0.000000;0.000000;2.000000;-187.136169;-352.049530;1512.844482;1.713825;0.000000;0.000000;0.000000;0.000000;2.000000;-221.035355;-448.084808;1493.307129;1.763305;0.000000;0.000000;0.000000;0.000000;2.000000;-188.549911;-382.174286;1480.198608;1.685686;0.000000;0.000000;0.000000;0.000000;2.000000;-195.352173;-437.950500;1683.608032;2.214829;0.000000;0.000000;0.000000;0.000000;2.000000;-311.292084;-399.281830;1715.100342;2.969330;0.000000;0.000000;0.000000;0.000000;2.000000;-257.787689;-171.618347;1850.478027;6.962246;0.000000;0.000000;0.000000;0.000000;2.000000;-125.403427;-138.059433;1671.155396;11.432139;0.000000;0.000000;0.000000;0.000000;2.000000;-168.230087;-51.159306;1648.463379;14.486082;0.000000;0.000000;0.000000;0.000000;2.000000;-127.306519;-144.256226;1641.539429;13.601331;0.000000;0.000000;0.000000;0.000000;2.000000;-158.315308;-40.023235;1646.412720;14.726532;0.000000;0.000000;0.000000;0.000000;2.000000;68.161728;-138.924896;1946.252075;0.147242;0.000000;0.000000;0.000000;0.000000;2.000000;10.642910;240.881348;1939.208618;0.200367;0.000000;0.000000;0.000000;0.000000;2.000000;-33.055180;605.025330;1956.798340;0.477345;0.000000;0.000000;0.000000;0.000000;2.000000;-121.065918;704.333374;1835.487793;0.677794;0.000000;0.000000;0.000000;0.000000;2.000000;-61.464428;-159.986908;2048.466797;0.132776;0.000000;0.000000;0.000000;0.000000;2.000000;-76.815704;211.038025;2145.410156;0.434502;0.000000;0.000000;0.000000;0.000000;2.000000;-11.404861;537.843079;2308.478027;1.839796;0.000000;0.000000;0.000000;0.000000;1.000000;-90.458237;671.584290;2251.678711;2.355132;0.000000;0.000000;0.000000;0.000000;1.000000;-207.568848;-462.832184;1569.513428;2.974393;0.000000;0.000000;0.000000;0.000000;2.000000;-275.496765;-331.055542;1527.057983;2.928722;0.000000;0.000000;0.000000;0.000000;2.000000;-246.538773;-356.777374;1489.838623;3.155758;0.000000;0.000000;0.000000;0.000000;2.000000;-151.591751;-432.830109;1491.543457;3.276657;0.000000;0.000000;0.000000;0.000000;2.000000;-292.076721;-372.007751;1504.399658;3.158525;0.000000;0.000000;0.000000;0.000000;2.000000;-293.522186;-495.688141;1527.023682;3.440169;0.000000;0.000000;0.000000;0.000000;2.000000;19387566080.000000
0.000000;-150.000000;2000.000000;0.000000;0.000000;0.000000;0.000000;0.000000;2.000000;-53.831551;-279.527557;1902.170166;0.073490;0.000000;0.000000;0.000000;0.000000;2.000000;-104.409653;-373.061462;1816.234131;0.253163;0.000000;0.000000;0.000000;0.000000;2.000000;-181.634369;-429.138947;1631.297241;0.643089;0.000000;0.000000;0.000000;0.000000;2.000000;-138.974762;-422.712524;1649.908447;0.540549;0.000000;0.000000;0.000000;0.000000;2.000000;-27.736290;-363.273560;1596.334229;0.392142;0.000000;0.000000;0.000000;0.000000;2.000000;-133.711533;-168.853638;1741.725708;1.004401;0.000000;0.000000;0.000000;0.000000;2.000000;-167.164429;-235.266556;1532.203247;0.879973;0.000000;0.000000;0.000000;0.000000;2.000000;-193.624680;-323.107483;1522.016968;0.891727;0.000000;0.000000;0.000000;0.000000;2.000000;-245.721939;-409.442657;1498.343140;1.324974;0.000000;0.000000;0.000000;0.000000;2.000000;-188.749191;-354.326080;1481.355957;0.800579;0.000000;0.000000;0.000000;0.000000;2.000000;-198.574554;-418.974426;1674.306152;0.614015;0.000000;0.000000;0.000000;0.000000;2.000000;-312.179382;-373.605042;1704.755737;0.795510;0.000000;0.000000;0.000000;0.000000;2.000000;-234.668839;-143.861633;1823.325317;1.297982;0.000000;0.000000;0.000000;0.000000;2.000000;-155.299850;36.993019;1715.246826;5.255593;0.000000;0.000000;0.000000;0.000000;2.000000;-176.179398;103.095367;1786.464233;5.949213;0.000000;0.000000;0.000000;0.000000;2.000000;-176.863998;77.224426;1687.998535;6.653944;0.000000;0.000000;0.000000;0.000000;2.000000;-171.885269;109.726501;1793.831543;6.048198;0.000000;0.000000;0.000000;0.000000;2.000000;68.832741;-138.810287;1947.308960;0.036108;0.000000;0.000000;0.000000;0.000000;2.000000;10.873589;240.479187;1940.700195;0.044864;0.000000;0.000000;0.000000;0.000000;2.000000;-34.537903;604.033447;1957.088745;0.051912;0.000000;0.000000;0.000000;0.000000;2.000000;-117.817276;693.548584;1825.560303;0.431239;0.000000;0.000000;0.000000;0.000000;2.000000;-62.069511;-160.090271;2047.513672;0.032562;0.000000;0.000000;0.000000;0.000000;2.000000;-71.787369;209.446442;2148.977051;0.182879;0.000000;0.000000;0.000000;0.000000;1.000000;-3.356281;530.908020;2320.227783;0.454987;0.000000;0.000000;0.000000;0.000000;1.000000;-79.792610;666.280823;2264.284912;0.498149;0.000000;0.000000;0.000000;0.000000;1.000000;-210.944214;-437.595154;1559.181274;0.789242;0.000000;0.000000;0.000000;0.000000;2.000000;-274.780457;-308.632080;1504.233765;0.919239;0.000000;0.000000;0.000000;0.000000;2.000000;-255.701431;-343.682312;1468.370850;0.768721;0.000000;0.000000;0.000000;0.000000;2.000000;-168.769150;-428.592896;1468.465820;0.835222;0.000000;0.000000;0.000000;0.000000;2.000000;-298.631226;-350.706848;1493.259766;0.715637;0.000000;0.000000;0.000000;0.000000;2.000000;-305.712769;-467.263275;1539.498413;0.957884;0.000000;0.000000;0.000000;0.000000;2.000000;19387600896.000000
0.000000;-150.000000;2000.000000;0.000000;0.000000;0.000000;0.000000;0.000000;2.000000;-58.932064;-272.806122;1895.410278;0.329941;0.000000;0.000000;0.000000;0.000000;2.000000;-117.670151;-354.078003;1801.630737;0.835464;0.000000;0.000000;0.000000;0.000000;2.000000;-180.978058;-404.607269;1608.977295;1.012344;0.000000;0.000000;0.000000;0.000000;2.000000;-139.724182;-396.989258;1630.570923;0.982357;0.000000;0.000000;0.000000;0.000000;2.000000;-23.046028;-341.625183;1583.062134;0.788039;0.000000;0.000000;0.000000;0.000000;2.000000;-84.107666;-122.452812;1720.892334;2.168168;0.000000;0.000000;0.000000;0.000000;2.000000;-132.342590;-182.487457;1511.328735;2.032099;0.000000;0.000000;0.000000;0.000000;2.000000;-196.701035;-248.584076;1502.315186;2.354281;0.000000;0.000000;0.000000;0.000000;2.000000;-244.945038;-338.085266;1524.250732;2.316862;0.000000;0.000000;0.000000;0.000000;1.000000;-175.400726;-313.801788;1485.961670;1.309632;0.000000;0.000000;0.000000;0.000000;2.000000;-201.038208;-397.486938;1651.473022;0.959793;0.000000;0.000000;0.000000;0.000000;2.000000;-326.165771;-378.283295;1650.840942;1.705796;0.000000;0.000000;0.000000;0.000000;2.000000;-356.946289;-125.821640;1744.546387;4.473021;0.000000;0.000000;0.000000;0.000000;2.000000;-250.393311;16.979317;1605.362793;4.476609;0.000000;0.000000;0.000000;0.000000;1.000000;-166.393112;26.262321;1658.454834;4.565974;0.000000;0.000000;0.000000;0.000000;1.000000;-211.080490;102.687340;1607.315552;2.785115;0.000000;0.000000;0.000000;0.000000;1.000000;-200.122955;76.796822;1718.348633;2.656853;0.000000;0.000000;0.000000;0.000000;1.000000;67.568024;-136.184235;1945.706177;0.101512;0.000000;0.000000;0.000000;0.000000;2.000000;11.147354;244.782471;1931.903809;0.298963;0.000000;0.000000;0.000000;0.000000;2.000000;-31.752918;610.308716;1945.710693;0.405545;0.000000;0.000000;0.000000;0.000000;2.000000;-116.931824;696.640015;1812.247314;0.417965;0.000000;0.000000;0.000000;0.000000;2.000000;-60.929066;-162.458298;2048.959229;0.091542;0.000000;0.000000;0.000000;0.000000;2.000000;-65.581223;211.775726;2139.054688;0.364165;0.000000;0.000000;0.000000;0.000000;1.000000;24.814089;523.383972;2321.368408;0.890508;0.000000;0.000000;0.000000;0.000000;1.000000;-50.446247;665.033752;2278.940674;1.001774;0.000000;0.000000;0.000000;0.000000;1.000000;-205.572983;-410.837524;1534.549805;1.121923;0.000000;0.000000;0.000000;0.000000;2.000000;-262.657745;-267.379547;1525.187134;1.459677;0.000000;0.000000;0.000000;0.000000;2.000000;-243.082428;-289.030396;1479.898438;1.747503;0.000000;0.000000;0.000000;0.000000;2.000000;-158.826035;-373.253418;1453.453613;1.775979;0.000000;0.000000;0.000000;0.000000;2.000000;-287.503418;-302.138092;1499.595825;1.532851;0.000000;0.000000;0.000000;0.000000;2.000000;-300.698273;-427.528046;1502.800537;1.657744;0.000000;0.000000;0.000000;0.000000;2.000000;19387633664.000000
0.000000;-150.000000;2000.000000;0.000000;0.000000;0.000000;0.000000;0.000000;2.000000;-59.628433;-270.928253;1895.029297;0.062217;0.000000;0.000000;0.000000;0.000000;2.000000;-120.484764;-347.797424;1799.904419;0.216541;0.000000;0.000000;0.000000;0.000000;2.000000;-191.658844;-384.658691;1608.033081;0.691152;0.000000;0.000000;0.000000;0.000000;2.000000;-149.775787;-377.835297;1628.111816;0.664384;0.000000;0.000000;0.000000;0.000000;2.000000;-31.499687;-321.405975;1588.451538;0.688729;0.000000;0.000000;0.000000;0.000000;2.000000;-46.517021;-94.835632;1724.444214;1.427616;0.000000;0.000000;0.000000;0.000000;2.000000;-129.363983;-123.358162;1520.308472;1.827435;0.000000;0.000000;0.000000;0.000000;2.000000;-204.197601;-177.144897;1516.716187;2.235742;0.000000;0.000000;0.000000;0.000000;2.000000;-278.007599;-248.737549;1528.435791;2.910177;0.000000;0.000000;0.000000;0.000000;2.000000;-214.157806;-229.142731;1521.632690;3.042847;0.000000;0.000000;0.000000;0.000000;2.000000;-209.694061;-381.270813;1651.617798;0.560982;0.000000;0.000000;0.000000;0.000000;2.000000;-330.657654;-391.221985;1685.298584;1.131587;0.000000;0.000000;0.000000;0.000000;2.000000;-353.728729;-131.030579;1752.362427;0.302995;0.000000;0.000000;0.000000;0.000000;2.000000;-369.222961;-176.041016;1532.499268;7.265903;0.000000;0.000000;0.000000;0.000000;2.000000;-275.417572;-153.592102;1508.881104;7.876034;0.000000;0.000000;0.000000;0.000000;2.000000;-376.865875;-160.927322;1510.536133;9.951900;0.000000;0.000000;0.000000;0.000000;2.000000;-290.185822;-92.412750;1570.078735;7.395535;0.000000;0.000000;0.000000;0.000000;2.000000;67.046463;-136.022171;1945.811646;0.016975;0.000000;0.000000;0.000000;0.000000;2.000000;13.290447;243.350922;1931.364868;0.080352;0.000000;0.000000;0.000000;0.000000;2.000000;-27.106689;607.330811;1944.364624;0.173353;0.000000;0.000000;0.000000;0.000000;2.000000;-111.271049;692.753601;1810.892822;0.213586;0.000000;0.000000;0.000000;0.000000;2.000000;-60.458748;-162.604431;2048.864014;0.015308;0.000000;0.000000;0.000000;0.000000;2.000000;-49.231270;209.260757;2139.947998;0.505565;0.000000;0.000000;0.000000;0.000000;1.000000;50.115925;519.101868;2316.727051;0.795837;0.000000;0.000000;0.000000;0.000000;1.000000;-15.223602;664.079834;2272.394531;1.093704;0.000000;0.000000;0.000000;0.000000;1.000000;-219.536896;-385.720306;1534.937500;0.877090;0.000000;0.000000;0.000000;0.000000;2.000000;-261.234741;-240.489380;1564.198364;1.446605;0.000000;0.000000;0.000000;0.000000;2.000000;-239.635956;-250.509964;1516.166870;1.618036;0.000000;0.000000;0.000000;0.000000;2.000000;-162.059113;-332.788757;1471.952637;1.361390;0.000000;0.000000;0.000000;0.000000;2.000000;-286.569794;-263.192993;1528.167480;1.474328;0.000000;0.000000;0.000000;0.000000;2.000000;-311.831818;-381.208557;1493.788818;1.479603;0.000000;0.000000;0.000000;0.000000;2.000000;19387666432.000000
0.000000;-150.000000;2000.000000;0.000000;0.000000;0.000000;0.000000;0.000000;2.000000;-47.793957;-271.992188;1890.044189;0.393237;0.000000;0.000000;0.000000;0.000000;2.000000;-110.365540;-342.614807;1791.070313;0.439389;0.000000;0.000000;0.000000;0.000000;2.000000;-203.576385;-342.875305;1604.958618;1.329296;0.000000;0.000000;0.000000;0.000000;2.000000;-159.868546;-337.044373;1621.205200;1.299585;0.000000;0.000000;0.000000;0.000000;2.000000;-37.557583;-284.328857;1588.875977;1.146580;0.000000;0.000000;0.000000;0.000000;2.000000;-31.971428;-48.259754;1709.019531;1.561715;0.000000;0.000000;0.000000;0.000000;2.000000;-143.028885;6.758808;1524.393433;3.994639;0.000000;0.000000;0.000000;0.000000;2.000000;-219.201630;-40.182640;1501.649658;4.229826;0.000000;0.000000;0.000000;0.000000;2.000000;-316.701569;-67.205093;1479.382446;5.858857;0.000000;0.000000;0.000000;0.000000;2.000000;-176.272919;8.042862;1407.132690;8.120344;0.000000;0.000000;0.000000;0.000000;2.000000;-216.010696;-350.566040;1649.982056;0.957960;0.000000;0.000000;0.000000;0.000000;2.000000;-338.096558;-347.112671;1681.296143;1.370572;0.000000;0.000000;0.000000;0.000000;2.000000;-331.199097;-118.005188;1823.906128;2.323297;0.000000;0.000000;0.000000;0.000000;2.000000;-256.693054;45.404533;1688.062134;8.944354;0.000000;0.000000;0.000000;0.000000;2.000000;-186.437943;100.499168;1731.763550;10.666159;0.000000;0.000000;0.000000;0.000000;2.000000;-207.253922;195.589844;1701.871460;13.388903;0.000000;0.000000;0.000000;0.000000;2.000000;-182.410660;111.980904;1679.176025;7.798090;0.000000;0.000000;0.000000;0.000000;2.000000;58.599823;-120.762245;1942.090454;0.544256;0.000000;0.000000;0.000000;0.000000;2.000000;1.288607;258.485931;1927.814331;0.599357;0.000000;0.000000;0.000000;0.000000;2.000000;-44.333630;622.181274;1941.821899;0.698425;0.000000;0.000000;0.000000;0.000000;2.000000;-123.063675;711.699341;1807.478638;0.688957;0.000000;0.000000;0.000000;0.000000;2.000000;-52.842045;-176.364960;2052.219727;0.490780;0.000000;0.000000;0.000000;0.000000;2.000000;-74.644379;197.239777;2135.555176;0.868345;0.000000;0.000000;0.000000;0.000000;1.000000;19.393623;498.160828;2330.493408;1.209936;0.000000;0.000000;0.000000;0.000000;1.000000;-60.259731;640.424377;2303.579346;1.820937;0.000000;0.000000;0.000000;0.000000;1.000000;-240.587646;-330.402039;1537.075317;1.807459;0.000000;0.000000;0.000000;0.000000;2.000000;-279.329895;-185.981262;1574.172119;1.778954;0.000000;0.000000;0.000000;0.000000;2.000000;-266.326660;-195.438904;1522.974365;1.879139;0.000000;0.000000;0.000000;0.000000;2.000000;-196.098465;-276.089539;1465.216797;2.028639;0.000000;0.000000;0.000000;0.000000;2.000000;-310.201111;-209.115601;1542.991211;1.856951;0.000000;0.000000;0.000000;0.000000;2.000000;-338.856323;-327.640747;1512.824585;1.920958;0.000000;0.000000;0.000000;0.000000;2.000000;19387699200.000000
0.000000;-150.000000;2000.000000;0.000000;0.000000;0.000000;0.000000;0.000000;2.000000;-63.224815;-240.212860;1865.924561;1.228633;0.000000;0.000000;0.000000;0.000000;2.000000;-128.143448;-287.040375;1752.619629;2.007084;0.000000;0.000000;0.000000;0.000000;2.000000;-208.251434;-299.211212;1557.614136;1.854746;0.000000;0.000000;0.000000;0.000000;2.000000;-165.131454;-293.015991;1576.983643;1.798708;0.000000;0.000000;0.000000;0.000000;2.000000;-41.620705;-230.227570;1588.643677;1.558311;0.000000;0.000000;0.000000;0.000000;2.000000;0.835808;-12.449743;1740.356323;1.660113;0.000000;0.000000;0.000000;0.000000;2.000000;-96.987877;39.699158;1543.876709;1.719617;0.000000;0.000000;0.000000;0.000000;2.000000;-169.397339;68.258995;1491.785889;3.439185;0.000000;0.000000;0.000000;0.000000;2.000000;-232.328598;121.146538;1426.298584;6.120845;0.000000;0.000000;0.000000;0.000000;2.000000;-152.586182;53.758499;1427.167725;1.586867;0.000000;0.000000;0.000000;0.000000;2.000000;-224.456360;-303.379913;1602.629761;1.935325;0.000000;0.000000;0.000000;0.000000;2.000000;-331.068970;-277.395416;1668.362427;2.046594;0.000000;0.000000;0.000000;0.000000;2.000000;-339.793152;-80.037430;1858.045532;1.487175;0.000000;0.000000;0.000000;0.000000;2.000000;-290.839783;138.563110;1813.243408;4.587941;0.000000;0.000000;0.000000;0.000000;2.000000;-217.533752;176.147644;1871.411499;4.648349;0.000000;0.000000;0.000000;0.000000;2.000000;-205.164642;271.822021;1834.457031;4.393184;0.000000;0.000000;0.000000;0.000000;2.000000;-201.149811;199.428314;1817.671997;4.735224;0.000000;0.000000;0.000000;0.000000;2.000000;68.183235;-123.365417;1949.926392;0.363336;0.000000;0.000000;0.000000;0.000000;2.000000;2.877590;260.008667;1930.332642;0.096061;0.000000;0.000000;0.000000;0.000000;2.000000;-48.588188;628.257996;1945.473022;0.237475;0.000000;0.000000;0.000000;0.000000;2.000000;-125.710144;718.272217;1807.079468;0.203840;0.000000;0.000000;0.000000;0.000000;2.000000;-61.483826;-174.017578;2045.153687;0.327637;0.000000;0.000000;0.000000;0.000000;2.000000;-74.565979;200.432892;2149.623535;0.414361;0.000000;0.000000;0.000000;0.000000;1.000000;7.075911;501.291962;2359.939453;0.921180;0.000000;0.000000;0.000000;0.000000;1.000000;-67.248604;650.069092;2338.784912;1.067492;0.000000;0.000000;0.000000;0.000000;1.000000;-240.184891;-290.873901;1485.339600;1.870097;0.000000;0.000000;0.000000;0.000000;2.000000;-288.266602;-154.862854;1545.485352;1.242440;0.000000;0.000000;0.000000;0.000000;2.000000;-270.274597;-154.302155;1494.105469;1.447916;0.000000;0.000000;0.000000;0.000000;2.000000;-191.101883;-222.149200;1428.281494;1.883180;0.000000;0.000000;0.000000;0.000000;2.000000;-315.799316;-172.708344;1507.329102;1.472599;0.000000;0.000000;0.000000;0.000000;2.000000;-337.415649;-285.747101;1452.596558;2.107641;0.000000;0.000000;0.000000;0.000000;2.000000;19387734016.000000
0.000000;-150.000000;2000.000000;0.000000;0.000000;0.000000;0.000000;0.000000;2.000000;-61.135059;-233.841202;1857.716187;0.323461;0.000000;0.000000;0.000000;0.000000;2.000000;-126.501297;-264.513367;1736.858398;0.840525;0.000000;0.000000;0.000000;0.000000;2.000000;-193.668060;-254.439209;1533.605347;1.613000;0.000000;0.000000;0.000000;0.000000;2.000000;-151.134216;-253.244034;1556.632080;1.428769;0.000000;0.000000;0.000000;0.000000;2.000000;-25.565857;-194.836075;1583.685425;1.195612;0.000000;0.000000;0.000000;0.000000;2.000000;7.031187;37.257195;1723.237671;1.615476;0.000000;0.000000;0.000000;0.000000;2.000000;-129.608887;133.827271;1566.977417;3.120842;0.000000;0.000000;0.000000;0.000000;2.000000;-128.674469;125.933121;1472.261475;2.235475;0.000000;0.000000;0.000000;0.000000;2.000000;-135.702896;144.903442;1367.539307;3.526540;0.000000;0.000000;0.000000;0.000000;2.000000;-135.895447;126.311508;1438.173950;2.296670;0.000000;0.000000;0.000000;0.000000;2.000000;-213.703857;-261.006653;1577.545166;1.538142;0.000000;0.000000;0.000000;0.000000;2.000000;-323.252960;-226.926331;1638.278564;1.808860;0.000000;0.000000;0.000000;0.000000;2.000000;-323.744049;-14.206172;1817.154297;2.415215;0.000000;0.000000;0.000000;0.000000;2.000000;-266.823517;208.621124;1787.879639;2.389008;0.000000;0.000000;0.000000;0.000000;2.000000;-261.961487;271.229401;1868.689697;3.203876;0.000000;0.000000;0.000000;0.000000;2.000000;-214.090561;309.947723;1783.835083;1.953083;0.000000;0.000000;0.000000;0.000000;2.000000;-183.465851;281.451141;1801.940063;2.605272;0.000000;0.000000;0.000000;0.000000;2.000000;73.477509;-125.647621;1954.079224;0.216833;0.000000;0.000000;0.000000;0.000000;2.000000;9.921818;263.411957;1926.742310;0.262689;0.000000;0.000000;0.000000;0.000000;2.000000;-41.472317;637.479004;1934.164429;0.495426;0.000000;0.000000;0.000000;0.000000;2.000000;-116.303497;724.741577;1789.317749;0.644359;0.000000;0.000000;0.000000;0.000000;2.000000;-66.257904;-171.959625;2041.408813;0.195530;0.000000;0.000000;0.000000;0.000000;2.000000;-77.810059;208.600769;2145.612305;0.294820;0.000000;0.000000;0.000000;0.000000;1.000000;1.298553;510.183807;2365.677002;0.367939;0.000000;0.000000;0.000000;0.000000;1.000000;-65.844223;664.920776;2343.445313;0.476958;0.000000;0.000000;0.000000;0.000000;1.000000;-219.867920;-237.569519;1459.238403;1.914454;0.000000;0.000000;0.000000;0.000000;2.000000;-261.484924;-84.694893;1466.688965;3.322028;0.000000;0.000000;0.000000;0.000000;2.000000;-242.808167;-103.378105;1418.165039;2.913528;0.000000;0.000000;0.000000;0.000000;2.000000;-165.839203;-195.140335;1381.915527;1.809948;0.000000;0.000000;0.000000;0.000000;2.000000;-290.070221;-113.876259;1436.039551;2.928002;0.000000;0.000000;0.000000;0.000000;2.000000;-317.837524;-239.581161;1423.666748;1.766736;0.000000;0.000000;0.000000;0.000000;2.000000;19387766784.000000
0.000000;-150.000000;2000.000000;0.000000;0.000000;0.000000;0.000000;0.000000;2.000000;-59.846767;-213.198502;1841.118530;0.809299;0.000000;0.000000;0.000000;0.000000;2.000000;-120.788071;-229.108765;1710.702393;1.354604;0.000000;0.000000;0.000000;0.000000;2.000000;-163.200745;-196.294739;1496.866577;2.295679;0.000000;0.000000;0.000000;0.000000;2.000000;-122.801208;-197.487259;1525.912598;2.126456;0.000000;0.000000;0.000000;0.000000;2.000000;1.170635;-141.217361;1576.270752;1.842409;0.000000;0.000000;0.000000;0.000000;2.000000;39.366898;81.085922;1743.194702;1.770240;0.000000;0.000000;0.000000;0.000000;2.000000;-88.213364;265.001556;1669.936401;5.243417;0.000000;0.000000;0.000000;0.000000;2.000000;-69.411957;296.072205;1579.151123;6.393032;0.000000;0.000000;0.000000;0.000000;2.000000;-52.343410;309.535522;1471.603638;6.465256;0.000000;0.000000;0.000000;0.000000;2.000000;-77.331482;283.596436;1535.711792;5.924021;0.000000;0.000000;0.000000;0.000000;2.000000;-189.213501;-208.011642;1538.094727;2.150263;0.000000;0.000000;0.000000;0.000000;2.000000;-305.796356;-177.241592;1595.495239;2.070640;0.000000;0.000000;0.000000;0.000000;2.000000;-318.458527;30.187283;1791.866821;1.567479;0.000000;0.000000;0.000000;0.000000;2.000000;-247.612549;256.384369;1765.458740;1.713634;0.000000;0.000000;0.000000;0.000000;2.000000;-257.331482;306.878326;1857.328369;1.150542;0.000000;0.000000;0.000000;0.000000;2.000000;-214.848053;341.647034;1764.495605;1.133446;0.000000;0.000000;0.000000;0.000000;2.000000;-174.522812;348.497803;1780.310547;2.167192;0.000000;0.000000;0.000000;0.000000;2.000000;79.238701;-123.965607;1959.796875;0.252969;0.000000;0.000000;0.000000;0.000000;2.000000;19.188023;276.729584;1926.743652;0.495121;0.000000;0.000000;0.000000;0.000000;2.000000;-30.725178;662.012451;1925.755127;0.856728;0.000000;0.000000;0.000000;0.000000;2.000000;-102.254623;744.243164;1769.839478;0.944116;0.000000;0.000000;0.000000;0.000000;2.000000;-71.453018;-173.476364;2036.252808;0.228116;0.000000;0.000000;0.000000;0.000000;2.000000;-76.067017;215.369202;2153.204102;0.314916;0.000000;0.000000;0.000000;0.000000;2.000000;-62.885189;582.165649;2292.538086;3.693792;0.000000;0.000000;0.000000;0.000000;2.000000;-133.247452;725.481079;2220.824219;4.652973;0.000000;0.000000;0.000000;0.000000;2.000000;-180.614716;-170.813248;1419.874146;2.651126;0.000000;0.000000;0.000000;0.000000;2.000000;-257.088715;-31.813440;1458.021606;1.640841;0.000000;0.000000;0.000000;0.000000;2.000000;-213.788269;-28.347694;1421.368774;2.456993;0.000000;0.000000;0.000000;0.000000;1.000000;-107.029114;-96.782784;1399.225830;3.536944;0.000000;0.000000;0.000000;0.000000;1.000000;-261.581940;-47.200878;1407.990601;2.372520;0.000000;0.000000;0.000000;0.000000;2.000000;-250.997528;-160.817001;1339.579956;4.064910;0.000000;0.000000;0.000000;0.000000;2.000000;19387799552.000000
0.000000;-150.000000;2000.000000;0.000000;0.000000;0.000000;0.000000;0.000000;2.000000;-59.756721;-218.887390;1849.214111;0.284207;0.000000;0.000000;0.000000;0.000000;2.000000;-123.757576;-233.074585;1724.517944;0.421560;0.000000;0.000000;0.000000;0.000000;2.000000;-184.379700;-175.200180;1527.131958;1.221808;0.000000;0.000000;0.000000;0.000000;2.000000;-142.511261;-181.181763;1550.693604;1.022959;0.000000;0.000000;0.000000;0.000000;2.000000;-15.551865;-132.886368;1589.243896;0.653301;0.000000;0.000000;0.000000;0.000000;2.000000;55.606518;100.299744;1711.980591;1.151485;0.000000;0.000000;0.000000;0.000000;2.000000;-20.393982;295.127228;1618.442261;2.594364;0.000000;0.000000;0.000000;0.000000;2.000000;10.233688;377.639099;1582.386230;3.275749;0.000000;0.000000;0.000000;0.000000;2.000000;9.336151;369.623322;1475.962158;2.476451;0.000000;0.000000;0.000000;0.000000;2.000000;-18.626404;349.506805;1496.848022;2.770018;0.000000;0.000000;0.000000;0.000000;2.000000;-205.995422;-190.306229;1568.156250;1.111973;0.000000;0.000000;0.000000;0.000000;2.000000;-318.198486;-164.566574;1628.334106;1.071951;0.000000;0.000000;0.000000;0.000000;2.000000;-310.847839;57.547432;1795.548340;0.822512;0.000000;0.000000;0.000000;0.000000;2.000000;-220.562134;267.350647;1754.909790;0.891444;0.000000;0.000000;0.000000;0.000000;2.000000;-234.754486;326.194855;1837.514648;1.025770;0.000000;0.000000;0.000000;0.000000;2.000000;-190.687683;386.678833;1763.992920;1.467893;0.000000;0.000000;0.000000;0.000000;2.000000;-167.207336;372.950531;1776.290527;0.742136;0.000000;0.000000;0.000000;0.000000;2.000000;75.554436;-124.244263;1958.291016;0.114599;0.000000;0.000000;0.000000;0.000000;2.000000;21.787346;263.929688;1905.455566;0.717357;0.000000;0.000000;0.000000;0.000000;2.000000;-8.387268;639.350769;1936.450195;0.964201;0.000000;0.000000;0.000000;0.000000;2.000000;-73.561913;737.370667;1793.674561;1.089415;0.000000;0.000000;0.000000;0.000000;2.000000;-68.130745;-173.225082;2037.610962;0.103342;0.000000;0.000000;0.000000;0.000000;2.000000;-100.480476;212.962387;2114.016846;1.327912;0.000000;0.000000;0.000000;0.000000;1.000000;-34.014420;522.042664;2328.222656;2.172616;0.000000;0.000000;0.000000;0.000000;1.000000;-106.708122;671.793213;2292.518555;2.683173;0.000000;0.000000;0.000000;0.000000;1.000000;-207.613861;-141.092987;1457.799561;1.586400;0.000000;0.000000;0.000000;0.000000;2.000000;-174.208496;-1.718369;1389.606079;3.205547;0.000000;0.000000;0.000000;0.000000;2.000000;-143.568817;-45.173775;1374.461670;2.473160;0.000000;0.000000;0.000000;0.000000;2.000000;-109.079628;-152.802963;1428.367065;1.814675;0.000000;0.000000;0.000000;0.000000;2.000000;-192.065857;-37.917244;1358.264771;2.469349;0.000000;0.000000;0.000000;0.000000;2.000000;-261.586243;-146.573059;1368.699585;0.979499;0.000000;0.000000;0.000000;0.000000;2.000000;19387834368.000000
0.000000;-150.000000;2000.000000;0.000000;0.000000;0.000000;0.000000;0.000000;2.000000;-56.717052;-205.322922;1845.079956;0.442584;0.000000;0.000000;0.000000;0.000000;2.000000;-115.080032;-205.953568;1718.808472;0.886297;0.000000;0.000000;0.000000;0.000000;2.000000;-153.629318;-138.265625;1521.906860;1.475312;0.000000;0.000000;0.000000;0.000000;2.000000;-114.980743;-147.965759;1548.318970;1.318582;0.000000;0.000000;0.000000;0.000000;2.000000;4.270164;-102.594116;1604.535034;1.199287;0.000000;0.000000;0.000000;0.000000;2.000000;35.040306;138.752533;1720.504761;1.355973;0.000000;0.000000;0.000000;0.000000;2.000000;18.183441;355.737488;1658.807007;2.514903;0.000000;0.000000;0.000000;0.000000;2.000000;24.082104;448.553772;1645.736084;2.932527;0.000000;0.000000;0.000000;0.000000;2.000000;42.885864;396.478394;1556.062256;2.774047;0.000000;0.000000;0.000000;0.000000;1.000000;17.087021;481.820251;1630.832642;5.849049;0.000000;0.000000;0.000000;0.000000;2.000000;-179.406219;-152.860687;1559.875366;1.424137;0.000000;0.000000;0.000000;0.000000;2.000000;-287.729431;-128.806290;1624.216064;1.439226;0.000000;0.000000;0.000000;0.000000;2.000000;-300.470734;92.244766;1786.674438;1.137915;0.000000;0.000000;0.000000;0.000000;2.000000;-214.478867;302.650146;1758.178833;1.097678;0.000000;0.000000;0.000000;0.000000;2.000000;-239.612656;372.161926;1827.187866;1.445392;0.000000;0.000000;0.000000;0.000000;2.000000;-185.143600;422.872559;1755.128906;1.149704;0.000000;0.000000;0.000000;0.000000;2.000000;-181.636795;426.222412;1764.917236;1.719701;0.000000;0.000000;0.000000;0.000000;2.000000;78.319756;-128.625381;1963.693726;0.228435;0.000000;0.000000;0.000000;0.000000;2.000000;25.048931;251.721207;1893.284790;0.535419;0.000000;0.000000;0.000000;0.000000;2.000000;3.797264;620.097656;1948.915039;0.792587;0.000000;0.000000;0.000000;0.000000;2.000000;-66.651962;728.682922;1819.950073;0.870488;0.000000;0.000000;0.000000;0.000000;1.000000;-70.624374;-169.274445;2032.739014;0.205992;0.000000;0.000000;0.000000;0.000000;2.000000;-111.286972;208.404907;2121.257813;0.420636;0.000000;0.000000;0.000000;0.000000;1.000000;-41.319187;488.515015;2363.817871;1.508841;0.000000;0.000000;0.000000;0.000000;1.000000;-105.213272;642.088623;2339.453613;1.695717;0.000000;0.000000;0.000000;0.000000;1.000000;-168.107529;-100.787018;1453.107666;1.728312;0.000000;0.000000;0.000000;0.000000;2.000000;-154.825134;39.620689;1384.755371;1.401206;0.000000;0.000000;0.000000;0.000000;2.000000;-127.888672;-1.911425;1361.739258;1.456989;0.000000;0.000000;0.000000;0.000000;1.000000;-79.973587;-108.565498;1401.951904;1.805928;0.000000;0.000000;0.000000;0.000000;1.000000;-178.332703;4.245012;1357.510254;1.353421;0.000000;0.000000;0.000000;0.000000;2.000000;-240.227859;-105.329208;1379.702637;1.456652;0.000000;0.000000;0.000000;0.000000;2.000000;19387867136.000000
0.000000;-150.000000;2000.000000;0.000000;0.000000;0.000000;0.000000;0.000000;2.000000;-59.245411;-175.344574;1837.428223;0.947345;0.000000;0.000000;0.000000;0.000000;2.000000;-116.250671;-151.473831;1712.024048;1.675812;0.000000;0.000000;0.000000;0.000000;2.000000;-152.060471;-91.077354;1511.129883;1.477926;0.000000;0.000000;0.000000;0.000000;2.000000;-113.903595;-95.165085;1540.038452;1.631375;0.000000;0.000000;0.000000;0.000000;2.000000;-7.543797;-29.767258;1603.644409;2.251716;0.000000;0.000000;0.000000;0.000000;2.000000;33.941788;211.121613;1720.372925;2.208787;0.000000;0.000000;0.000000;0.000000;2.000000;21.763447;436.165222;1690.462524;2.639993;0.000000;0.000000;0.000000;0.000000;2.000000;-1.787422;521.316101;1723.686646;3.348583;0.000000;0.000000;0.000000;0.000000;2.000000;8.330242;435.593353;1662.305176;3.612388;0.000000;0.000000;0.000000;0.000000;1.000000;-34.238392;524.593384;1750.477295;4.181986;0.000000;0.000000;0.000000;0.000000;2.000000;-177.945343;-108.853859;1547.958618;1.392065;0.000000;0.000000;0.000000;0.000000;2.000000;-291.945099;-85.920990;1603.598145;1.457840;0.000000;0.000000;0.000000;0.000000;2.000000;-300.690033;151.823364;1743.518677;2.245081;0.000000;0.000000;0.000000;0.000000;2.000000;-227.619965;369.257568;1723.832153;2.321931;0.000000;0.000000;0.000000;0.000000;2.000000;-246.951050;438.929199;1795.251953;2.269741;0.000000;0.000000;0.000000;0.000000;2.000000;-179.017761;483.415527;1730.099487;2.008012;0.000000;0.000000;0.000000;0.000000;2.000000;-166.115402;477.750885;1735.973999;1.864773;0.000000;0.000000;0.000000;0.000000;2.000000;80.530235;-129.033859;1967.384033;0.131868;0.000000;0.000000;0.000000;0.000000;2.000000;17.010105;248.557205;1881.470825;0.446646;0.000000;0.000000;0.000000;0.000000;2.000000;-5.255474;615.980591;1953.243286;0.330994;0.000000;0.000000;0.000000;0.000000;2.000000;-66.147430;732.131226;1824.703247;0.179867;0.000000;0.000000;0.000000;0.000000;1.000000;-72.617645;-168.906113;2029.411133;0.118915;0.000000;0.000000;0.000000;0.000000;2.000000;-119.548080;210.564667;2115.777344;0.309638;0.000000;0.000000;0.000000;0.000000;1.000000;-57.282337;495.530731;2357.725586;0.563674;0.000000;0.000000;0.000000;0.000000;1.000000;-122.942764;650.372437;2341.672363;0.601033;0.000000;0.000000;0.000000;0.000000;1.000000;-167.477982;-56.349483;1440.648071;1.408555;0.000000;0.000000;0.000000;0.000000;2.000000;-157.183380;86.699043;1375.526855;1.465828;0.000000;0.000000;0.000000;0.000000;2.000000;-123.325867;48.005104;1356.379272;1.538403;0.000000;0.000000;0.000000;0.000000;2.000000;-72.003357;-55.211868;1402.789307;1.646489;0.000000;0.000000;0.000000;0.000000;2.000000;-173.209229;49.714359;1344.749512;1.449681;0.000000;0.000000;0.000000;0.000000;2.000000;-227.684448;-65.944458;1356.981934;1.439423;0.000000;0.000000;0.000000;0.000000;2.000000;19387899904.000000
0.000000;-150.000000;2000.000000;0.000000;0.000000;0.000000;0.000000;0.000000;2.000000;-56.623631;-168.684647;1835.087891;0.229807;0.000000;0.000000;0.000000;0.000000;2.000000;-112.639679;-132.368073;1711.811035;0.593420;0.000000;0.000000;0.000000;0.000000;2.000000;-160.617615;-70.619453;1513.254517;0.679840;0.000000;0.000000;0.000000;0.000000;2.000000;-120.805878;-73.939377;1540.183350;0.681160;0.000000;0.000000;0.000000;0.000000;2.000000;-13.078472;-3.579771;1596.646484;0.844289;0.000000;0.000000;0.000000;0.000000;2.000000;34.234406;238.396576;1710.617676;0.884049;0.000000;0.000000;0.000000;0.000000;2.000000;28.329117;465.808716;1725.540771;1.415808;0.000000;0.000000;0.000000;0.000000;2.000000;31.895508;558.631287;1743.699829;1.651193;0.000000;0.000000;0.000000;0.000000;2.000000;98.339081;534.833008;1664.330688;4.089151;0.000000;0.000000;0.000000;0.000000;2.000000;20.035240;591.899292;1722.818481;2.770338;0.000000;0.000000;0.000000;0.000000;2.000000;-184.115784;-89.595055;1551.243042;0.625248;0.000000;0.000000;0.000000;0.000000;2.000000;-295.159119;-64.152275;1612.330688;0.722477;0.000000;0.000000;0.000000;0.000000;2.000000;-305.220245;190.538467;1720.173096;1.386586;0.000000;0.000000;0.000000;0.000000;2.000000;-217.781250;402.295593;1691.687988;1.438398;0.000000;0.000000;0.000000;0.000000;2.000000;-232.017273;469.728088;1766.761475;1.359076;0.000000;0.000000;0.000000;0.000000;2.000000;-174.448898;506.394714;1687.766113;1.476569;0.000000;0.000000;0.000000;0.000000;2.000000;-157.932434;513.034119;1693.992554;1.692091;0.000000;0.000000;0.000000;0.000000;2.000000;81.339226;-127.858093;1969.562988;0.079491;0.000000;0.000000;0.000000;0.000000;2.000000;19.254055;249.151627;1875.472168;0.196294;0.000000;0.000000;0.000000;0.000000;2.000000;-10.423229;618.302185;1940.842163;0.416074;0.000000;0.000000;0.000000;0.000000;2.000000;-57.525234;723.270447;1797.067261;0.923934;0.000000;0.000000;0.000000;0.000000;2.000000;-73.347168;-169.966324;2027.446411;0.071677;0.000000;0.000000;0.000000;0.000000;2.000000;-185.206192;205.434448;2060.198242;2.629890;0.000000;0.000000;0.000000;0.000000;2.000000;-134.684555;469.281067;2328.991699;2.643919;0.000000;0.000000;0.000000;0.000000;1.000000;-207.691833;622.053284;2323.189697;2.784633;0.000000;0.000000;0.000000;0.000000;1.000000;-180.689240;-35.468525;1443.911377;0.760617;0.000000;0.000000;0.000000;0.000000;2.000000;-138.429718;82.541344;1347.813232;1.029050;0.000000;0.000000;0.000000;0.000000;2.000000;-119.598328;32.304764;1335.626343;0.802258;0.000000;0.000000;0.000000;0.000000;1.000000;-94.166595;-70.880997;1400.688721;0.830809;0.000000;0.000000;0.000000;0.000000;1.000000;-168.132751;46.863754;1327.052246;0.568553;0.000000;0.000000;0.000000;0.000000;2.000000;-251.416412;-42.317928;1368.234375;1.078111;0.000000;0.000000;0.000000;0.000000;2.000000;19387932672.000000
0.000000;-150.000000;2000.000000;0.000000;0.000000;0.000000;0.000000;0.000000;2.000000;-43.984543;-176.905716;1825.600830;0.511660;0.000000;0.000000;0.000000;0.000000;2.000000;-94.381035;-138.499741;1694.744873;0.739138;0.000000;0.000000;0.000000;0.000000;2.000000;-144.175140;-49.499519;1498.332275;0.880182;0.000000;0.000000;0.000000;0.000000;2.000000;-103.371712;-53.979107;1526.818115;0.852525;0.000000;0.000000;0.000000;0.000000;2.000000;2.731781;26.709915;1585.691650;1.030586;0.000000;0.000000;0.000000;0.000000;2.000000;45.961105;284.543640;1690.597534;1.483555;0.000000;0.000000;0.000000;0.000000;2.000000;36.012924;520.571045;1700.131226;1.747966;0.000000;0.000000;0.000000;0.000000;2.000000;16.742241;616.566528;1693.165161;2.250612;0.000000;0.000000;0.000000;0.000000;2.000000;109.205154;572.717529;1652.417725;1.182593;0.000000;0.000000;0.000000;0.000000;2.000000;5.538979;641.284241;1749.845215;1.669724;0.000000;0.000000;0.000000;0.000000;2.000000;-167.888702;-76.230270;1533.777344;0.785014;0.000000;0.000000;0.000000;0.000000;2.000000;-289.916901;-62.248844;1587.491089;0.731215;0.000000;0.000000;0.000000;0.000000;2.000000;-301.732483;207.211334;1685.647827;1.105773;0.000000;0.000000;0.000000;0.000000;2.000000;-193.804352;416.676117;1643.232666;1.606816;0.000000;0.000000;0.000000;0.000000;2.000000;-218.567444;496.618591;1707.778320;1.901548;0.000000;0.000000;0.000000;0.000000;2.000000;-139.388214;527.621887;1640.760986;1.791259;0.000000;0.000000;0.000000;0.000000;2.000000;-144.370544;543.232849;1654.829102;1.472893;0.000000;0.000000;0.000000;0.000000;2.000000;85.677315;-124.566422;1974.467773;0.210500;0.000000;0.000000;0.000000;0.000000;2.000000;41.556801;220.235428;1760.686523;3.459747;0.000000;0.000000;0.000000;0.000000;2.000000;30.684399;552.488953;1964.636475;2.331191;0.000000;0.000000;0.000000;0.000000;2.000000;2.226257;703.631592;1851.433960;2.387879;0.000000;0.000000;0.000000;0.000000;1.000000;-77.258995;-172.934586;2023.023438;0.189820;0.000000;0.000000;0.000000;0.000000;2.000000;-115.758690;232.042725;1996.750610;2.807837;0.000000;0.000000;0.000000;0.000000;2.000000;-31.318733;467.408447;2301.375244;3.073524;0.000000;0.000000;0.000000;0.000000;1.000000;-83.781868;633.998291;2282.241211;3.763969;0.000000;0.000000;0.000000;0.000000;1.000000;-166.033234;-4.745842;1431.600586;1.039671;0.000000;0.000000;0.000000;0.000000;2.000000;-105.171257;89.956947;1312.612305;1.407171;0.000000;0.000000;0.000000;0.000000;2.000000;-83.262611;37.541298;1317.907959;1.170821;0.000000;0.000000;0.000000;0.000000;1.000000;-69.247566;-46.725578;1414.874146;1.076868;0.000000;0.000000;0.000000;0.000000;1.000000;-131.145020;46.980827;1296.490967;1.378107;0.000000;0.000000;0.000000;0.000000;2.000000;-223.344452;-36.004967;1345.994873;1.044519;0.000000;0.000000;0.000000;0.000000;2.000000;19387967488.000000
0.000000;-150.000000;2000.000000;0.000000;0.000000;0.000000;0.000000;0.000000;2.000000;-33.730545;-172.011307;1839.592773;0.550057;0.000000;0.000000;0.000000;0.000000;2.000000;-69.067192;-135.071121;1717.656494;1.047197;0.000000;0.000000;0.000000;0.000000;2.000000;-117.578926;-30.812988;1552.480103;1.927332;0.000000;0.000000;0.000000;0.000000;2.000000;-79.479179;-40.980812;1575.055298;1.689978;0.000000;0.000000;0.000000;0.000000;2.000000;27.247444;18.367172;1626.522827;1.475551;0.000000;0.000000;0.000000;0.000000;2.000000;40.556942;251.707336;1731.410767;1.607077;0.000000;0.000000;0.000000;0.000000;2.000000;-3.326103;455.109650;1785.553833;3.496864;0.000000;0.000000;0.000000;0.000000;1.000000;12.279488;540.856689;1766.258789;3.214441;0.000000;0.000000;0.000000;0.000000;1.000000;68.009132;555.060059;1684.244629;1.677593;0.000000;0.000000;0.000000;0.000000;1.000000;16.583755;573.868164;1789.782104;2.414916;0.000000;0.000000;0.000000;0.000000;1.000000;-139.282196;-56.667244;1583.392212;1.846926;0.000000;0.000000;0.000000;0.000000;2.000000;-244.340424;-42.201992;1643.528931;2.287665;0.000000;0.000000;0.000000;0.000000;2.000000;-266.011749;207.410721;1716.718262;1.444801;0.000000;0.000000;0.000000;0.000000;2.000000;-194.794647;410.948578;1686.585571;1.334864;0.000000;0.000000;0.000000;0.000000;2.000000;-207.790710;504.873199;1702.309692;0.446624;0.000000;0.000000;0.000000;0.000000;2.000000;-113.022240;515.009521;1677.601685;1.435129;0.000000;0.000000;0.000000;0.000000;2.000000;-135.267700;522.328369;1671.266968;0.857790;0.000000;0.000000;0.000000;0.000000;2.000000;81.041458;-135.360077;1980.949585;0.409445;0.000000;0.000000;0.000000;0.000000;2.000000;77.547531;205.621735;1834.492432;2.545284;0.000000;0.000000;0.000000;0.000000;2.000000;94.734215;492.396210;2042.484253;3.581598;0.000000;0.000000;0.000000;0.000000;2.000000;79.581535;653.258545;1978.810913;4.800694;0.000000;0.000000;0.000000;0.000000;1.000000;-73.078651;-163.201462;2017.178467;0.369216;0.000000;0.000000;0.000000;0.000000;2.000000;-245.622589;153.487030;1931.323120;5.043844;0.000000;0.000000;0.000000;0.000000;2.000000;-230.963074;392.592865;2197.912109;7.232078;0.000000;0.000000;0.000000;0.000000;2.000000;-284.709961;543.049561;2195.707031;7.230279;0.000000;0.000000;0.000000;0.000000;1.000000;-137.288513;18.062546;1498.100708;2.317879;0.000000;0.000000;0.000000;0.000000;2.000000;-116.901070;112.723389;1384.903564;2.340506;0.000000;0.000000;0.000000;0.000000;2.000000;-74.923836;88.292778;1403.162354;3.038539;0.000000;0.000000;0.000000;0.000000;2.000000;-43.574661;42.172424;1506.609131;3.976344;0.000000;0.000000;0.000000;0.000000;2.000000;-108.037010;66.597755;1375.197754;2.573912;0.000000;0.000000;0.000000;0.000000;2.000000;-139.632874;-41.579407;1420.495361;3.424098;0.000000;0.000000;0.000000;0.000000;2.000000;19388000256.000000
0.000000;-150.000000;2000.000000;0.000000;0.000000;0.000000;0.000000;0.000000;2.000000;-37.077629;-188.077667;1826.427979;0.642062;0.000000;0.000000;0.000000;0.000000;2.000000;-78.110687;-149.601425;1692.651489;0.924720;0.000000;0.000000;0.000000;0.000000;2.000000;-132.403900;-34.559242;1512.053101;1.319036;0.000000;0.000000;0.000000;0.000000;2.000000;-90.767715;-43.871582;1537.878784;1.188964;0.000000;0.000000;0.000000;0.000000;2.000000;20.496109;23.629303;1602.844971;0.768359;0.000000;0.000000;0.000000;0.000000;2.000000;43.140701;292.520630;1681.869629;1.960437;0.000000;0.000000;0.000000;0.000000;2.000000;61.920769;518.262512;1748.058960;2.998079;0.000000;0.000000;0.000000;0.000000;2.000000;26.933826;601.797058;1785.441772;2.000349;0.000000;0.000000;0.000000;0.000000;2.000000;88.939598;551.318237;1709.976563;1.018674;0.000000;0.000000;0.000000;0.000000;2.000000;6.054718;634.572815;1730.349609;2.612443;0.000000;0.000000;0.000000;0.000000;2.000000;-155.565048;-64.934921;1544.684082;1.306140;0.000000;0.000000;0.000000;0.000000;2.000000;-271.982697;-59.439819;1610.427124;1.417333;0.000000;0.000000;0.000000;0.000000;2.000000;-306.324188;218.146484;1672.447144;1.856382;0.000000;0.000000;0.000000;0.000000;2.000000;-208.781189;434.593994;1645.098999;1.518495;0.000000;0.000000;0.000000;0.000000;2.000000;-207.321869;532.518982;1684.311279;1.006827;0.000000;0.000000;0.000000;0.000000;2.000000;-222.916809;631.140991;1725.654297;5.094917;0.000000;0.000000;0.000000;0.000000;2.000000;-141.706451;551.244995;1681.073120;0.952319;0.000000;0.000000;0.000000;0.000000;2.000000;88.531921;-133.740448;1977.521362;0.256208;0.000000;0.000000;0.000000;0.000000;2.000000;32.402866;167.484711;1709.123291;4.229729;0.000000;0.000000;0.000000;0.000000;2.000000;106.429115;377.713135;2028.295044;3.544550;0.000000;0.000000;0.000000;0.000000;2.000000;87.952209;561.474121;1981.124146;2.813549;0.000000;0.000000;0.000000;0.000000;1.000000;-79.833130;-164.661957;2020.270142;0.231037;0.000000;0.000000;0.000000;0.000000;2.000000;-286.761688;132.439148;1834.584717;3.271757;0.000000;0.000000;0.000000;0.000000;2.000000;-225.071228;320.704926;2174.440430;2.314816;0.000000;0.000000;0.000000;0.000000;1.000000;-292.075653;482.337830;2162.511719;2.123571;0.000000;0.000000;0.000000;0.000000;1.000000;-155.279648;19.027634;1452.779053;1.488390;0.000000;0.000000;0.000000;0.000000;2.000000;-165.806458;87.209328;1304.547119;2.974464;0.000000;0.000000;0.000000;0.000000;2.000000;-113.774521;73.415955;1323.144775;2.752257;0.000000;0.000000;0.000000;0.000000;2.000000;-58.185089;60.817390;1438.857422;2.190345;0.000000;0.000000;0.000000;0.000000;2.000000;-148.751663;37.415451;1305.520264;2.618871;0.000000;0.000000;0.000000;0.000000;2.000000;-156.325592;-66.870735;1388.220703;1.351054;0.000000;0.000000;0.000000;0.000000;2.000000;19388033024.000000
0.000000;-150.000000;2000.000000;0.000000;0.000000;0.000000;0.000000;0.000000;2.000000;-36.172417;-187.265167;1826.010864;0.039243;0.000000;0.000000;0.000000;0.000000;2.000000;-76.442131;-147.851791;1692.233276;0.074878;0.000000;0.000000;0.000000;0.000000;2.000000;-128.100403;-31.262978;1511.782471;0.165637;0.000000;0.000000;0.000000;0.000000;2.000000;-86.800789;-40.958527;1538.029419;0.150266;0.000000;0.000000;0.000000;0.000000;2.000000;23.650242;26.787910;1604.202026;0.142380;0.000000;0.000000;0.000000;0.000000;2.000000;43.074417;296.525757;1681.443970;0.122932;0.000000;0.000000;0.000000;0.000000;2.000000;54.469971;524.067627;1743.229370;0.323743;0.000000;0.000000;0.000000;0.000000;2.000000;19.814934;604.918640;1786.435791;0.239151;0.000000;0.000000;0.000000;0.000000;2.000000;80.541763;556.205505;1708.760132;0.298837;0.000000;0.000000;0.000000;0.000000;2.000000;15.470829;646.031677;1797.607422;2.101857;0.000000;0.000000;0.000000;0.000000;2.000000;-151.789337;-61.760983;1543.937378;0.152244;0.000000;0.000000;0.000000;0.000000;2.000000;-269.038635;-55.356773;1608.174927;0.168293;0.000000;0.000000;0.000000;0.000000;2.000000;-300.542816;222.785278;1669.558350;0.242778;0.000000;0.000000;0.000000;0.000000;2.000000;-200.046326;438.015106;1642.746338;0.295149;0.000000;0.000000;0.000000;0.000000;2.000000;-196.883667;535.000366;1684.204590;0.327442;0.000000;0.000000;0.000000;0.000000;2.000000;-214.086151;632.747559;1727.035645;0.277139;0.000000;0.000000;0.000000;0.000000;2.000000;-121.583290;557.780090;1662.910645;0.850956;0.000000;0.000000;0.000000;0.000000;2.000000;88.702667;-133.765778;1978.081543;0.017889;0.000000;0.000000;0.000000;0.000000;2.000000;42.336617;178.048401;1719.944824;0.552171;0.000000;0.000000;0.000000;0.000000;2.000000;112.478966;352.881256;2060.738525;1.260417;0.000000;0.000000;0.000000;0.000000;1.000000;101.756943;540.659729;2029.463257;1.660470;0.000000;0.000000;0.000000;0.000000;1.000000;-79.987099;-164.639130;2019.764771;0.016138;0.000000;0.000000;0.000000;0.000000;2.000000;-250.619293;167.105652;1857.021729;1.674706;0.000000;0.000000;0.000000;0.000000;2.000000;-196.770203;373.930084;2187.411621;1.881754;0.000000;0.000000;0.000000;0.000000;2.000000;-260.250214;535.078613;2159.575684;1.881989;0.000000;0.000000;0.000000;0.000000;1.000000;-150.037079;22.859581;1452.609375;0.198240;0.000000;0.000000;0.000000;0.000000;2.000000;-155.471100;97.180763;1307.030273;0.444778;0.000000;0.000000;0.000000;0.000000;2.000000;-104.887611;77.410110;1324.223267;0.299156;0.000000;0.000000;0.000000;0.000000;1.000000;-49.303230;54.892677;1438.461914;0.326047;0.000000;0.000000;0.000000;0.000000;1.000000;-143.662659;45.876602;1305.955933;0.301613;0.000000;0.000000;0.000000;0.000000;2.000000;-160.886444;-60.064621;1385.086182;0.267703;0.000000;0.000000;0.000000;0.000000;2.000000;19388065792.000000
0.000000;-150.000000;2000.000000;0.000000;0.000000;0.000000;0.000000;0.000000;2.000000;-39.480057;-179.868652;1812.524048;0.451904;0.000000;0.000000;0.000000;0.000000;2.000000;-88.698723;-125.424751;1675.984009;0.869884;0.000000;0.000000;0.000000;0.000000;2.000000;-123.885857;5.183529;1482.639771;1.345794;0.000000;0.000000;0.000000;0.000000;2.000000;-82.354012;-8.315978;1513.149048;1.185768;0.000000;0.000000;0.000000;0.000000;2.000000;35.406265;77.186050;1567.569580;1.821127;0.000000;0.000000;0.000000;0.000000;2.000000;48.623051;365.513123;1650.638184;2.175909;0.000000;0.000000;0.000000;0.000000;2.000000;47.769527;609.415527;1714.329590;2.595268;0.000000;0.000000;0.000000;0.000000;2.000000;41.708599;713.336487;1725.136841;3.632146;0.000000;0.000000;0.000000;0.000000;2.000000;81.462090;626.443665;1656.861816;2.508519;0.000000;0.000000;0.000000;0.000000;2.000000;6.933441;737.877625;1715.248413;3.551789;0.000000;0.000000;0.000000;0.000000;2.000000;-153.241394;-26.268658;1514.714233;1.321171;0.000000;0.000000;0.000000;0.000000;2.000000;-290.099640;-8.669962;1551.998901;2.183465;0.000000;0.000000;0.000000;0.000000;2.000000;-319.940643;292.486023;1597.470337;2.933508;0.000000;0.000000;0.000000;0.000000;2.000000;-180.145721;506.077393;1596.529297;2.431167;0.000000;0.000000;0.000000;0.000000;2.000000;-192.288177;611.551331;1634.291992;2.628131;0.000000;0.000000;0.000000;0.000000;1.000000;-227.550812;705.222107;1691.805176;2.346649;0.000000;0.000000;0.000000;0.000000;1.000000;-101.664162;597.840088;1623.841431;1.706020;0.000000;0.000000;0.000000;0.000000;1.000000;92.967148;-125.030899;1976.444336;0.283123;0.000000;0.000000;0.000000;0.000000;2.000000;38.412628;196.581757;1688.505493;1.054279;0.000000;0.000000;0.000000;0.000000;2.000000;107.910439;392.018982;2048.906250;1.181688;0.000000;0.000000;0.000000;0.000000;2.000000;105.184280;589.219116;1998.285767;1.660394;0.000000;0.000000;0.000000;0.000000;1.000000;-83.832573;-172.515732;2021.241333;0.255305;0.000000;0.000000;0.000000;0.000000;2.000000;-231.337097;192.661728;1837.393066;1.078603;0.000000;0.000000;0.000000;0.000000;2.000000;-149.074768;371.666138;2208.555908;1.499922;0.000000;0.000000;0.000000;0.000000;1.000000;-208.930084;548.211548;2190.040039;1.755198;0.000000;0.000000;0.000000;0.000000;1.000000;-139.703705;65.279030;1419.231201;1.578503;0.000000;0.000000;0.000000;0.000000;2.000000;-136.048126;127.855194;1256.220947;1.793660;0.000000;0.000000;0.000000;0.000000;2.000000;-82.606682;120.747696;1284.403809;1.807500;0.000000;0.000000;0.000000;0.000000;2.000000;-40.345551;120.819366;1415.545898;2.021151;0.000000;0.000000;0.000000;0.000000;2.000000;-112.543800;77.273003;1263.360596;1.763211;0.000000;0.000000;0.000000;0.000000;1.000000;-121.095665;-29.492634;1357.201904;1.648849;0.000000;0.000000;0.000000;0.000000;1.000000;19388100608.000000
0.000000;-150.000000;2000.000000;0.000000;0.000000;0.000000;0.000000;0.000000;2.000000;-30.412537;-167.273117;1812.607178;0.473637;0.000000;0.000000;0.000000;0.000000;2.000000;-79.808357;-106.388611;1681.922607;0.666290;0.000000;0.000000;0.000000;0.000000;2.000000;-125.348473;39.489254;1507.393555;1.291789;0.000000;0.000000;0.000000;0.000000;2.000000;-82.997704;24.409794;1534.262939;1.188693;0.000000;0.000000;0.000000;0.000000;2.000000;34.187626;100.486008;1596.000488;1.122404;0.000000;0.000000;0.000000;0.000000;2.000000;46.491791;385.425049;1672.459351;0.903851;0.000000;0.000000;0.000000;0.000000;2.000000;35.973099;627.608704;1723.983643;0.724333;0.000000;0.000000;0.000000;0.000000;2.000000;36.268909;719.575806;1770.117920;1.395764;0.000000;0.000000;0.000000;0.000000;2.000000;66.015587;645.817444;1686.420410;1.177064;0.000000;0.000000;0.000000;0.000000;2.000000;-0.871857;751.486755;1738.911377;0.866434;0.000000;0.000000;0.000000;0.000000;2.000000;-152.123230;4.755512;1536.719849;1.161272;0.000000;0.000000;0.000000;0.000000;2.000000;-284.966248;10.743168;1582.139526;1.105258;0.000000;0.000000;0.000000;0.000000;2.000000;-317.513458;300.559326;1656.065552;1.806596;0.000000;0.000000;0.000000;0.000000;2.000000;-172.784454;499.694336;1607.260376;0.442334;0.000000;0.000000;0.000000;0.000000;2.000000;-211.566559;591.242004;1656.128296;1.083674;0.000000;0.000000;0.000000;0.000000;1.000000;-232.607910;692.186707;1703.528076;0.556829;0.000000;0.000000;0.000000;0.000000;1.000000;-115.807854;602.179932;1648.675903;0.882179;0.000000;0.000000;0.000000;0.000000;1.000000;89.367783;-115.460556;1982.312500;0.359774;0.000000;0.000000;0.000000;0.000000;2.000000;28.511078;221.338562;1725.710938;1.396887;0.000000;0.000000;0.000000;0.000000;2.000000;0.033615;518.434021;2005.083008;5.244999;0.000000;0.000000;0.000000;0.000000;2.000000;-6.892113;644.013977;1849.354004;5.928920;0.000000;0.000000;0.000000;0.000000;2.000000;-80.586876;-181.145737;2015.949585;0.324427;0.000000;0.000000;0.000000;0.000000;2.000000;-196.078217;213.665527;1900.304932;2.292325;0.000000;0.000000;0.000000;0.000000;2.000000;-144.894409;376.807678;2276.370117;2.079382;0.000000;0.000000;0.000000;0.000000;1.000000;-221.464355;539.086792;2234.880127;1.447898;0.000000;0.000000;0.000000;0.000000;1.000000;-144.888916;104.090706;1452.046997;1.559119;0.000000;0.000000;0.000000;0.000000;2.000000;-185.820496;160.433105;1295.105957;2.168822;0.000000;0.000000;0.000000;0.000000;2.000000;-128.887665;144.663040;1304.424561;1.703172;0.000000;0.000000;0.000000;0.000000;1.000000;-46.701378;140.030151;1412.000854;0.626925;0.000000;0.000000;0.000000;0.000000;1.000000;-170.134064;107.510376;1298.146729;2.251075;0.000000;0.000000;0.000000;0.000000;2.000000;-163.778168;7.838482;1396.251221;2.101121;0.000000;0.000000;0.000000;0.000000;2.000000;19388133376.000000
0.000000;-150.000000;2000.000000;0.000000;0.000000;0.000000;0.000000;0.000000;2.000000;-28.672836;-166.064270;1813.988647;0.077182;0.000000;0.000000;0.000000;0.000000;2.000000;-73.197151;-100.624435;1685.383179;0.287756;0.000000;0.000000;0.000000;0.000000;2.000000;-120.772179;41.204353;1510.855103;0.182765;0.000000;0.000000;0.000000;0.000000;2.000000;-78.544594;27.208382;1537.578613;0.189740;0.000000;0.000000;0.000000;0.000000;2.000000;36.917789;103.270599;1599.153076;0.153034;0.000000;0.000000;0.000000;0.000000;2.000000;48.973137;386.025726;1673.387817;0.082904;0.000000;0.000000;0.000000;0.000000;2.000000;38.296059;626.557312;1721.711548;0.104225;0.000000;0.000000;0.000000;0.000000;2.000000;30.987061;720.023438;1761.775391;0.301640;0.000000;0.000000;0.000000;0.000000;2.000000;73.381233;648.730774;1682.979370;0.263551;0.000000;0.000000;0.000000;0.000000;2.000000;-1.253792;750.085205;1741.054443;0.079010;0.000000;0.000000;0.000000;0.000000;2.000000;-146.734436;6.730944;1540.358154;0.207382;0.000000;0.000000;0.000000;0.000000;2.000000;-277.743042;5.579798;1587.511475;0.316697;0.000000;0.000000;0.000000;0.000000;2.000000;-341.033508;293.525024;1631.763550;1.054188;0.000000;0.000000;0.000000;0.000000;2.000000;-362.351715;541.288147;1631.821777;5.969995;0.000000;0.000000;0.000000;0.000000;2.000000;-417.257843;556.663147;1725.627319;6.709338;0.000000;0.000000;0.000000;0.000000;2.000000;-344.258331;642.193176;1724.420654;3.787337;0.000000;0.000000;0.000000;0.000000;2.000000;-352.595123;572.632751;1745.200317;7.855428;0.000000;0.000000;0.000000;0.000000;2.000000;90.528648;-120.787804;1983.522583;0.170439;0.000000;0.000000;0.000000;0.000000;2.000000;34.073116;201.101288;1713.589722;0.739639;0.000000;0.000000;0.000000;0.000000;2.000000;-74.125511;508.976196;1953.591919;2.770277;0.000000;0.000000;0.000000;0.000000;2.000000;-10.933807;659.370056;1840.756836;0.551056;0.000000;0.000000;0.000000;0.000000;2.000000;-81.633659;-176.341919;2014.858398;0.153692;0.000000;0.000000;0.000000;0.000000;2.000000;-201.430237;194.353912;1848.995850;1.681018;0.000000;0.000000;0.000000;0.000000;2.000000;-207.082001;562.633545;2027.611816;9.663970;0.000000;0.000000;0.000000;0.000000;2.000000;-292.631317;670.408508;1907.738037;10.974966;0.000000;0.000000;0.000000;0.000000;2.000000;-141.185608;104.275139;1455.306641;0.150665;0.000000;0.000000;0.000000;0.000000;2.000000;-165.415009;172.536926;1301.361572;0.748782;0.000000;0.000000;0.000000;0.000000;2.000000;-110.064278;156.803680;1315.531250;0.762984;0.000000;0.000000;0.000000;0.000000;1.000000;-40.838982;144.152771;1429.828369;0.586370;0.000000;0.000000;0.000000;0.000000;1.000000;-149.245361;120.200645;1301.766724;0.754028;0.000000;0.000000;0.000000;0.000000;2.000000;-151.745850;13.687698;1390.607666;0.443125;0.000000;0.000000;0.000000;0.000000;2.000000;19388166144.000000
0.000000;-150.000000;2000.000000;0.000000;0.000000;0.000000;0.000000;0.000000;2.000000;-32.223930;-164.483521;1816.592407;0.134379;0.000000;0.000000;0.000000;0.000000;2.000000;-78.822327;-96.562874;1692.044800;0.276267;0.000000;0.000000;0.000000;0.000000;2.000000;-124.533310;45.005905;1520.196411;0.309161;0.000000;0.000000;0.000000;0.000000;2.000000;-82.757523;29.830479;1545.843384;0.276886;0.000000;0.000000;0.000000;0.000000;2.000000;34.453938;103.333832;1602.917236;0.129230;0.000000;0.000000;0.000000;0.000000;2.000000;53.300926;380.291351;1684.409912;0.377893;0.000000;0.000000;0.000000;0.000000;2.000000;38.085171;618.997131;1726.252441;0.253378;0.000000;0.000000;0.000000;0.000000;2.000000;25.755363;699.186768;1786.091675;0.931962;0.000000;0.000000;0.000000;0.000000;2.000000;84.485931;686.478516;1690.244385;1.149251;0.000000;0.000000;0.000000;0.000000;2.000000;8.223679;747.168579;1741.003052;0.284818;0.000000;0.000000;0.000000;0.000000;2.000000;-150.745117;11.797935;1549.899048;0.330980;0.000000;0.000000;0.000000;0.000000;2.000000;-277.910217;28.987991;1599.800293;0.759374;0.000000;0.000000;0.000000;0.000000;2.000000;-320.037781;308.707977;1682.750610;1.642718;0.000000;0.000000;0.000000;0.000000;2.000000;-342.890381;546.428955;1741.329468;3.198021;0.000000;0.000000;0.000000;0.000000;2.000000;-373.137207;639.057251;1789.157715;3.245955;0.000000;0.000000;0.000000;0.000000;2.000000;-317.171265;680.062317;1702.262451;1.481021;0.000000;0.000000;0.000000;0.000000;2.000000;-354.244781;679.522766;1758.625366;3.094624;0.000000;0.000000;0.000000;0.000000;2.000000;89.354736;-121.597282;1982.057739;0.058717;0.000000;0.000000;0.000000;0.000000;2.000000;34.466713;194.016174;1711.796509;0.210223;0.000000;0.000000;0.000000;0.000000;2.000000;-61.464493;508.798798;1940.166016;0.530073;0.000000;0.000000;0.000000;0.000000;2.000000;-22.676476;670.832581;1836.684937;0.485621;0.000000;0.000000;0.000000;0.000000;2.000000;-80.575089;-175.612000;2016.179321;0.052947;0.000000;0.000000;0.000000;0.000000;2.000000;-195.521606;190.846344;1849.495850;0.197883;0.000000;0.000000;0.000000;0.000000;2.000000;-179.636932;498.384735;2112.183594;3.150776;0.000000;0.000000;0.000000;0.000000;1.000000;-252.370667;647.716187;2041.666260;4.069334;0.000000;0.000000;0.000000;0.000000;1.000000;-143.711945;107.954140;1465.574707;0.321577;0.000000;0.000000;0.000000;0.000000;2.000000;-156.066605;190.296326;1319.393921;0.774949;0.000000;0.000000;0.000000;0.000000;2.000000;-104.038620;166.708069;1332.453613;0.589175;0.000000;0.000000;0.000000;0.000000;2.000000;-39.817665;136.199921;1444.525146;0.480864;0.000000;0.000000;0.000000;0.000000;2.000000;-146.838440;137.060272;1315.559814;0.629467;0.000000;0.000000;0.000000;0.000000;2.000000;-164.359726;26.056976;1394.217529;0.517912;0.000000;0.000000;0.000000;0.000000;1.000000;19388200960.000000
0.000000;-150.000000;2000.000000;0.000000;0.000000;0.000000;0.000000;0.000000;2.000000;-40.168526;-179.901947;1808.531494;0.583694;0.000000;0.000000;0.000000;0.000000;2.000000;-77.611237;-109.424049;1671.915527;0.729915;0.000000;0.000000;0.000000;0.000000;2.000000;-121.993896;34.754898;1484.176636;1.145510;0.000000;0.000000;0.000000;0.000000;2.000000;-78.159836;18.412971;1511.888550;1.102200;0.000000;0.000000;0.000000;0.000000;2.000000;46.558136;103.024239;1561.222778;1.324981;0.000000;0.000000;0.000000;0.000000;2.000000;43.465225;393.600494;1658.842285;0.929448;0.000000;0.000000;0.000000;0.000000;2.000000;18.991974;642.139343;1720.714844;0.931050;0.000000;0.000000;0.000000;0.000000;2.000000;-21.097343;738.994812;1700.166382;3.224339;0.000000;0.000000;0.000000;0.000000;2.000000;38.148540;772.141663;1601.377686;4.023534;0.000000;0.000000;0.000000;0.000000;2.000000;-32.973518;739.177795;1631.192383;3.587528;0.000000;0.000000;0.000000;0.000000;2.000000;-150.731415;1.683266;1517.046387;1.049026;0.000000;0.000000;0.000000;0.000000;2.000000;-283.743591;34.459473;1567.210693;1.024067;0.000000;0.000000;0.000000;0.000000;2.000000;-332.245209;330.970245;1652.603882;1.202817;0.000000;0.000000;0.000000;0.000000;2.000000;-353.553131;585.704956;1703.017212;1.705746;0.000000;0.000000;0.000000;0.000000;2.000000;-404.574066;678.738464;1747.401733;2.002669;0.000000;0.000000;0.000000;0.000000;2.000000;-385.041748;612.329224;1652.059937;3.303021;0.000000;0.000000;0.000000;0.000000;1.000000;-363.997559;699.507202;1706.707642;1.723620;0.000000;0.000000;0.000000;0.000000;2.000000;98.261375;-140.601471;1977.917725;0.652839;0.000000;0.000000;0.000000;0.000000;2.000000;24.758312;191.961517;1692.921631;0.650773;0.000000;0.000000;0.000000;0.000000;2.000000;-65.419296;542.993530;1913.778809;1.323635;0.000000;0.000000;0.000000;0.000000;2.000000;-54.235222;657.221802;1740.529419;3.116245;0.000000;0.000000;0.000000;0.000000;2.000000;-88.606598;-158.475067;2019.912476;0.588693;0.000000;0.000000;0.000000;0.000000;2.000000;-206.012054;183.645599;1763.068481;2.665984;0.000000;0.000000;0.000000;0.000000;2.000000;-195.494873;609.823669;1810.023560;9.840241;0.000000;0.000000;0.000000;0.000000;2.000000;-326.912140;656.051575;1679.060425;11.300115;0.000000;0.000000;0.000000;0.000000;2.000000;-140.449509;99.728615;1423.767944;1.304107;0.000000;0.000000;0.000000;0.000000;2.000000;-163.561050;165.914429;1259.877197;1.976089;0.000000;0.000000;0.000000;0.000000;2.000000;-106.531784;146.356018;1274.723511;1.869606;0.000000;0.000000;0.000000;0.000000;2.000000;-33.255775;133.476318;1394.061768;1.555208;0.000000;0.000000;0.000000;0.000000;2.000000;-150.160614;110.166527;1262.445190;1.819696;0.000000;0.000000;0.000000;0.000000;2.000000;-158.557953;2.972118;1360.239258;1.266055;0.000000;0.000000;0.000000;0.000000;2.000000;19388233728.000000
0.000000;-150.000000;2000.000000;0.000000;0.000000;0.000000;0.000000;0.000000;2.000000;-44.781921;-169.666901;1827.881714;0.682715;0.000000;0.000000;0.000000;0.000000;2.000000;-80.336182;-101.879837;1707.036621;1.099409;0.000000;0.000000;0.000000;0.000000;2.000000;-122.403519;26.193542;1536.036133;1.604096;0.000000;0.000000;0.000000;0.000000;2.000000;-82.562668;12.300121;1561.262451;1.524210;0.000000;0.000000;0.000000;0.000000;2.000000;31.202644;79.576706;1616.828857;1.900345;0.000000;0.000000;0.000000;0.000000;2.000000;29.216755;335.815430;1722.444702;2.658254;0.000000;0.000000;0.000000;0.000000;2.000000;-5.298363;556.045898;1788.928223;3.433081;0.000000;0.000000;0.000000;0.000000;1.000000;-21.473930;649.218323;1769.321289;3.458378;0.000000;0.000000;0.000000;0.000000;1.000000;10.927387;724.620789;1698.543701;3.403833;0.000000;0.000000;0.000000;0.000000;1.000000;-18.299423;677.014465;1730.447754;3.602010;0.000000;0.000000;0.000000;0.000000;1.000000;-147.927109;-3.840721;1566.015747;1.506338;0.000000;0.000000;0.000000;0.000000;2.000000;-267.796631;17.554909;1616.719360;1.669057;0.000000;0.000000;0.000000;0.000000;2.000000;-315.342651;282.133545;1703.255493;2.208323;0.000000;0.000000;0.000000;0.000000;2.000000;-328.283386;513.233276;1747.038452;2.700172;0.000000;0.000000;0.000000;0.000000;2.000000;-350.285583;611.868103;1771.539795;2.729836;0.000000;0.000000;0.000000;0.000000;2.000000;-407.916199;593.728943;1683.807007;1.322185;0.000000;0.000000;0.000000;0.000000;1.000000;-374.478882;629.675598;1756.573975;2.638132;0.000000;0.000000;0.000000;0.000000;1.000000;88.274696;-145.550690;1976.524292;0.342790;0.000000;0.000000;0.000000;0.000000;2.000000;5.555660;187.424088;1767.953125;2.367632;0.000000;0.000000;0.000000;0.000000;2.000000;-55.321228;511.969666;1963.428467;1.813047;0.000000;0.000000;0.000000;0.000000;2.000000;-126.036438;658.266602;1869.087891;4.493841;0.000000;0.000000;0.000000;0.000000;2.000000;-79.601181;-154.012146;2021.169189;0.309109;0.000000;0.000000;0.000000;0.000000;2.000000;-207.073349;178.641403;1836.881226;2.257989;0.000000;0.000000;0.000000;0.000000;2.000000;-227.528519;565.652527;1849.709717;2.059029;0.000000;0.000000;0.000000;0.000000;2.000000;-352.998413;646.287109;1762.304321;2.678843;0.000000;0.000000;0.000000;0.000000;2.000000;-139.985184;84.139313;1480.850952;1.805886;0.000000;0.000000;0.000000;0.000000;2.000000;-154.363007;155.240982;1336.935669;2.390626;0.000000;0.000000;0.000000;0.000000;2.000000;-107.604843;125.615952;1346.287354;2.274058;0.000000;0.000000;0.000000;0.000000;2.000000;-40.206703;93.319504;1449.149536;2.091188;0.000000;0.000000;0.000000;0.000000;2.000000;-154.037109;103.354660;1336.375488;2.268817;0.000000;0.000000;0.000000;0.000000;2.000000;-179.006180;5.955654;1420.980957;1.958027;0.000000;0.000000;0.000000;0.000000;2.000000;19388266496.000000
0.000000;-150.000000;2000.000000;0.000000;0.000000;0.000000;0.000000;0.000000;2.000000;-39.648617;-165.544693;1814.175781;0.464024;0.000000;0.000000;0.000000;0.000000;2.000000;-86.662872;-90.962273;1689.855225;0.650548;0.000000;0.000000;0.000000;0.000000;2.000000;-126.345169;39.234482;1501.982544;1.119313;0.000000;0.000000;0.000000;0.000000;2.000000;-84.404953;23.156319;1528.923950;1.042536;0.000000;0.000000;0.000000;0.000000;2.000000;41.443268;93.326828;1579.648682;1.249471;0.000000;0.000000;0.000000;0.000000;2.000000;41.135597;371.044922;1680.008057;1.722026;0.000000;0.000000;0.000000;0.000000;2.000000;-20.772182;611.005798;1676.412842;3.850508;0.000000;0.000000;0.000000;0.000000;2.000000;-41.401058;710.817810;1690.550171;3.111667;0.000000;0.000000;0.000000;0.000000;2.000000;-46.878147;743.807007;1580.033325;4.066323;0.000000;0.000000;0.000000;0.000000;2.000000;-98.434784;715.550842;1655.073242;3.557366;0.000000;0.000000;0.000000;0.000000;2.000000;-154.856842;10.490936;1535.814941;1.041855;0.000000;0.000000;0.000000;0.000000;2.000000;-280.053375;47.181381;1588.048950;1.312592;0.000000;0.000000;0.000000;0.000000;2.000000;-300.757263;335.030273;1673.163330;1.909809;0.000000;0.000000;0.000000;0.000000;2.000000;-292.687225;582.279602;1715.523804;2.558322;0.000000;0.000000;0.000000;0.000000;2.000000;-368.214844;661.134521;1734.292114;1.962645;0.000000;0.000000;0.000000;0.000000;2.000000;-407.075684;611.720642;1639.797729;1.451182;0.000000;0.000000;0.000000;0.000000;1.000000;-371.119110;674.317017;1724.248047;1.685142;0.000000;0.000000;0.000000;0.000000;2.000000;92.371124;-127.730118;1978.428223;0.561041;0.000000;0.000000;0.000000;0.000000;2.000000;28.590450;179.869843;1688.047852;2.548267;0.000000;0.000000;0.000000;0.000000;2.000000;-41.131023;518.206177;1906.715820;1.794210;0.000000;0.000000;0.000000;0.000000;2.000000;-52.852558;678.339661;1787.153564;3.408151;0.000000;0.000000;0.000000;0.000000;1.000000;-83.295090;-170.081726;2019.452271;0.505915;0.000000;0.000000;0.000000;0.000000;2.000000;-203.901367;165.528763;1784.011108;1.665167;0.000000;0.000000;0.000000;0.000000;2.000000;-179.399872;527.005981;1982.548950;4.470193;0.000000;0.000000;0.000000;0.000000;1.000000;-265.403748;659.219055;1887.435547;4.678045;0.000000;0.000000;0.000000;0.000000;1.000000;-142.346069;99.160095;1440.563110;1.314138;0.000000;0.000000;0.000000;0.000000;2.000000;-141.217316;176.148941;1287.084106;1.697812;0.000000;0.000000;0.000000;0.000000;2.000000;-95.928894;139.042770;1299.309448;1.533043;0.000000;0.000000;0.000000;0.000000;2.000000;-34.080143;96.587051;1412.107910;1.150109;0.000000;0.000000;0.000000;0.000000;2.000000;-147.222946;121.197235;1286.199219;1.638441;0.000000;0.000000;0.000000;0.000000;2.000000;-190.049545;21.209610;1374.349121;1.534754;0.000000;0.000000;0.000000;0.000000;2.000000;19388299264.000000
0.000000;-150.000000;2000.000000;0.000000;0.000000;0.000000;0.000000;0.000000;2.000000;-42.721268;-167.931274;1809.745605;0.169349;0.000000;0.000000;0.000000;0.000000;2.000000;-89.845238;-90.043068;1682.392090;0.234525;0.000000;0.000000;0.000000;0.000000;2.000000;-121.978203;50.657631;1492.778931;0.439618;0.000000;0.000000;0.000000;0.000000;2.000000;-80.195396;33.277706;1521.870850;0.374394;0.000000;0.000000;0.000000;0.000000;2.000000;44.801281;112.468910;1574.051025;0.580896;0.000000;0.000000;0.000000;0.000000;2.000000;50.302242;390.933319;1694.147095;0.748707;0.000000;0.000000;0.000000;0.000000;2.000000;-29.619019;632.234558;1680.301880;0.669948;0.000000;0.000000;0.000000;0.000000;2.000000;-54.727654;734.335388;1669.568848;0.982832;0.000000;0.000000;0.000000;0.000000;2.000000;-37.625900;781.092102;1561.926270;1.219823;0.000000;0.000000;0.000000;0.000000;2.000000;-84.415932;713.941650;1584.442139;2.068786;0.000000;0.000000;0.000000;0.000000;2.000000;-152.744019;19.748814;1524.949707;0.414465;0.000000;0.000000;0.000000;0.000000;2.000000;-284.336548;64.102203;1564.334961;0.845734;0.000000;0.000000;0.000000;0.000000;2.000000;-300.650513;356.867279;1661.967285;0.704852;0.000000;0.000000;0.000000;0.000000;2.000000;-295.096466;606.334717;1726.710205;0.765111;0.000000;0.000000;0.000000;0.000000;2.000000;-368.877991;692.165955;1738.508911;0.899691;0.000000;0.000000;0.000000;0.000000;2.000000;-395.157593;639.504517;1637.882202;0.870083;0.000000;0.000000;0.000000;0.000000;1.000000;-368.775879;706.108032;1707.941895;1.028427;0.000000;0.000000;0.000000;0.000000;2.000000;95.335335;-130.350922;1976.740723;0.123549;0.000000;0.000000;0.000000;0.000000;2.000000;36.343269;186.578247;1678.163574;0.409038;0.000000;0.000000;0.000000;0.000000;2.000000;54.313820;482.771393;1975.297607;3.525823;0.000000;0.000000;0.000000;0.000000;1.000000;40.206871;659.350525;1870.892822;3.636866;0.000000;0.000000;0.000000;0.000000;1.000000;-85.968071;-167.718445;2020.973999;0.111410;0.000000;0.000000;0.000000;0.000000;2.000000;-191.992310;199.119049;1804.533936;1.181229;0.000000;0.000000;0.000000;0.000000;2.000000;-120.530479;506.459625;2088.270752;3.525362;0.000000;0.000000;0.000000;0.000000;1.000000;-194.959229;663.580383;2013.686157;4.154406;0.000000;0.000000;0.000000;0.000000;1.000000;-135.686859;114.464348;1431.302612;0.548231;0.000000;0.000000;0.000000;0.000000;2.000000;-148.336304;185.857086;1270.525635;0.588011;0.000000;0.000000;0.000000;0.000000;2.000000;-96.919014;154.804108;1283.414063;0.643577;0.000000;0.000000;0.000000;0.000000;2.000000;-25.753235;125.182076;1399.252563;0.931720;0.000000;0.000000;0.000000;0.000000;2.000000;-146.976074;129.110077;1272.134888;0.463562;0.000000;0.000000;0.000000;0.000000;2.000000;-175.037323;25.674797;1368.019775;0.485201;0.000000;0.000000;0.000000;0.000000;2.000000;19388334080.000000
0.000000;-150.000000;2000.000000;0.000000;0.000000;0.000000;0.000000;0.000000;2.000000;-42.011902;-171.724213;1809.816040;0.117778;0.000000;0.000000;0.000000;0.000000;2.000000;-88.107986;-100.998482;1677.832275;0.365996;0.000000;0.000000;0.000000;0.000000;2.000000;-120.919281;43.386810;1490.875732;0.231629;0.000000;0.000000;0.000000;0.000000;2.000000;-79.131790;26.409050;1520.279175;0.217604;0.000000;0.000000;0.000000;0.000000;2.000000;42.576958;110.929588;1572.261963;0.098972;0.000000;0.000000;0.000000;0.000000;2.000000;45.420082;389.785767;1692.175415;0.164455;0.000000;0.000000;0.000000;0.000000;2.000000;-28.433861;633.215576;1706.325439;0.795563;0.000000;0.000000;0.000000;0.000000;2.000000;-48.320335;736.937927;1700.416382;0.964760;0.000000;0.000000;0.000000;0.000000;2.000000;-47.452682;783.503418;1591.238647;0.946338;0.000000;0.000000;0.000000;0.000000;2.000000;-93.901108;719.273560;1621.484985;1.178220;0.000000;0.000000;0.000000;0.000000;2.000000;-151.395096;10.901447;1521.821533;0.289324;0.000000;0.000000;0.000000;0.000000;2.000000;-286.969849;45.286957;1557.968994;0.611475;0.000000;0.000000;0.000000;0.000000;2.000000;-322.148010;327.917816;1678.592529;1.211749;0.000000;0.000000;0.000000;0.000000;2.000000;-264.745972;578.053040;1705.124268;1.427152;0.000000;0.000000;0.000000;0.000000;2.000000;-333.680176;668.709473;1706.047241;1.627149;0.000000;0.000000;0.000000;0.000000;2.000000;-389.384460;645.449646;1606.207031;0.999184;0.000000;0.000000;0.000000;0.000000;1.000000;-350.851196;677.555481;1701.904053;1.045198;0.000000;0.000000;0.000000;0.000000;2.000000;95.576981;-131.129349;1976.731445;0.024876;0.000000;0.000000;0.000000;0.000000;2.000000;33.137592;157.827911;1651.159180;1.207700;0.000000;0.000000;0.000000;0.000000;2.000000;28.987598;503.222504;1890.573853;2.769843;0.000000;0.000000;0.000000;0.000000;2.000000;19.283375;672.125183;1773.410522;3.067553;0.000000;0.000000;0.000000;0.000000;1.000000;-86.185974;-167.016510;2020.982422;0.022431;0.000000;0.000000;0.000000;0.000000;2.000000;-226.206619;198.734711;1821.993652;1.172292;0.000000;0.000000;0.000000;0.000000;2.000000;-151.555328;490.327118;2121.611572;1.474479;0.000000;0.000000;0.000000;0.000000;1.000000;-217.944046;662.175049;2077.913574;2.082238;0.000000;0.000000;0.000000;0.000000;1.000000;-135.333160;108.305534;1430.628906;0.189381;0.000000;0.000000;0.000000;0.000000;2.000000;-151.039444;180.295563;1270.228271;0.188928;0.000000;0.000000;0.000000;0.000000;2.000000;-98.751022;150.378082;1282.526489;0.148673;0.000000;0.000000;0.000000;0.000000;2.000000;-25.868134;121.810722;1397.698730;0.113342;0.000000;0.000000;0.000000;0.000000;2.000000;-148.320007;123.542076;1271.512695;0.175830;0.000000;0.000000;0.000000;0.000000;2.000000;-173.134109;18.872757;1367.131958;0.217250;0.000000;0.000000;0.000000;0.000000;2.000000;19388366848.000000
0.000000;-150.000000;2000.000000;0.000000;0.000000;0.000000;0.000000;0.000000;2.000000;-39.196087;-175.048645;1806.073608;0.175274;0.000000;0.000000;0.000000;0.000000;2.000000;-82.465332;-104.547333;1669.779907;0.319014;0.000000;0.000000;0.000000;0.000000;2.000000;-119.459213;35.194733;1474.843018;0.551254;0.000000;0.000000;0.000000;0.000000;2.000000;-76.427795;19.376984;1504.844116;0.524159;0.000000;0.000000;0.000000;0.000000;2.000000;46.037819;109.233559;1554.471191;0.555525;0.000000;0.000000;0.000000;0.000000;2.000000;46.064972;390.194122;1682.855591;0.285371;0.000000;0.000000;0.000000;0.000000;2.000000;-38.283955;634.744812;1700.140137;0.358008;0.000000;0.000000;0.000000;0.000000;2.000000;-87.972061;721.595642;1660.464111;1.780467;0.000000;0.000000;0.000000;0.000000;2.000000;-56.302662;767.968933;1553.525269;1.273699;0.000000;0.000000;0.000000;0.000000;1.000000;-118.224838;721.123962;1621.607056;0.744456;0.000000;0.000000;0.000000;0.000000;2.000000;-149.789032;3.006390;1507.861450;0.491887;0.000000;0.000000;0.000000;0.000000;2.000000;-284.847534;48.097168;1544.424683;0.427082;0.000000;0.000000;0.000000;0.000000;2.000000;-296.107086;337.975159;1666.531128;0.928034;0.000000;0.000000;0.000000;0.000000;2.000000;-259.497955;590.507446;1728.323730;0.819367;0.000000;0.000000;0.000000;0.000000;2.000000;-339.105713;665.298889;1689.581055;0.539224;0.000000;0.000000;0.000000;0.000000;2.000000;-376.332001;645.677429;1578.563843;0.932942;0.000000;0.000000;0.000000;0.000000;1.000000;-349.141174;673.480957;1682.369385;0.611212;0.000000;0.000000;0.000000;0.000000;2.000000;97.962921;-132.519318;1977.942017;0.092010;0.000000;0.000000;0.000000;0.000000;2.000000;42.790825;155.805695;1640.174805;0.450515;0.000000;0.000000;0.000000;0.000000;2.000000;59.774002;495.023621;1900.080933;1.014639;0.000000;0.000000;0.000000;0.000000;1.000000;63.552868;653.922974;1763.733521;1.490293;0.000000;0.000000;0.000000;0.000000;1.000000;-88.337479;-165.763092;2019.890625;0.082972;0.000000;0.000000;0.000000;0.000000;2.000000;-202.360107;181.961304;1763.146240;2.004199;0.000000;0.000000;0.000000;0.000000;2.000000;-218.178894;610.336731;1818.110962;10.165314;0.000000;0.000000;0.000000;0.000000;2.000000;-311.184662;646.285461;1653.248169;13.277321;0.000000;0.000000;0.000000;0.000000;2.000000;-135.463150;98.893379;1411.406006;0.653194;0.000000;0.000000;0.000000;0.000000;2.000000;-155.263809;163.930328;1245.145508;0.923030;0.000000;0.000000;0.000000;0.000000;2.000000;-102.324783;132.973297;1257.546875;0.935492;0.000000;0.000000;0.000000;0.000000;2.000000;-24.969593;108.341209;1373.697510;0.840367;0.000000;0.000000;0.000000;0.000000;2.000000;-153.672165;106.275185;1249.398804;0.871658;0.000000;0.000000;0.000000;0.000000;2.000000;-177.944427;5.555908;1352.920654;0.612209;0.000000;0.000000;0.000000;0.000000;2.000000;19388399616.000000
0.000000;-150.000000;2000.000000;0.000000;0.000000;0.000000;0.000000;0.000000;2.000000;-36.203079;-175.688263;1806.185547;0.093464;0.000000;0.000000;0.000000;0.000000;2.000000;-77.021271;-106.141151;1669.202026;0.174009;0.000000;0.000000;0.000000;0.000000;2.000000;-105.890900;32.898884;1473.291870;0.422617;0.000000;0.000000;0.000000;0.000000;2.000000;-64.169418;16.692741;1504.609619;0.383027;0.000000;0.000000;0.000000;0.000000;2.000000;56.792137;104.906929;1559.102905;0.380954;0.000000;0.000000;0.000000;0.000000;2.000000;51.769386;379.077850;1699.312500;0.630571;0.000000;0.000000;0.000000;0.000000;2.000000;-28.236221;623.092957;1728.882935;0.994925;0.000000;0.000000;0.000000;0.000000;2.000000;-78.754929;714.668335;1704.819824;1.398615;0.000000;0.000000;0.000000;0.000000;2.000000;-60.266350;782.138062;1606.796631;1.686580;0.000000;0.000000;0.000000;0.000000;2.000000;-108.591171;702.605957;1650.445068;1.086424;0.000000;0.000000;0.000000;0.000000;2.000000;-137.576492;1.325047;1505.341919;0.383990;0.000000;0.000000;0.000000;0.000000;2.000000;-272.083160;50.141998;1537.076904;0.453779;0.000000;0.000000;0.000000;0.000000;2.000000;-268.868164;344.436371;1645.967529;1.060049;0.000000;0.000000;0.000000;0.000000;2.000000;-214.769928;596.585327;1690.859619;1.790187;0.000000;0.000000;0.000000;0.000000;2.000000;-295.429230;679.022766;1683.762451;1.408391;0.000000;0.000000;0.000000;0.000000;2.000000;-345.471558;654.360535;1579.362915;0.978659;0.000000;0.000000;0.000000;0.000000;2.000000;-321.954895;681.097839;1669.413208;0.947999;0.000000;0.000000;0.000000;0.000000;2.000000;98.050537;-132.972351;1979.427979;0.047484;0.000000;0.000000;0.000000;0.000000;2.000000;39.727764;136.230865;1628.431519;0.702873;0.000000;0.000000;0.000000;0.000000;2.000000;60.510536;456.049072;1909.686890;1.225209;0.000000;0.000000;0.000000;0.000000;1.000000;59.850597;630.790344;1795.414917;1.202461;0.000000;0.000000;0.000000;0.000000;1.000000;-88.416473;-165.354584;2018.550659;0.042819;0.000000;0.000000;0.000000;0.000000;2.000000;-132.551788;247.940338;1857.673096;4.112719;0.000000;0.000000;0.000000;0.000000;2.000000;-93.559097;640.821960;2030.268921;7.566295;0.000000;0.000000;0.000000;0.000000;1.000000;-162.084732;755.094360;1891.895020;9.207133;0.000000;0.000000;0.000000;0.000000;1.000000;-119.001007;96.364021;1409.349731;0.512139;0.000000;0.000000;0.000000;0.000000;2.000000;-138.241837;160.859253;1243.390137;0.530568;0.000000;0.000000;0.000000;0.000000;2.000000;-87.961227;125.671700;1254.574097;0.500025;0.000000;0.000000;0.000000;0.000000;1.000000;-9.663490;95.786064;1368.321045;0.626031;0.000000;0.000000;0.000000;0.000000;1.000000;-141.490982;103.504517;1248.361816;0.382546;0.000000;0.000000;0.000000;0.000000;2.000000;-171.031662;6.695320;1353.613892;0.214851;0.000000;0.000000;0.000000;0.000000;2.000000;19388432384.000000
0.000000;-150.000000;2000.000000;0.000000;0.000000;0.000000;0.000000;0.000000;2.000000;-33.707813;-172.571609;1815.456299;0.289921;0.000000;0.000000;0.000000;0.000000;2.000000;-78.546341;-117.743057;1682.034668;0.498817;0.000000;0.000000;0.000000;0.000000;2.000000;-126.221527;25.535778;1508.630005;1.189931;0.000000;0.000000;0.000000;0.000000;2.000000;-83.566971;8.766026;1533.006348;1.013650;0.000000;0.000000;0.000000;0.000000;2.000000;40.217243;74.886314;1589.821045;1.322345;0.000000;0.000000;0.000000;0.000000;2.000000;74.881004;320.455261;1745.233032;2.239511;0.000000;0.000000;0.000000;0.000000;2.000000;-18.159634;544.602600;1783.215454;2.757098;0.000000;0.000000;0.000000;0.000000;2.000000;-6.322742;624.833496;1845.050903;5.216223;0.000000;0.000000;0.000000;0.000000;2.000000;-28.965885;673.739258;1744.094604;5.104255;0.000000;0.000000;0.000000;0.000000;2.000000;-70.092743;651.349915;1833.915649;5.582119;0.000000;0.000000;0.000000;0.000000;2.000000;-152.781738;-6.692446;1540.101318;1.113784;0.000000;0.000000;0.000000;0.000000;2.000000;-277.687683;26.982471;1591.718018;1.712162;0.000000;0.000000;0.000000;0.000000;2.000000;-294.941925;315.176270;1666.397095;1.269441;0.000000;0.000000;0.000000;0.000000;2.000000;-232.848709;556.046265;1668.563477;1.426720;0.000000;0.000000;0.000000;0.000000;2.000000;-243.604599;644.336914;1732.960205;2.281457;0.000000;0.000000;0.000000;0.000000;2.000000;-316.306274;684.299438;1656.993652;2.532380;0.000000;0.000000;0.000000;0.000000;2.000000;-255.273148;677.556152;1687.543579;1.987399;0.000000;0.000000;0.000000;0.000000;2.000000;90.837448;-123.866951;1980.211792;0.334405;0.000000;0.000000;0.000000;0.000000;2.000000;40.601532;114.179840;1632.961670;0.647073;0.000000;0.000000;0.000000;0.000000;2.000000;55.718491;374.616821;1943.023804;2.531084;0.000000;0.000000;0.000000;0.000000;1.000000;36.625816;557.301208;1867.997314;3.040815;0.000000;0.000000;0.000000;0.000000;1.000000;-81.912125;-173.565308;2017.843994;0.301547;0.000000;0.000000;0.000000;0.000000;2.000000;-138.757355;236.388107;1927.884766;2.051522;0.000000;0.000000;0.000000;0.000000;2.000000;-85.376862;524.700073;2213.706299;6.240142;0.000000;0.000000;0.000000;0.000000;1.000000;-149.973129;676.411682;2135.380371;7.357808;0.000000;0.000000;0.000000;0.000000;1.000000;-145.357895;89.407722;1453.503052;1.490412;0.000000;0.000000;0.000000;0.000000;2.000000;-151.170090;178.301529;1308.494507;1.971194;0.000000;0.000000;0.000000;0.000000;2.000000;-105.860992;140.693451;1315.340820;1.869971;0.000000;0.000000;0.000000;0.000000;2.000000;-39.499302;89.397820;1420.182739;1.728274;0.000000;0.000000;0.000000;0.000000;2.000000;-157.298721;124.098495;1303.298096;1.745225;0.000000;0.000000;0.000000;0.000000;2.000000;-195.862335;17.908939;1383.872681;1.169501;0.000000;0.000000;0.000000;0.000000;2.000000;19388467200.000000
0.000000;-150.000000;2000.000000;0.000000;0.000000;0.000000;0.000000;0.000000;2.000000;-33.681259;-172.811905;1815.549805;0.007910;0.000000;0.000000;0.000000;0.000000;2.000000;-78.494087;-118.359489;1682.026367;0.018881;0.000000;0.000000;0.000000;0.000000;2.000000;-126.367104;24.200577;1508.192871;0.043105;0.000000;0.000000;0.000000;0.000000;2.000000;-83.701866;7.576618;1532.610962;0.038472;0.000000;0.000000;0.000000;0.000000;2.000000;39.921738;74.186714;1589.058594;0.032841;0.000000;0.000000;0.000000;0.000000;2.000000;73.788902;320.681793;1742.976929;0.076805;0.000000;0.000000;0.000000;0.000000;2.000000;-20.814034;544.432129;1778.815552;0.156903;0.000000;0.000000;0.000000;0.000000;2.000000;-10.676277;625.737061;1839.479248;0.217539;0.000000;0.000000;0.000000;0.000000;2.000000;-33.117050;672.564941;1737.543457;0.239381;0.000000;0.000000;0.000000;0.000000;2.000000;-74.640984;651.732910;1826.686157;0.260919;0.000000;0.000000;0.000000;0.000000;2.000000;-152.870880;-7.939969;1539.770264;0.039483;0.000000;0.000000;0.000000;0.000000;2.000000;-277.779877;25.662182;1591.293335;0.042419;0.000000;0.000000;0.000000;0.000000;2.000000;-295.526245;313.958740;1665.031006;0.058622;0.000000;0.000000;0.000000;0.000000;2.000000;-233.850128;554.850830;1666.308228;0.083676;0.000000;0.000000;0.000000;0.000000;2.000000;-244.548798;643.225586;1730.532227;0.086433;0.000000;0.000000;0.000000;0.000000;2.000000;-317.414551;683.126709;1654.750000;0.084339;0.000000;0.000000;0.000000;0.000000;2.000000;-253.095886;675.596191;1682.039917;0.190270;0.000000;0.000000;0.000000;0.000000;2.000000;90.793907;-123.860596;1980.187866;0.001529;0.000000;0.000000;0.000000;0.000000;2.000000;39.942734;113.739571;1632.905518;0.024242;0.000000;0.000000;0.000000;0.000000;2.000000;55.100658;373.286591;1943.523193;0.047284;0.000000;0.000000;0.000000;0.000000;1.000000;35.558308;556.081421;1869.070313;0.059323;0.000000;0.000000;0.000000;0.000000;1.000000;-81.872871;-173.571045;2017.865479;0.001377;0.000000;0.000000;0.000000;0.000000;2.000000;-147.719452;234.328186;1925.449341;0.290308;0.000000;0.000000;0.000000;0.000000;2.000000;-97.622108;521.301514;2212.998535;0.388422;0.000000;0.000000;0.000000;0.000000;1.000000;-165.271423;672.592041;2136.610840;0.482662;0.000000;0.000000;0.000000;0.000000;1.000000;-145.588409;87.832275;1452.866211;0.052333;0.000000;0.000000;0.000000;0.000000;2.000000;-151.748688;175.929565;1307.457520;0.080951;0.000000;0.000000;0.000000;0.000000;2.000000;-106.451744;138.354126;1314.380371;0.079251;0.000000;0.000000;0.000000;0.000000;1.000000;-39.855888;87.605644;1419.278809;0.062215;0.000000;0.000000;0.000000;0.000000;1.000000;-157.908997;121.721497;1302.565674;0.078157;0.000000;0.000000;0.000000;0.000000;2.000000;-196.285217;16.011635;1383.772949;0.059400;0.000000;0.000000;0.000000;0.000000;2.000000;19388499968.000000
0.000000;-150.000000;2000.000000;0.000000;0.000000;0.000000;0.000000;0.000000;2.000000;-21.894897;-177.478745;1821.279419;0.424541;0.000000;0.000000;0.000000;0.000000;2.000000;-55.253235;-136.800995;1685.501099;0.911602;0.000000;0.000000;0.000000;0.000000;2.000000;-94.382408;-9.637064;1508.222778;1.420955;0.000000;0.000000;0.000000;0.000000;2.000000;-54.732307;-21.565599;1536.324707;1.259121;0.000000;0.000000;0.000000;0.000000;2.000000;57.959938;41.256111;1604.545532;1.239497;0.000000;0.000000;0.000000;0.000000;2.000000;112.844116;272.242554;1756.958252;1.946234;0.000000;0.000000;0.000000;0.000000;2.000000;-11.949242;471.020081;1788.344849;2.275294;0.000000;0.000000;0.000000;0.000000;2.000000;-40.112015;553.603455;1833.638794;2.384247;0.000000;0.000000;0.000000;0.000000;2.000000;-79.964348;645.200623;1786.824341;2.236770;0.000000;0.000000;0.000000;0.000000;2.000000;-77.683464;576.013916;1834.887329;2.326129;0.000000;0.000000;0.000000;0.000000;2.000000;-120.519691;-41.347168;1537.417603;1.421010;0.000000;0.000000;0.000000;0.000000;2.000000;-250.416931;-42.007965;1571.375977;2.309010;0.000000;0.000000;0.000000;0.000000;2.000000;-323.416107;225.536377;1647.059692;2.882147;0.000000;0.000000;0.000000;0.000000;2.000000;-242.528320;450.555145;1665.039795;3.194086;0.000000;0.000000;0.000000;0.000000;2.000000;-239.915375;529.834106;1735.129639;3.466162;0.000000;0.000000;0.000000;0.000000;2.000000;-266.980469;625.816284;1692.551636;2.599741;0.000000;0.000000;0.000000;0.000000;2.000000;-211.343536;548.343567;1703.531494;4.139423;0.000000;0.000000;0.000000;0.000000;2.000000;88.726318;-125.893013;1985.423706;0.182646;0.000000;0.000000;0.000000;0.000000;2.000000;58.947155;92.664825;1641.336304;0.903439;0.000000;0.000000;0.000000;0.000000;2.000000;67.821854;278.760376;1984.650391;3.169788;0.000000;0.000000;0.000000;0.000000;1.000000;59.929195;465.243591;1942.902466;3.648942;0.000000;0.000000;0.000000;0.000000;1.000000;-80.008430;-171.738327;2013.144165;0.164698;0.000000;0.000000;0.000000;0.000000;2.000000;-174.790985;202.037567;1878.984253;1.914247;0.000000;0.000000;0.000000;0.000000;2.000000;-118.087715;384.779877;2224.225830;4.226773;0.000000;0.000000;0.000000;0.000000;1.000000;-170.725403;551.087280;2201.054688;4.200594;0.000000;0.000000;0.000000;0.000000;1.000000;-111.932503;48.082748;1450.642090;1.590927;0.000000;0.000000;0.000000;0.000000;2.000000;-119.398079;121.423325;1304.084473;1.937054;0.000000;0.000000;0.000000;0.000000;2.000000;-77.559105;83.324303;1312.048706;1.898111;0.000000;0.000000;0.000000;0.000000;2.000000;-11.703072;39.132275;1414.328857;1.717343;0.000000;0.000000;0.000000;0.000000;2.000000;-128.461365;69.385818;1304.052002;1.833189;0.000000;0.000000;0.000000;0.000000;2.000000;-167.562836;-23.383654;1392.130859;1.509562;0.000000;0.000000;0.000000;0.000000;2.000000;19388532736.000000
0.000000;-150.000000;2000.000000;0.000000;0.000000;0.000000;0.000000;0.000000;2.000000;-18.076057;-160.851883;1822.954346;0.492354;0.000000;0.000000;0.000000;0.000000;2.000000;-47.591118;-117.010193;1690.575195;0.626735;0.000000;0.000000;0.000000;0.000000;2.000000;-92.119270;-2.555518;1511.705444;0.235802;0.000000;0.000000;0.000000;0.000000;2.000000;-53.204323;-9.663834;1540.595337;0.365831;0.000000;0.000000;0.000000;0.000000;2.000000;53.877487;53.333752;1611.130127;0.412137;0.000000;0.000000;0.000000;0.000000;2.000000;105.808754;282.795044;1755.775391;0.365859;0.000000;0.000000;0.000000;0.000000;2.000000;-10.928421;482.151917;1774.695679;0.506737;0.000000;0.000000;0.000000;0.000000;2.000000;-37.032516;557.591797;1828.439331;0.207964;0.000000;0.000000;0.000000;0.000000;1.000000;-70.661766;652.941345;1790.505371;0.363321;0.000000;0.000000;0.000000;0.000000;1.000000;-68.055794;585.341187;1832.586060;0.390652;0.000000;0.000000;0.000000;0.000000;1.000000;-115.571892;-34.834419;1540.738647;0.253549;0.000000;0.000000;0.000000;0.000000;2.000000;-243.305542;-49.830902;1567.813599;0.320433;0.000000;0.000000;0.000000;0.000000;2.000000;-332.412720;207.508133;1638.675049;0.626820;0.000000;0.000000;0.000000;0.000000;2.000000;-257.129486;428.397888;1663.928833;0.762834;0.000000;0.000000;0.000000;0.000000;2.000000;-230.315063;499.180786;1734.690796;0.922694;0.000000;0.000000;0.000000;0.000000;2.000000;-238.097260;570.978394;1656.900635;2.053689;0.000000;0.000000;0.000000;0.000000;2.000000;-222.547333;537.698608;1712.654175;0.515456;0.000000;0.000000;0.000000;0.000000;2.000000;86.513962;-123.358704;1989.534058;0.152560;0.000000;0.000000;0.000000;0.000000;2.000000;89.058075;119.350021;1671.480591;1.443983;0.000000;0.000000;0.000000;0.000000;2.000000;91.125938;247.724503;2031.642822;1.750559;0.000000;0.000000;0.000000;0.000000;1.000000;92.421417;433.602051;2009.262695;2.308649;0.000000;0.000000;0.000000;0.000000;1.000000;-78.013451;-174.023636;2009.437500;0.137574;0.000000;0.000000;0.000000;0.000000;2.000000;-150.627502;198.097809;1883.023560;0.712705;0.000000;0.000000;0.000000;0.000000;2.000000;-98.689156;324.977478;2244.267578;1.895311;0.000000;0.000000;0.000000;0.000000;1.000000;-152.261169;488.512024;2236.606201;2.134079;0.000000;0.000000;0.000000;0.000000;1.000000;-112.765221;50.175163;1452.902344;0.091644;0.000000;0.000000;0.000000;0.000000;2.000000;-136.824585;108.748390;1305.322876;0.619946;0.000000;0.000000;0.000000;0.000000;2.000000;-87.608025;84.090942;1315.262207;0.303827;0.000000;0.000000;0.000000;0.000000;2.000000;-15.346138;65.432625;1417.641602;0.768535;0.000000;0.000000;0.000000;0.000000;2.000000;-131.987396;57.364380;1308.450195;0.381362;0.000000;0.000000;0.000000;0.000000;2.000000;-146.155823;-34.964745;1400.211182;0.736591;0.000000;0.000000;0.000000;0.000000;2.000000;19388567552.000000
0.000000;-150.000000;2000.000000;0.000000;0.000000;0.000000;0.000000;0.000000;2.000000;-7.994385;-163.152435;1830.216431;0.385623;0.000000;0.000000;0.000000;0.000000;2.000000;-31.971504;-123.683746;1701.988525;0.624510;0.000000;0.000000;0.000000;0.000000;2.000000;-66.739685;-2.540366;1537.200439;1.097835;0.000000;0.000000;0.000000;0.000000;2.000000;-31.158386;-10.581860;1566.578125;1.040274;0.000000;0.000000;0.000000;0.000000;2.000000;65.644333;56.420044;1635.859863;0.841059;0.000000;0.000000;0.000000;0.000000;2.000000;88.235176;280.151428;1774.295532;0.783307;0.000000;0.000000;0.000000;0.000000;2.000000;-61.820618;436.120789;1822.020996;2.543886;0.000000;0.000000;0.000000;0.000000;2.000000;-98.385803;507.617981;1866.941895;2.685556;0.000000;0.000000;0.000000;0.000000;2.000000;-85.350616;440.620361;1789.464355;6.495088;0.000000;0.000000;0.000000;0.000000;2.000000;-133.918304;551.759888;1839.048218;2.264753;0.000000;0.000000;0.000000;0.000000;2.000000;-90.006760;-35.920860;1561.084595;0.997656;0.000000;0.000000;0.000000;0.000000;2.000000;-212.974609;-52.256695;1581.196289;1.014427;0.000000;0.000000;0.000000;0.000000;2.000000;-333.270691;176.623535;1655.604614;1.075157;0.000000;0.000000;0.000000;0.000000;2.000000;-244.065063;380.094788;1687.451294;1.687370;0.000000;0.000000;0.000000;0.000000;2.000000;-228.269958;462.360229;1740.353516;1.138597;0.000000;0.000000;0.000000;0.000000;2.000000;-219.806549;561.724915;1721.496948;2.068196;0.000000;0.000000;0.000000;0.000000;2.000000;-219.522491;482.240234;1729.701538;1.773014;0.000000;0.000000;0.000000;0.000000;2.000000;81.694496;-120.334152;1993.855225;0.218041;0.000000;0.000000;0.000000;0.000000;2.000000;52.308739;223.861099;1829.506958;5.889608;0.000000;0.000000;0.000000;0.000000;1.000000;64.696159;254.724472;2193.590576;5.012191;0.000000;0.000000;0.000000;0.000000;1.000000;57.196838;432.716797;2211.179199;6.255123;0.000000;0.000000;0.000000;0.000000;1.000000;-73.667526;-176.750992;2005.540894;0.196617;0.000000;0.000000;0.000000;0.000000;2.000000;-149.381271;191.259506;1935.790527;1.624231;0.000000;0.000000;0.000000;0.000000;1.000000;-106.789795;247.107376;2298.498047;2.906439;0.000000;0.000000;0.000000;0.000000;1.000000;-146.751068;405.924805;2316.038330;3.500949;0.000000;0.000000;0.000000;0.000000;1.000000;-84.293259;51.552780;1483.732300;1.281388;0.000000;0.000000;0.000000;0.000000;2.000000;-101.818192;115.440903;1345.208496;1.632362;0.000000;0.000000;0.000000;0.000000;2.000000;-59.168396;83.959030;1352.321045;1.425595;0.000000;0.000000;0.000000;0.000000;2.000000;8.892067;51.382408;1447.091309;1.240450;0.000000;0.000000;0.000000;0.000000;2.000000;-105.502151;66.159653;1346.623535;1.443075;0.000000;0.000000;0.000000;0.000000;2.000000;-131.105743;-21.532799;1432.236572;1.155060;0.000000;0.000000;0.000000;0.000000;2.000000;19388600320.000000
0.000000;-150.000000;2000.000000;0.000000;0.000000;0.000000;0.000000;0.000000;1.000000;44.237808;-200.876022;1808.430542;2.075621;0.000000;0.000000;0.000000;0.000000;1.000000;69.813461;-164.677841;1652.239380;3.676788;0.000000;0.000000;0.000000;0.000000;1.000000;94.642448;-2.618370;1467.311035;5.366994;0.000000;0.000000;0.000000;0.000000;2.000000;125.239395;-19.368706;1510.859009;5.073825;0.000000;0.000000;0.000000;0.000000;2.000000;198.852097;22.970444;1649.672607;4.212528;0.000000;0.000000;0.000000;0.000000;2.000000;211.942291;286.773254;1820.530396;4.035361;0.000000;0.000000;0.000000;0.000000;2.000000;119.843666;534.012817;1830.463135;6.302898;0.000000;0.000000;0.000000;0.000000;2.000000;85.406288;637.808899;1822.997681;7.003122;0.000000;0.000000;0.000000;0.000000;2.000000;81.903435;702.929199;1927.289551;10.383857;0.000000;0.000000;0.000000;0.000000;2.000000;119.303467;647.112671;1933.960205;8.750710;0.000000;0.000000;0.000000;0.000000;2.000000;57.016418;-41.065918;1483.593018;5.074297;0.000000;0.000000;0.000000;0.000000;2.000000;-89.950668;-64.947128;1499.137207;4.529535;0.000000;0.000000;0.000000;0.000000;2.000000;-269.717712;116.463501;1692.810425;2.901977;0.000000;0.000000;0.000000;0.000000;2.000000;-135.747360;346.122742;1664.653320;3.533531;0.000000;0.000000;0.000000;0.000000;2.000000;-140.206772;383.405212;1776.545166;3.774675;0.000000;0.000000;0.000000;0.000000;2.000000;-127.832291;484.180908;1710.903564;3.685502;0.000000;0.000000;0.000000;0.000000;2.000000;-85.042007;412.145935;1752.556885;4.680304;0.000000;0.000000;0.000000;0.000000;2.000000;100.992661;-136.358368;2019.698608;1.099088;0.000000;0.000000;0.000000;0.000000;1.000000;184.340057;286.325684;1871.136719;4.634969;0.000000;0.000000;0.000000;0.000000;1.000000;86.493896;283.572693;2295.520508;3.300568;0.000000;0.000000;0.000000;0.000000;1.000000;94.592239;493.595093;2331.620117;4.273616;0.000000;0.000000;0.000000;0.000000;1.000000;-91.069504;-162.301270;1982.236816;0.991095;0.000000;0.000000;0.000000;0.000000;1.000000;-29.629440;278.006226;1884.323975;4.778151;0.000000;0.000000;0.000000;0.000000;1.000000;-82.552628;293.580872;2320.960449;1.740247;0.000000;0.000000;0.000000;0.000000;1.000000;-73.633713;486.072815;2357.897461;3.548715;0.000000;0.000000;0.000000;0.000000;1.000000;97.060577;68.247955;1407.154297;6.029221;0.000000;0.000000;0.000000;0.000000;1.000000;-7.669678;204.666779;1344.857422;3.958510;0.000000;0.000000;0.000000;0.000000;1.000000;17.481613;165.258881;1301.566650;3.745204;0.000000;0.000000;0.000000;0.000000;1.000000;135.078430;81.879631;1294.917969;6.104263;0.000000;0.000000;0.000000;0.000000;1.000000;-28.701691;150.368286;1336.028442;3.493118;0.000000;0.000000;0.000000;0.000000;1.000000;-10.041275;14.886127;1395.535889;4.017426;0.000000;0.000000;0.000000;0.000000;1.000000;19388633088.000000
0.000000;-149.999985;2000.000000;0.000000;0.000000;0.000000;0.000000;0.000000;2.000000;9.221634;-253.629288;1887.839844;3.099432;0.000000;0.000000;0.000000;0.000000;2.000000;15.442276;-329.475311;1792.097046;6.801696;0.000000;0.000000;0.000000;0.000000;2.000000;34.722107;-377.079041;1613.153320;12.399348;0.000000;0.000000;0.000000;0.000000;2.000000;60.152023;-365.487000;1644.545898;11.496115;0.000000;0.000000;0.000000;0.000000;2.000000;166.376297;-337.562286;1698.979492;11.149140;0.000000;0.000000;0.000000;0.000000;2.000000;218.855103;-197.770050;1882.980225;14.910890;0.000000;0.000000;0.000000;0.000000;2.000000;112.102745;-29.961639;1883.220459;17.287891;0.000000;0.000000;0.000000;0.000000;2.000000;80.328613;38.827393;1916.031006;18.499287;0.000000;0.000000;0.000000;0.000000;2.000000;45.816132;123.896027;1928.582520;17.705019;0.000000;0.000000;0.000000;0.000000;2.000000;47.251129;59.450958;1916.008179;18.076614;0.000000;0.000000;0.000000;0.000000;2.000000;3.263321;-374.640625;1641.384155;11.380215;0.000000;0.000000;0.000000;0.000000;2.000000;-108.596619;-386.712402;1649.056396;10.847972;0.000000;0.000000;0.000000;0.000000;2.000000;-280.318665;-260.910339;1762.996338;11.718491;0.000000;0.000000;0.000000;0.000000;2.000000;-166.350159;-98.832397;1726.864624;13.742803;0.000000;0.000000;0.000000;0.000000;2.000000;-145.433167;-27.218903;1775.220947;12.532333;0.000000;0.000000;0.000000;0.000000;2.000000;-97.290802;-79.410950;1832.256714;17.618322;0.000000;0.000000;0.000000;0.000000;2.000000;-67.084396;-31.172394;1756.262695;13.540568;0.000000;0.000000;0.000000;0.000000;2.000000;77.470406;-139.859650;1997.000366;1.003265;0.000000;0.000000;0.000000;0.000000;2.000000;-26.498520;187.303772;1995.688232;8.060993;0.000000;0.000000;0.000000;0.000000;2.000000;-20.711365;265.620605;2314.229004;3.365973;0.000000;0.000000;0.000000;0.000000;1.000000;-57.179794;414.766724;2361.473145;5.298107;0.000000;0.000000;0.000000;0.000000;1.000000;-69.858459;-159.143982;2002.704834;0.904689;0.000000;0.000000;0.000000;0.000000;2.000000;-149.269775;151.397369;1880.837769;5.317049;0.000000;0.000000;0.000000;0.000000;2.000000;-128.947479;216.922791;2205.191162;4.467618;0.000000;0.000000;0.000000;0.000000;1.000000;-178.135681;339.989075;2270.615234;6.094301;0.000000;0.000000;0.000000;0.000000;1.000000;40.286072;-383.786530;1543.650635;14.513981;0.000000;0.000000;0.000000;0.000000;2.000000;-25.229813;-264.605042;1565.785034;15.837811;0.000000;0.000000;0.000000;0.000000;2.000000;-24.676865;-281.237427;1520.766113;15.233889;0.000000;0.000000;0.000000;0.000000;2.000000;41.755219;-344.762726;1462.726440;14.277943;0.000000;0.000000;0.000000;0.000000;1.000000;-50.841019;-298.443451;1552.850830;15.226225;0.000000;0.000000;0.000000;0.000000;2.000000;-45.615433;-410.670105;1553.635742;13.896701;0.000000;0.000000;0.000000;0.000000;2.000000;19388665856.000000
0.000000;-149.999985;2000.000000;0.000000;0.000000;0.000000;0.000000;0.000000;1.000000;31.591980;-262.285980;1856.567261;1.132023;0.000000;0.000000;0.000000;0.000000;1.000000;62.252533;-330.483643;1729.077271;2.254977;0.000000;0.000000;0.000000;0.000000;2.000000;111.959579;-377.031952;1514.652222;3.595251;0.000000;0.000000;0.000000;0.000000;2.000000;137.876953;-366.733124;1557.103516;3.360510;0.000000;0.000000;0.000000;0.000000;2.000000;264.602478;-335.720703;1627.270630;3.493518;0.000000;0.000000;0.000000;0.000000;2.000000;305.634155;-87.419769;1763.900513;5.287405;0.000000;0.000000;0.000000;0.000000;2.000000;215.403900;100.159271;1643.734375;8.371795;0.000000;0.000000;0.000000;0.000000;2.000000;187.831085;186.280853;1601.545654;10.443293;0.000000;0.000000;0.000000;0.000000;2.000000;153.662476;265.161133;1529.793213;12.540212;0.000000;0.000000;0.000000;0.000000;2.000000;153.913040;238.190613;1642.282471;9.876941;0.000000;0.000000;0.000000;0.000000;2.000000;69.857391;-374.051727;1543.573242;3.398737;0.000000;0.000000;0.000000;0.000000;2.000000;-65.619904;-388.797913;1542.731445;3.294494;0.000000;0.000000;0.000000;0.000000;2.000000;-250.513550;-257.038971;1726.009399;1.368878;0.000000;0.000000;0.000000;0.000000;2.000000;-97.759491;-102.002487;1617.064697;3.719610;0.000000;0.000000;0.000000;0.000000;2.000000;-42.953583;-13.878662;1644.885864;4.777539;0.000000;0.000000;0.000000;0.000000;2.000000;28.638062;-84.743484;1689.231201;5.475584;0.000000;0.000000;0.000000;0.000000;2.000000;-2.586395;-27.906921;1670.288208;3.088465;0.000000;0.000000;0.000000;0.000000;2.000000;90.611603;-157.396545;2025.748047;1.038252;0.000000;0.000000;0.000000;0.000000;1.000000;155.962280;242.038513;1934.725830;5.744790;0.000000;0.000000;0.000000;0.000000;1.000000;35.519913;302.579834;2307.578125;1.942149;0.000000;0.000000;0.000000;0.000000;1.000000;46.723114;489.263916;2359.649414;3.672538;0.000000;0.000000;0.000000;0.000000;1.000000;-81.708466;-143.330170;1976.781738;0.936239;0.000000;0.000000;0.000000;0.000000;1.000000;-28.556488;240.575378;1830.066895;4.550678;0.000000;0.000000;0.000000;0.000000;1.000000;-111.849548;285.603516;2219.360840;2.073226;0.000000;0.000000;0.000000;0.000000;1.000000;-151.723389;453.018921;2267.159668;3.335427;0.000000;0.000000;0.000000;0.000000;1.000000;129.576660;-380.795349;1431.941772;4.108475;0.000000;0.000000;0.000000;0.000000;2.000000;55.361908;-250.926346;1505.113525;2.923932;0.000000;0.000000;0.000000;0.000000;2.000000;73.821503;-243.578384;1450.620361;3.637733;0.000000;0.000000;0.000000;0.000000;2.000000;168.580475;-296.088745;1376.314453;4.624296;0.000000;0.000000;0.000000;0.000000;2.000000;29.346344;-271.861938;1463.168945;3.538742;0.000000;0.000000;0.000000;0.000000;2.000000;26.306030;-390.382324;1397.002930;4.984655;0.000000;0.000000;0.000000;0.000000;2.000000;19388700672.000000
0.000000;-150.000000;2000.000000;0.000000;0.000000;0.000000;0.000000;0.000000;2.000000;30.738586;-244.872299;1887.197510;1.075578;0.000000;0.000000;0.000000;0.000000;2.000000;55.881210;-317.661835;1794.685669;2.049331;0.000000;0.000000;0.000000;0.000000;2.000000;110.256073;-389.004822;1634.918945;3.688758;0.000000;0.000000;0.000000;0.000000;2.000000;128.390442;-376.433655;1669.908569;3.467350;0.000000;0.000000;0.000000;0.000000;2.000000;222.130524;-339.824341;1736.449707;3.577303;0.000000;0.000000;0.000000;0.000000;2.000000;270.266479;-191.335785;1909.728027;5.570196;0.000000;0.000000;0.000000;0.000000;2.000000;184.025238;-18.491211;1878.065308;8.072666;0.000000;0.000000;0.000000;0.000000;2.000000;129.768646;22.862366;1922.228027;11.125908;0.000000;0.000000;0.000000;0.000000;2.000000;75.268509;74.393494;1974.096802;14.948742;0.000000;0.000000;0.000000;0.000000;2.000000;61.237579;0.736603;1891.665527;10.882633;0.000000;0.000000;0.000000;0.000000;2.000000;74.128250;-379.622681;1653.442627;3.359784;0.000000;0.000000;0.000000;0.000000;2.000000;-34.959457;-366.438110;1637.807129;3.124053;0.000000;0.000000;0.000000;0.000000;2.000000;-207.963364;-259.153564;1760.397705;1.670833;0.000000;0.000000;0.000000;0.000000;2.000000;-107.096878;-88.518097;1759.388184;4.372115;0.000000;0.000000;0.000000;0.000000;2.000000;-69.045242;-28.955032;1810.970947;5.151267;0.000000;0.000000;0.000000;0.000000;2.000000;-56.831619;23.138855;1882.885498;7.250456;0.000000;0.000000;0.000000;0.000000;2.000000;-32.667435;-44.478165;1814.091064;4.511932;0.000000;0.000000;0.000000;0.000000;2.000000;74.446976;-149.009216;2019.453491;0.588019;0.000000;0.000000;0.000000;0.000000;2.000000;26.884888;184.744324;2041.768433;5.407876;0.000000;0.000000;0.000000;0.000000;2.000000;-61.570541;258.816315;2343.345703;3.428460;0.000000;0.000000;0.000000;0.000000;1.000000;-84.715225;413.144257;2368.731445;4.643560;0.000000;0.000000;0.000000;0.000000;1.000000;-67.132126;-150.893433;1982.458008;0.530245;0.000000;0.000000;0.000000;0.000000;2.000000;-115.308792;173.305237;1901.958496;4.004627;0.000000;0.000000;0.000000;0.000000;2.000000;-170.435410;256.378510;2212.643066;2.008496;0.000000;0.000000;0.000000;0.000000;1.000000;-215.047562;391.484100;2242.912354;2.794387;0.000000;0.000000;0.000000;0.000000;1.000000;131.161041;-405.082581;1571.222900;4.314932;0.000000;0.000000;0.000000;0.000000;1.000000;137.265656;-282.585785;1513.358032;2.691525;0.000000;0.000000;0.000000;0.000000;1.000000;166.721985;-315.656921;1496.925415;3.856578;0.000000;0.000000;0.000000;0.000000;1.000000;212.882156;-403.244415;1537.476196;6.058957;0.000000;0.000000;0.000000;0.000000;1.000000;123.622131;-315.010132;1487.491943;3.249986;0.000000;0.000000;0.000000;0.000000;1.000000;78.482895;-415.169983;1500.036133;3.604783;0.000000;0.000000;0.000000;0.000000;1.000000;19388733440.000000
0.000000;-150.000000;2000.000000;0.000000;0.000000;0.000000;0.000000;0.000000;2.000000;9.930984;-264.252380;1903.607178;1.001898;0.000000;0.000000;0.000000;0.000000;2.000000;17.948914;-352.515411;1823.048462;1.794599;0.000000;0.000000;0.000000;0.000000;2.000000;61.635483;-433.742249;1665.788940;2.225557;0.000000;0.000000;0.000000;0.000000;2.000000;81.876358;-415.292206;1696.513306;2.020015;0.000000;0.000000;0.000000;0.000000;2.000000;173.619827;-366.832642;1756.885132;1.805533;0.000000;0.000000;0.000000;0.000000;2.000000;249.377823;-210.147461;1910.374756;0.858100;0.000000;0.000000;0.000000;0.000000;2.000000;139.011719;-53.839752;1874.039307;1.750960;0.000000;0.000000;0.000000;0.000000;2.000000;65.980820;-34.630920;1902.950562;2.685891;0.000000;0.000000;0.000000;0.000000;2.000000;-2.871170;3.971680;1947.698242;3.309705;0.000000;0.000000;0.000000;0.000000;2.000000;21.899078;-39.619263;1890.085815;1.720555;0.000000;0.000000;0.000000;0.000000;2.000000;27.238800;-426.865234;1687.893799;2.287264;0.000000;0.000000;0.000000;0.000000;2.000000;-82.773483;-431.116638;1679.248657;2.761275;0.000000;0.000000;0.000000;0.000000;2.000000;-263.126465;-299.925873;1757.779785;2.094894;0.000000;0.000000;0.000000;0.000000;2.000000;-146.686600;-141.767532;1739.691162;2.112297;0.000000;0.000000;0.000000;0.000000;2.000000;-117.507889;-94.686783;1806.863281;2.495391;0.000000;0.000000;0.000000;0.000000;2.000000;-94.662521;-46.243881;1878.178589;2.415962;0.000000;0.000000;0.000000;0.000000;2.000000;-84.122574;-100.925461;1804.689453;2.348529;0.000000;0.000000;0.000000;0.000000;2.000000;76.387100;-147.020065;2004.337891;0.469021;0.000000;0.000000;0.000000;0.000000;2.000000;82.757172;188.764801;2019.187256;1.843167;0.000000;0.000000;0.000000;0.000000;2.000000;75.723602;448.335754;2208.377930;8.244469;0.000000;0.000000;0.000000;0.000000;2.000000;32.614090;595.195007;2172.022461;8.928834;0.000000;0.000000;0.000000;0.000000;2.000000;-68.881607;-152.687119;1996.088501;0.422939;0.000000;0.000000;0.000000;0.000000;2.000000;-153.738174;172.095123;1986.854858;2.844146;0.000000;0.000000;0.000000;0.000000;2.000000;-176.975540;307.038330;2281.223633;2.609652;0.000000;0.000000;0.000000;0.000000;1.000000;-220.142319;441.658264;2312.255859;2.616680;0.000000;0.000000;0.000000;0.000000;1.000000;76.626160;-454.087280;1602.018799;2.426848;0.000000;0.000000;0.000000;0.000000;2.000000;62.977234;-368.601929;1498.512573;3.497950;0.000000;0.000000;0.000000;0.000000;2.000000;92.786850;-404.499817;1492.867188;3.529491;0.000000;0.000000;0.000000;0.000000;2.000000;151.993088;-464.558350;1557.829346;2.709220;0.000000;0.000000;0.000000;0.000000;2.000000;49.158020;-409.156738;1491.311768;3.665043;0.000000;0.000000;0.000000;0.000000;2.000000;16.180710;-495.030579;1551.669800;3.469530;0.000000;0.000000;0.000000;0.000000;2.000000;19388766208.000000
0.000000;-150.000000;2000.000000;0.000000;0.000000;0.000000;0.000000;0.000000;1.000000;6.449387;-264.481689;1887.377563;0.476805;0.000000;0.000000;0.000000;0.000000;2.000000;7.720337;-344.685425;1787.002075;1.099463;0.000000;0.000000;0.000000;0.000000;2.000000;22.829926;-417.861481;1606.251953;2.091561;0.000000;0.000000;0.000000;0.000000;2.000000;49.781662;-398.361115;1635.288818;2.044175;0.000000;0.000000;0.000000;0.000000;2.000000;159.724213;-349.656128;1681.391357;2.259312;0.000000;0.000000;0.000000;0.000000;2.000000;238.202026;-176.945770;1842.601929;2.191280;0.000000;0.000000;0.000000;0.000000;2.000000;99.766983;-27.895737;1794.868774;2.645149;0.000000;0.000000;0.000000;0.000000;2.000000;27.452881;-1.671295;1834.970947;2.435819;0.000000;0.000000;0.000000;0.000000;2.000000;-38.222321;48.335648;1886.564575;2.395386;0.000000;0.000000;0.000000;0.000000;2.000000;-31.120453;-29.033325;1810.010010;2.775138;0.000000;0.000000;0.000000;0.000000;2.000000;-8.517029;-414.827545;1637.663452;1.804370;0.000000;0.000000;0.000000;0.000000;2.000000;-120.588562;-442.986389;1663.804565;1.221764;0.000000;0.000000;0.000000;0.000000;2.000000;-312.157654;-286.069580;1718.777832;1.842988;0.000000;0.000000;0.000000;0.000000;2.000000;-174.587341;-134.164490;1666.144775;2.269859;0.000000;0.000000;0.000000;0.000000;2.000000;-133.118103;-79.487625;1729.508423;2.308266;0.000000;0.000000;0.000000;0.000000;2.000000;-99.279114;-11.697937;1787.943115;2.778392;0.000000;0.000000;0.000000;0.000000;2.000000;-113.540192;-76.122765;1737.872803;2.214616;0.000000;0.000000;0.000000;0.000000;2.000000;79.600006;-133.673889;1987.962769;0.613738;0.000000;0.000000;0.000000;0.000000;1.000000;37.995544;219.227554;1926.316528;3.087702;0.000000;0.000000;0.000000;0.000000;1.000000;0.889206;417.351074;2205.904785;2.327466;0.000000;0.000000;0.000000;0.000000;1.000000;-24.438583;583.239075;2187.935547;1.735552;0.000000;0.000000;0.000000;0.000000;1.000000;-71.778809;-164.721970;2010.854492;0.553431;0.000000;0.000000;0.000000;0.000000;1.000000;-157.579987;178.061996;1940.654053;1.342563;0.000000;0.000000;0.000000;0.000000;1.000000;-152.198059;299.093262;2267.203613;0.848945;0.000000;0.000000;0.000000;0.000000;1.000000;-212.947632;439.370239;2294.457031;0.555314;0.000000;0.000000;0.000000;0.000000;1.000000;25.228958;-434.322235;1534.566650;2.501016;0.000000;0.000000;0.000000;0.000000;2.000000;32.216537;-338.172363;1426.574951;2.411179;0.000000;0.000000;0.000000;0.000000;2.000000;66.703613;-374.957520;1426.869385;2.207855;0.000000;0.000000;0.000000;0.000000;2.000000;115.416931;-439.847351;1507.239258;1.928429;0.000000;0.000000;0.000000;0.000000;2.000000;21.920944;-381.858582;1414.007813;2.481283;0.000000;0.000000;0.000000;0.000000;2.000000;-22.755493;-478.367126;1465.214600;2.765151;0.000000;0.000000;0.000000;0.000000;2.000000;19388801024.000000
0.000000;-150.000000;2000.000000;0.000000;0.000000;0.000000;0.000000;0.000000;2.000000;-8.897217;-266.822937;1911.165039;0.866852;0.000000;0.000000;0.000000;0.000000;2.000000;-16.236481;-350.705231;1829.148560;1.490837;0.000000;0.000000;0.000000;0.000000;2.000000;-0.037094;-463.311432;1691.047485;3.017829;0.000000;0.000000;0.000000;0.000000;2.000000;24.131660;-438.017487;1711.243286;2.729512;0.000000;0.000000;0.000000;0.000000;2.000000;118.665215;-368.021545;1717.873779;1.767412;0.000000;0.000000;0.000000;0.000000;2.000000;180.228760;-190.022049;1845.913940;1.816465;0.000000;0.000000;0.000000;0.000000;2.000000;53.758194;-53.224808;1803.139282;1.622540;0.000000;0.000000;0.000000;0.000000;2.000000;-14.572784;-47.068268;1843.024780;1.903843;0.000000;0.000000;0.000000;0.000000;2.000000;-95.128433;-9.982117;1851.132324;2.711554;0.000000;0.000000;0.000000;0.000000;2.000000;-46.111862;-61.989403;1821.372681;1.158043;0.000000;0.000000;0.000000;0.000000;2.000000;-28.996216;-452.630096;1717.563599;2.768949;0.000000;0.000000;0.000000;0.000000;2.000000;-136.210648;-468.471558;1718.615234;1.905273;0.000000;0.000000;0.000000;0.000000;2.000000;-327.657837;-338.378082;1702.093140;1.741058;0.000000;0.000000;0.000000;0.000000;2.000000;-225.709152;-176.692459;1671.546387;2.036061;0.000000;0.000000;0.000000;0.000000;2.000000;-192.554276;-125.103889;1731.049927;2.286962;0.000000;0.000000;0.000000;0.000000;2.000000;-149.054825;-69.200790;1782.475586;2.326971;0.000000;0.000000;0.000000;0.000000;2.000000;-186.437424;-118.899918;1734.155273;2.581887;0.000000;0.000000;0.000000;0.000000;2.000000;74.995201;-152.737320;1996.088623;0.647842;0.000000;0.000000;0.000000;0.000000;2.000000;63.018517;174.231873;2038.561768;3.768613;0.000000;0.000000;0.000000;0.000000;2.000000;52.181328;484.117920;2095.803711;4.229844;0.000000;0.000000;0.000000;0.000000;2.000000;3.749771;567.024963;1974.896851;6.576730;0.000000;0.000000;0.000000;0.000000;2.000000;-67.626450;-147.531647;2003.526978;0.584188;0.000000;0.000000;0.000000;0.000000;2.000000;-147.265213;158.697052;1911.311279;1.118124;0.000000;0.000000;0.000000;0.000000;2.000000;-174.651443;451.935608;2032.914673;8.564314;0.000000;0.000000;0.000000;0.000000;2.000000;-208.322861;548.000793;1933.838013;11.494561;0.000000;0.000000;0.000000;0.000000;2.000000;2.935715;-497.048737;1632.865234;3.623018;0.000000;0.000000;0.000000;0.000000;2.000000;-62.554825;-408.824585;1558.936646;5.415728;0.000000;0.000000;0.000000;0.000000;2.000000;-27.026260;-430.598389;1539.149780;4.775594;0.000000;0.000000;0.000000;0.000000;2.000000;61.323471;-474.692200;1573.293213;2.814143;0.000000;0.000000;0.000000;0.000000;2.000000;-65.223160;-449.347839;1545.942627;5.246511;0.000000;0.000000;0.000000;0.000000;2.000000;-53.331528;-547.402588;1589.572510;4.439828;0.000000;0.000000;0.000000;0.000000;2.000000;19388833792.000000
0.000000;-150.000000;2000.000000;0.000000;0.000000;0.000000;0.000000;0.000000;2.000000;-12.056496;-276.796112;1901.411865;0.436486;0.000000;0.000000;0.000000;0.000000;2.000000;-25.053429;-361.053558;1804.913086;0.848029;0.000000;0.000000;0.000000;0.000000;2.000000;-26.633919;-454.226898;1632.478027;1.982539;0.000000;0.000000;0.000000;0.000000;2.000000;1.765472;-428.855469;1655.015015;1.867767;0.000000;0.000000;0.000000;0.000000;2.000000;100.658646;-346.106140;1649.650635;2.254776;0.000000;0.000000;0.000000;0.000000;2.000000;168.694092;-148.351212;1785.688599;2.262544;0.000000;0.000000;0.000000;0.000000;2.000000;11.074387;-26.510063;1721.217285;2.934579;0.000000;0.000000;0.000000;0.000000;2.000000;-54.957619;-31.896477;1777.504639;2.394027;0.000000;0.000000;0.000000;0.000000;2.000000;-138.060272;18.824791;1771.361084;2.901006;0.000000;0.000000;0.000000;0.000000;2.000000;-100.843925;-34.967278;1749.047607;2.888180;0.000000;0.000000;0.000000;0.000000;2.000000;-53.643303;-450.296265;1667.720581;1.698394;0.000000;0.000000;0.000000;0.000000;2.000000;-167.883728;-477.090607;1685.822021;1.415985;0.000000;0.000000;0.000000;0.000000;2.000000;-369.017090;-329.812042;1636.083496;2.391542;0.000000;0.000000;0.000000;0.000000;2.000000;-252.666779;-152.962402;1623.847290;1.822140;0.000000;0.000000;0.000000;0.000000;2.000000;-226.987915;-89.450089;1687.631226;2.010933;0.000000;0.000000;0.000000;0.000000;2.000000;-194.359344;-10.012779;1730.286621;2.776833;0.000000;0.000000;0.000000;0.000000;2.000000;-191.018860;-89.241928;1686.975220;1.706406;0.000000;0.000000;0.000000;0.000000;2.000000;81.238831;-147.562042;1986.929688;0.373329;0.000000;0.000000;0.000000;0.000000;2.000000;47.299980;211.830475;1969.225464;2.454389;0.000000;0.000000;0.000000;0.000000;2.000000;23.636047;553.988098;2010.176758;3.483371;0.000000;0.000000;0.000000;0.000000;2.000000;-41.871941;648.173157;1885.906128;3.930223;0.000000;0.000000;0.000000;0.000000;2.000000;-73.256630;-152.198410;2011.786133;0.336651;0.000000;0.000000;0.000000;0.000000;2.000000;-170.682892;156.693909;1852.283936;1.938918;0.000000;0.000000;0.000000;0.000000;2.000000;-208.775116;489.047699;1951.893433;2.912179;0.000000;0.000000;0.000000;0.000000;2.000000;-213.875122;596.742310;1839.687500;3.239881;0.000000;0.000000;0.000000;0.000000;2.000000;-32.182182;-479.074921;1563.264648;2.441514;0.000000;0.000000;0.000000;0.000000;2.000000;-55.477623;-366.882904;1474.292969;2.890926;0.000000;0.000000;0.000000;0.000000;2.000000;-14.472740;-395.090088;1465.549805;2.523083;0.000000;0.000000;0.000000;0.000000;2.000000;54.219452;-460.671448;1529.420044;1.422232;0.000000;0.000000;0.000000;0.000000;2.000000;-58.181679;-409.153320;1454.604736;3.052947;0.000000;0.000000;0.000000;0.000000;2.000000;-77.471245;-520.299988;1490.186768;3.228928;0.000000;0.000000;0.000000;0.000000;2.000000;19388866560.000000
0.000000;-150.000000;2000.000000;0.000000;0.000000;0.000000;0.000000;0.000000;2.000000;-7.846214;-278.514740;1889.957031;0.376114;0.000000;0.000000;0.000000;0.000000;2.000000;-27.253212;-354.783356;1779.770752;0.793628;0.000000;0.000000;0.000000;0.000000;2.000000;-28.168129;-446.766296;1595.323730;1.157440;0.000000;0.000000;0.000000;0.000000;2.000000;0.414505;-418.589722;1618.870605;1.147408;0.000000;0.000000;0.000000;0.000000;2.000000;95.984344;-322.501617;1611.668701;1.372155;0.000000;0.000000;0.000000;0.000000;2.000000;147.077423;-103.725937;1747.147095;1.916578;0.000000;0.000000;0.000000;0.000000;2.000000;-33.881447;-5.969921;1668.517822;2.204915;0.000000;0.000000;0.000000;0.000000;2.000000;-94.138115;-23.355373;1735.031128;1.782619;0.000000;0.000000;0.000000;0.000000;2.000000;-170.851044;38.527786;1706.589355;2.295689;0.000000;0.000000;0.000000;0.000000;2.000000;-137.273102;-45.734222;1698.104492;1.939299;0.000000;0.000000;0.000000;0.000000;2.000000;-55.386650;-446.060242;1633.479858;1.054253;0.000000;0.000000;0.000000;0.000000;2.000000;-174.677948;-475.827881;1655.192383;0.958238;0.000000;0.000000;0.000000;0.000000;2.000000;-397.871246;-338.247131;1603.106812;1.361773;0.000000;0.000000;0.000000;0.000000;2.000000;-289.336212;-152.537262;1544.351074;2.671722;0.000000;0.000000;0.000000;0.000000;2.000000;-268.355286;-79.764557;1607.220581;2.775412;0.000000;0.000000;0.000000;0.000000;2.000000;-248.473938;7.731270;1653.225098;2.924234;0.000000;0.000000;0.000000;0.000000;2.000000;-223.120972;-89.754158;1634.061035;1.888818;0.000000;0.000000;0.000000;0.000000;2.000000;80.492172;-132.261597;1973.544800;0.620803;0.000000;0.000000;0.000000;0.000000;2.000000;34.612671;240.027069;1912.342651;1.975803;0.000000;0.000000;0.000000;0.000000;2.000000;8.521706;598.538757;1964.505615;2.000952;0.000000;0.000000;0.000000;0.000000;2.000000;-54.372658;708.051758;1839.273315;2.347342;0.000000;0.000000;0.000000;0.000000;2.000000;-72.583336;-165.995514;2023.855713;0.559803;0.000000;0.000000;0.000000;0.000000;2.000000;-160.572083;139.310577;1816.046021;1.264767;0.000000;0.000000;0.000000;0.000000;2.000000;-203.329010;494.036377;1900.094238;1.596773;0.000000;0.000000;0.000000;0.000000;2.000000;-215.411957;597.654663;1774.024658;2.004613;0.000000;0.000000;0.000000;0.000000;2.000000;-34.704811;-470.942993;1521.928223;1.287969;0.000000;0.000000;0.000000;0.000000;2.000000;-69.477699;-364.245422;1418.589600;1.754648;0.000000;0.000000;0.000000;0.000000;2.000000;-25.026802;-392.218933;1410.510864;1.712500;0.000000;0.000000;0.000000;0.000000;2.000000;53.519569;-450.142639;1480.939331;1.514153;0.000000;0.000000;0.000000;0.000000;2.000000;-70.410667;-410.599335;1402.371826;1.637721;0.000000;0.000000;0.000000;0.000000;2.000000;-82.373665;-524.197388;1451.611084;1.192651;0.000000;0.000000;0.000000;0.000000;2.000000;19388899328.000000
0.000000;-150.000000;2000.000000;0.000000;0.000000;0.000000;0.000000;0.000000;2.000000;-8.023514;-285.343567;1896.473389;0.271160;0.000000;0.000000;0.000000;0.000000;2.000000;-30.101250;-367.141907;1789.608521;0.461017;0.000000;0.000000;0.000000;0.000000;2.000000;-28.278679;-482.544708;1617.060425;1.202434;0.000000;0.000000;0.000000;0.000000;2.000000;-0.543770;-450.263000;1636.686279;1.044136;0.000000;0.000000;0.000000;0.000000;2.000000;92.267365;-351.457642;1619.161499;0.865689;0.000000;0.000000;0.000000;0.000000;2.000000;143.135162;-121.783264;1739.497070;0.574543;0.000000;0.000000;0.000000;0.000000;2.000000;-49.351845;-41.326263;1664.275146;1.115157;0.000000;0.000000;0.000000;0.000000;2.000000;-100.317436;-56.858528;1739.366333;0.986413;0.000000;0.000000;0.000000;0.000000;2.000000;-166.792542;19.856056;1720.111450;0.672345;0.000000;0.000000;0.000000;0.000000;2.000000;-145.746765;-79.947586;1706.442383;1.040322;0.000000;0.000000;0.000000;0.000000;2.000000;-55.480659;-478.063293;1655.385864;1.113926;0.000000;0.000000;0.000000;0.000000;2.000000;-176.165710;-505.213806;1677.976196;1.068863;0.000000;0.000000;0.000000;0.000000;2.000000;-402.573151;-375.954926;1610.767212;1.113403;0.000000;0.000000;0.000000;0.000000;2.000000;-298.741974;-190.743561;1537.611084;1.146603;0.000000;0.000000;0.000000;0.000000;2.000000;-302.367950;-108.285248;1592.525513;1.342980;0.000000;0.000000;0.000000;0.000000;2.000000;-282.979645;-16.964115;1632.501953;1.356342;0.000000;0.000000;0.000000;0.000000;2.000000;-267.807983;-116.301529;1623.041992;1.526107;0.000000;0.000000;0.000000;0.000000;2.000000;79.324646;-131.102814;1969.147217;0.134857;0.000000;0.000000;0.000000;0.000000;2.000000;34.910385;244.871735;1912.583984;0.139585;0.000000;0.000000;0.000000;0.000000;2.000000;7.004784;606.445923;1960.718994;0.255553;0.000000;0.000000;0.000000;0.000000;2.000000;-57.580376;714.799072;1833.535400;0.270570;0.000000;0.000000;0.000000;0.000000;2.000000;-71.530525;-167.040436;2027.821167;0.121605;0.000000;0.000000;0.000000;0.000000;2.000000;-163.482971;138.217163;1816.690308;0.091209;0.000000;0.000000;0.000000;0.000000;2.000000;-175.924286;499.496429;1894.050293;0.821160;0.000000;0.000000;0.000000;0.000000;2.000000;-267.661041;585.767944;1787.733154;1.588634;0.000000;0.000000;0.000000;0.000000;1.000000;-34.277550;-516.310669;1546.885010;1.487270;0.000000;0.000000;0.000000;0.000000;2.000000;-60.467323;-406.520905;1442.636475;1.420717;0.000000;0.000000;0.000000;0.000000;2.000000;-15.871071;-435.535370;1436.835938;1.479456;0.000000;0.000000;0.000000;0.000000;2.000000;57.408180;-496.669525;1511.576416;1.603963;0.000000;0.000000;0.000000;0.000000;2.000000;-61.351799;-452.918701;1425.497192;1.409383;0.000000;0.000000;0.000000;0.000000;2.000000;-78.860405;-567.791565;1472.321777;1.389918;0.000000;0.000000;0.000000;0.000000;2.000000;19388934144.000000
