posX0;posY0;posZ0;posVel0;rotX0;rotY0;rotZ0;rotVel0;confidence0;posX1;posY1;posZ1;posVel1;rotX1;rotY1;rotZ1;rotVel1;confidence1;posX2;posY2;posZ2;posVel2;rotX2;rotY2;rotZ2;rotVel2;confidence2;posX3;posY3;posZ3;posVel3;rotX3;rotY3;rotZ3;rotVel3;confidence3;posX4;posY4;posZ4;posVel4;rotX4;rotY4;rotZ4;rotVel4;confidence4;posX5;posY5;posZ5;posVel5;rotX5;rotY5;rotZ5;rotVel5;confidence5;posX6;posY6;posZ6;posVel6;rotX6;rotY6;rotZ6;rotVel6;confidence6;posX7;posY7;posZ7;posVel7;rotX7;rotY7;rotZ7;rotVel7;confidence7;posX8;posY8;posZ8;posVel8;rotX8;rotY8;rotZ8;rotVel8;confidence8;posX9;posY9;posZ9;posVel9;rotX9;rotY9;rotZ9;rotVel9;confidence9;posX10;posY10;posZ10;posVel10;rotX10;rotY10;rotZ10;rotVel10;confidence10;posX11;posY11;posZ11;posVel11;rotX11;rotY11;rotZ11;rotVel11;confidence11;posX12;posY12;posZ12;posVel12;rotX12;rotY12;rotZ12;rotVel12;confidence12;posX13;posY13;posZ13;posVel13;rotX13;rotY13;rotZ13;rotVel13;confidence13;posX14;posY14;posZ14;posVel14;rotX14;rotY14;rotZ14;rotVel14;confidence14;posX15;posY15;posZ15;posVel15;rotX15;rotY15;rotZ15;rotVel15;confidence15;posX16;posY16;posZ16;posVel16;rotX16;rotY16;rotZ16;rotVel16;confidence16;posX17;posY17;posZ17;posVel17;rotX17;rotY17;rotZ17;rotVel17;confidence17;posX18;posY18;posZ18;posVel18;rotX18;rotY18;rotZ18;rotVel18;confidence18;posX19;posY19;posZ19;posVel19;rotX19;rotY19;rotZ19;rotVel19;confidence19;posX20;posY20;posZ20;posVel20;rotX20;rotY20;rotZ20;rotVel20;confidence20;posX21;posY21;posZ21;posVel21;rotX21;rotY21;rotZ21;rotVel21;confidence21;posX22;posY22;posZ22;posVel22;rotX22;rotY22;rotZ22;rotVel22;confidence22;posX23;posY23;posZ23;posVel23;rotX23;rotY23;rotZ23;rotVel23;confidence23;posX24;posY24;posZ24;posVel24;rotX24;rotY24;rotZ24;rotVel24;confidence24;posX25;posY25;posZ25;posVel25;rotX25;rotY25;rotZ25;rotVel25;confidence25;posX26;posY26;posZ26;posVel26;rotX26;rotY26;rotZ26;rotVel26;confidence26;posX27;posY27;posZ27;posVel27;rotX27;rotY27;rotZ27;rotVel27;confidence27;posX28;posY28;posZ28;posVel28;rotX28;rotY28;rotZ28;rotVel28;confidence28;posX29;posY29;posZ29;posVel29;rotX29;rotY29;rotZ29;rotVel29;confidence29;posX30;posY30;posZ30;posVel30;rotX30;rotY30;rotZ30;rotVel30;confidence30;posX31;posY31;posZ31;posVel31;rotX31;rotY31;rotZ31;rotVel31;confidence31;TimeStamp
0.000000;-150.000000;2000.000000;0.000000;0.000000;0.000000;0.000000;0.000000;2.000000;-4.863541;-317.875427;1998.336304;0.000000;0.000000;0.000000;0.000000;0.000000;2.000000;-32.568909;-425.353027;1922.773560;0.000000;0.000000;0.000000;0.000000;0.000000;2.000000;-41.814484;-601.564575;1819.633667;0.000000;0.000000;0.000000;0.000000;0.000000;2.000000;-9.114105;-571.003418;1830.855103;0.000000;0.000000;0.000000;0.000000;0.000000;2.000000;114.578651;-519.940918;1816.575684;0.000000;0.000000;0.000000;0.000000;0.000000;2.000000;210.401291;-300.181213;1917.587769;0.000000;0.000000;0.000000;0.000000;0.000000;2.000000;275.286591;-107.462875;1997.122559;0.000000;0.000000;0.000000;0.000000;0.000000;2.000000;262.424255;-34.888397;2049.897949;0.000000;0.000000;0.000000;0.000000;0.000000;0.000000;205.774719;37.824829;2006.869873;0.000000;0.000000;0.000000;0.000000;0.000000;2.000000;216.075928;10.762085;1998.312012;0.000000;0.000000;0.000000;0.000000;0.000000;2.000000;-70.940002;-574.879211;1844.132202;0.000000;0.000000;0.000000;0.000000;0.000000;2.000000;-189.978333;-544.471558;1859.403564;0.000000;0.000000;0.000000;0.000000;0.000000;2.000000;-261.563965;-329.176361;1996.473877;0.000000;0.000000;0.000000;0.000000;0.000000;2.000000;-214.630646;-116.165329;2032.729736;0.000000;0.000000;0.000000;0.000000;0.000000;2.000000;-179.790405;-91.423370;1944.974121;0.000000;0.000000;0.000000;0.000000;0.000000;2.000000;-155.637146;-57.531143;1854.059082;0.000000;0.000000;0.000000;0.000000;0.000000;2.000000;-130.289673;-77.419632;1959.277344;0.000000;0.000000;0.000000;0.000000;0.000000;2.000000;81.489578;-152.094238;1973.100342;0.000000;0.000000;0.000000;0.000000;0.000000;2.000000;28.140717;-21.446350;1623.636230;0.000000;0.000000;0.000000;0.000000;0.000000;2.000000;23.302963;325.520020;1527.081909;0.000000;0.000000;0.000000;0.000000;0.000000;2.000000;-47.895813;381.377380;1375.704834;0.000000;0.000000;0.000000;0.000000;0.000000;2.000000;-73.482727;-148.111526;2024.256592;0.000000;0.000000;0.000000;0.000000;0.000000;2.000000;-100.649200;-110.166595;1650.683716;0.000000;0.000000;0.000000;0.000000;0.000000;2.000000;-72.552490;252.627930;1658.825562;0.000000;0.000000;0.000000;0.000000;0.000000;2.000000;-141.974121;310.504211;1524.064087;0.000000;0.000000;0.000000;0.000000;0.000000;2.000000;-47.916260;-660.629517;1770.767090;0.000000;0.000000;0.000000;0.000000;0.000000;2.000000;-37.742340;-623.777954;1624.402222;0.000000;0.000000;0.000000;0.000000;0.000000;2.000000;-17.944901;-670.420532;1638.862427;0.000000;0.000000;0.000000;0.000000;0.000000;2.000000;27.743713;-715.623657;1739.423340;0.000000;0.000000;0.000000;0.000000;0.000000;2.000000;-66.239929;-661.948853;1634.561035;0.000000;0.000000;0.000000;0.000000;0.000000;2.000000;-127.941101;-705.268433;1732.185059;0.000000;0.000000;0.000000;0.000000;0.000000;2.000000;4983733248.000000
0.000000;-150.000000;2000.000000;0.000000;0.000000;0.000000;0.000000;0.000000;2.000000;-4.891113;-317.931213;1998.059692;0.008519;0.000000;0.000000;0.000000;0.000000;2.000000;-32.876907;-424.563599;1921.327393;0.050365;0.000000;0.000000;0.000000;0.000000;2.000000;-41.737000;-598.742493;1814.619141;0.172915;0.000000;0.000000;0.000000;0.000000;2.000000;-9.132507;-568.218750;1826.280029;0.160935;0.000000;0.000000;0.000000;0.000000;2.000000;113.954430;-515.660950;1811.744019;0.194856;0.000000;0.000000;0.000000;0.000000;2.000000;209.964996;-298.107635;1917.480469;0.063753;0.000000;0.000000;0.000000;0.000000;2.000000;274.956421;-107.198975;2001.385254;0.128714;0.000000;0.000000;0.000000;0.000000;2.000000;263.318359;-35.220734;2055.304199;0.164957;0.000000;0.000000;0.000000;0.000000;0.000000;211.259705;51.088074;2041.310059;1.121130;0.000000;0.000000;0.000000;0.000000;0.000000;215.611176;10.702728;2003.671875;0.161668;0.000000;0.000000;0.000000;0.000000;2.000000;-70.878723;-572.721985;1839.834473;0.144506;0.000000;0.000000;0.000000;0.000000;2.000000;-190.324127;-543.352722;1854.294189;0.157508;0.000000;0.000000;0.000000;0.000000;2.000000;-259.703217;-327.984375;1992.560669;0.135037;0.000000;0.000000;0.000000;0.000000;2.000000;-211.805206;-115.515793;2031.141235;0.099333;0.000000;0.000000;0.000000;0.000000;2.000000;-177.260651;-89.925842;1943.473511;0.099177;0.000000;0.000000;0.000000;0.000000;2.000000;-150.821350;-58.782944;1852.172852;0.159896;0.000000;0.000000;0.000000;0.000000;2.000000;-125.927460;-78.920975;1959.861206;0.139728;0.000000;0.000000;0.000000;0.000000;2.000000;81.532822;-152.064255;1973.132080;0.001847;0.000000;0.000000;0.000000;0.000000;2.000000;26.753891;-23.863586;1622.839722;0.087091;0.000000;0.000000;0.000000;0.000000;2.000000;21.964401;324.353760;1530.397949;0.113022;0.000000;0.000000;0.000000;0.000000;2.000000;-50.377563;384.807312;1381.272583;0.210172;0.000000;0.000000;0.000000;0.000000;2.000000;-73.521759;-148.138580;2024.228149;0.001663;0.000000;0.000000;0.000000;0.000000;2.000000;-103.519257;-113.622269;1650.404907;0.135238;0.000000;0.000000;0.000000;0.000000;2.000000;-75.836517;249.402771;1654.403442;0.191794;0.000000;0.000000;0.000000;0.000000;2.000000;-149.744965;290.296509;1515.790527;0.696434;0.000000;0.000000;0.000000;0.000000;2.000000;-47.794250;-656.851074;1764.571777;0.218078;0.000000;0.000000;0.000000;0.000000;2.000000;-37.755951;-624.418091;1617.100464;0.220246;0.000000;0.000000;0.000000;0.000000;2.000000;-19.107330;-671.172485;1632.746216;0.188430;0.000000;0.000000;0.000000;0.000000;2.000000;26.135330;-714.765320;1734.265381;0.164383;0.000000;0.000000;0.000000;0.000000;2.000000;-67.204865;-661.511108;1628.540527;0.183685;0.000000;0.000000;0.000000;0.000000;2.000000;-129.319519;-700.381348;1727.816650;0.201270;0.000000;0.000000;0.000000;0.000000;2.000000;4983766528.000000
0.000000;-149.999985;2000.000000;0.000000;0.000000;0.000000;0.000000;0.000000;2.000000;-4.725586;-318.305573;1997.456299;0.021909;0.000000;0.000000;0.000000;0.000000;2.000000;-32.759155;-424.596069;1919.744385;0.047708;0.000000;0.000000;0.000000;0.000000;2.000000;-41.617523;-598.099609;1811.072510;0.108366;0.000000;0.000000;0.000000;0.000000;2.000000;-8.935303;-567.643677;1823.098511;0.097328;0.000000;0.000000;0.000000;0.000000;2.000000;114.424507;-514.790527;1809.153442;0.083324;0.000000;0.000000;0.000000;0.000000;2.000000;210.427673;-298.008179;1917.878662;0.018584;0.000000;0.000000;0.000000;0.000000;2.000000;275.384247;-107.668945;2004.344360;0.090943;0.000000;0.000000;0.000000;0.000000;2.000000;263.767792;-37.359894;2060.755859;0.176489;0.000000;0.000000;0.000000;0.000000;0.000000;209.734055;47.801910;2045.604614;0.168831;0.000000;0.000000;0.000000;0.000000;0.000000;215.353180;10.115417;2011.318481;0.230573;0.000000;0.000000;0.000000;0.000000;2.000000;-70.838837;-572.252930;1836.565918;0.099227;0.000000;0.000000;0.000000;0.000000;2.000000;-190.447174;-542.121643;1850.486694;0.120296;0.000000;0.000000;0.000000;0.000000;2.000000;-258.162140;-326.009674;1989.559448;0.117463;0.000000;0.000000;0.000000;0.000000;2.000000;-207.174194;-113.821411;2028.572998;0.167066;0.000000;0.000000;0.000000;0.000000;2.000000;-168.266907;-89.729599;1942.071533;0.273572;0.000000;0.000000;0.000000;0.000000;2.000000;-136.687958;-60.680237;1851.470093;0.429011;0.000000;0.000000;0.000000;0.000000;2.000000;-115.600189;-79.617462;1962.702271;0.322523;0.000000;0.000000;0.000000;0.000000;2.000000;81.729660;-151.888184;1973.099487;0.007996;0.000000;0.000000;0.000000;0.000000;2.000000;26.426727;-22.346466;1622.470215;0.047938;0.000000;0.000000;0.000000;0.000000;2.000000;21.511429;327.562317;1533.321411;0.131137;0.000000;0.000000;0.000000;0.000000;2.000000;-53.534424;391.561584;1386.561035;0.274663;0.000000;0.000000;0.000000;0.000000;2.000000;-73.699188;-148.297318;2024.257202;0.007207;0.000000;0.000000;0.000000;0.000000;2.000000;-104.701172;-111.824677;1649.848633;0.066770;0.000000;0.000000;0.000000;0.000000;2.000000;-78.053253;252.052368;1656.872559;0.127592;0.000000;0.000000;0.000000;0.000000;2.000000;-152.743713;309.580200;1524.287720;0.639576;0.000000;0.000000;0.000000;0.000000;2.000000;-47.664124;-655.838440;1760.334839;0.130956;0.000000;0.000000;0.000000;0.000000;2.000000;-34.469330;-626.668030;1612.083496;0.192482;0.000000;0.000000;0.000000;0.000000;2.000000;-16.270538;-673.224182;1629.182129;0.150119;0.000000;0.000000;0.000000;0.000000;2.000000;26.829041;-714.776245;1732.783936;0.049154;0.000000;0.000000;0.000000;0.000000;2.000000;-64.345093;-663.487427;1623.765259;0.177480;0.000000;0.000000;0.000000;0.000000;2.000000;-128.758057;-700.022400;1722.808472;0.151813;0.000000;0.000000;0.000000;0.000000;2.000000;4983799808.000000
0.000000;-150.000015;2000.000000;0.000001;0.000000;0.000000;0.000000;0.000000;2.000000;-9.898911;-315.865479;1992.786987;0.221868;0.000000;0.000000;0.000000;0.000000;2.000000;-38.387222;-429.997009;1930.807983;0.406759;0.000000;0.000000;0.000000;0.000000;2.000000;-51.315109;-598.915771;1820.070313;0.398259;0.000000;0.000000;0.000000;0.000000;2.000000;-18.345200;-569.769836;1832.375488;0.402161;0.000000;0.000000;0.000000;0.000000;2.000000;104.428909;-519.306580;1820.550781;0.475298;0.000000;0.000000;0.000000;0.000000;2.000000;194.125778;-299.593445;1920.787720;0.499854;0.000000;0.000000;0.000000;0.000000;2.000000;264.157104;-112.349274;2003.168701;0.367197;0.000000;0.000000;0.000000;0.000000;2.000000;248.814774;-66.438019;2078.767090;1.121697;0.000000;0.000000;0.000000;0.000000;0.000000;191.462891;7.873840;2042.221313;1.323321;0.000000;0.000000;0.000000;0.000000;2.000000;202.162537;-2.201660;2038.615479;0.983279;0.000000;0.000000;0.000000;0.000000;2.000000;-79.499466;-573.304565;1845.923584;0.384426;0.000000;0.000000;0.000000;0.000000;2.000000;-198.609756;-545.964966;1855.716919;0.313357;0.000000;0.000000;0.000000;0.000000;2.000000;-225.356918;-320.149353;1986.841431;1.004664;0.000000;0.000000;0.000000;0.000000;2.000000;-133.109970;-135.718460;2060.450195;2.510615;0.000000;0.000000;0.000000;0.000000;2.000000;-88.206314;-106.489914;1980.004028;2.709244;0.000000;0.000000;0.000000;0.000000;2.000000;-42.173813;-90.979584;1893.724731;3.241354;0.000000;0.000000;0.000000;0.000000;2.000000;-61.697067;-111.672607;1979.942871;1.954354;0.000000;0.000000;0.000000;0.000000;2.000000;79.390289;-153.425461;1969.816528;0.129638;0.000000;0.000000;0.000000;0.000000;2.000000;19.011215;-39.461060;1619.600464;0.567053;0.000000;0.000000;0.000000;0.000000;2.000000;17.453583;312.008179;1558.920044;0.908271;0.000000;0.000000;0.000000;0.000000;2.000000;-52.433548;391.173401;1419.817139;0.999897;0.000000;0.000000;0.000000;0.000000;2.000000;-71.589706;-146.911133;2027.217773;0.116904;0.000000;0.000000;0.000000;0.000000;2.000000;-119.414810;-115.679626;1658.812378;0.530500;0.000000;0.000000;0.000000;0.000000;2.000000;-75.731583;241.236023;1683.483765;0.865958;0.000000;0.000000;0.000000;0.000000;2.000000;-160.840561;314.999512;1568.878906;1.371490;0.000000;0.000000;0.000000;0.000000;2.000000;-58.751419;-654.770813;1768.845093;0.421201;0.000000;0.000000;0.000000;0.000000;2.000000;-35.042221;-631.381775;1622.793213;0.352019;0.000000;0.000000;0.000000;0.000000;2.000000;-20.958954;-677.789795;1642.045776;0.433671;0.000000;0.000000;0.000000;0.000000;2.000000;12.687912;-718.033691;1747.947876;0.630672;0.000000;0.000000;0.000000;0.000000;2.000000;-67.353104;-665.569580;1633.447266;0.311001;0.000000;0.000000;0.000000;0.000000;2.000000;-138.922287;-694.765137;1728.022339;0.377860;0.000000;0.000000;0.000000;0.000000;2.000000;4983833088.000000
0.000000;-149.999985;2000.000000;0.000001;0.000000;0.000000;0.000000;0.000000;2.000000;-12.808365;-315.632782;1990.638428;0.107252;0.000000;0.000000;0.000000;0.000000;2.000000;-41.856033;-431.715698;1932.537842;0.125478;0.000000;0.000000;0.000000;0.000000;2.000000;-56.335251;-598.850464;1819.152710;0.151034;0.000000;0.000000;0.000000;0.000000;2.000000;-23.106155;-570.122253;1831.813110;0.142252;0.000000;0.000000;0.000000;0.000000;2.000000;99.181778;-520.286316;1813.437866;0.263169;0.000000;0.000000;0.000000;0.000000;2.000000;193.224564;-305.924652;1921.283813;0.189815;0.000000;0.000000;0.000000;0.000000;2.000000;261.515045;-120.745819;2009.816895;0.326435;0.000000;0.000000;0.000000;0.000000;2.000000;243.242523;-73.657104;2084.074707;0.312251;0.000000;0.000000;0.000000;0.000000;0.000000;185.809631;0.959198;2048.158936;0.317385;0.000000;0.000000;0.000000;0.000000;2.000000;198.543137;-10.411774;2044.462891;0.316931;0.000000;0.000000;0.000000;0.000000;2.000000;-84.268570;-573.439575;1845.507446;0.141724;0.000000;0.000000;0.000000;0.000000;2.000000;-205.195786;-553.821472;1851.482788;0.328238;0.000000;0.000000;0.000000;0.000000;2.000000;-225.462601;-317.463654;1964.119873;0.677083;0.000000;0.000000;0.000000;0.000000;2.000000;-103.472549;-139.770737;2003.218872;1.911022;0.000000;0.000000;0.000000;0.000000;2.000000;-61.078964;-129.371796;1916.933472;2.141621;0.000000;0.000000;0.000000;0.000000;2.000000;-29.773758;-90.467911;1831.383057;1.881066;0.000000;0.000000;0.000000;0.000000;1.000000;-22.211746;-135.486740;1922.621704;2.177017;0.000000;0.000000;0.000000;0.000000;2.000000;79.139267;-154.377914;1969.180908;0.034690;0.000000;0.000000;0.000000;0.000000;2.000000;11.400375;-49.915863;1617.175903;0.389352;0.000000;0.000000;0.000000;0.000000;2.000000;10.657364;302.819153;1563.273071;0.361923;0.000000;0.000000;0.000000;0.000000;2.000000;-58.169449;389.121155;1427.837280;0.298044;0.000000;0.000000;0.000000;0.000000;2.000000;-71.363358;-146.052216;2027.790894;0.031282;0.000000;0.000000;0.000000;0.000000;2.000000;-132.289230;-117.506119;1660.937134;0.389908;0.000000;0.000000;0.000000;0.000000;2.000000;-84.751785;239.240479;1683.143799;0.273572;0.000000;0.000000;0.000000;0.000000;2.000000;-145.949295;356.853760;1592.238403;1.485309;0.000000;0.000000;0.000000;0.000000;2.000000;-64.331375;-653.863403;1767.057495;0.175460;0.000000;0.000000;0.000000;0.000000;2.000000;-45.077560;-629.320923;1620.472412;0.310853;0.000000;0.000000;0.000000;0.000000;2.000000;-30.932480;-676.097473;1638.829834;0.314127;0.000000;0.000000;0.000000;0.000000;2.000000;5.656158;-717.783081;1743.247070;0.250415;0.000000;0.000000;0.000000;0.000000;2.000000;-77.450760;-663.243896;1631.855835;0.310237;0.000000;0.000000;0.000000;0.000000;2.000000;-146.295731;-692.530090;1728.473022;0.228395;0.000000;0.000000;0.000000;0.000000;2.000000;4983866880.000000
0.000000;-150.000000;2000.000000;0.000000;0.000000;0.000000;0.000000;0.000000;2.000000;-18.579727;-319.164124;1998.284790;0.306793;0.000000;0.000000;0.000000;0.000000;2.000000;-51.123764;-438.989197;1942.654053;0.466600;0.000000;0.000000;0.000000;0.000000;2.000000;-68.324173;-611.405701;1829.207153;0.602807;0.000000;0.000000;0.000000;0.000000;2.000000;-33.807510;-582.731689;1842.348511;0.589212;0.000000;0.000000;0.000000;0.000000;2.000000;92.487228;-533.200073;1828.461060;0.628341;0.000000;0.000000;0.000000;0.000000;2.000000;185.848297;-314.942627;1943.095703;0.743040;0.000000;0.000000;0.000000;0.000000;2.000000;255.665344;-127.347046;2037.369507;0.869289;0.000000;0.000000;0.000000;0.000000;2.000000;244.935867;-74.282135;2111.578613;0.828217;0.000000;0.000000;0.000000;0.000000;0.000000;178.060593;-12.550781;2063.183594;0.650253;0.000000;0.000000;0.000000;0.000000;2.000000;183.042038;-19.178436;2063.706543;0.787842;0.000000;0.000000;0.000000;0.000000;2.000000;-96.695450;-584.207031;1855.164917;0.572991;0.000000;0.000000;0.000000;0.000000;2.000000;-220.358627;-566.364563;1866.472534;0.743308;0.000000;0.000000;0.000000;0.000000;2.000000;-232.259384;-320.076111;1973.001465;0.345100;0.000000;0.000000;0.000000;0.000000;2.000000;-84.250107;-152.034821;1980.532715;0.966489;0.000000;0.000000;0.000000;0.000000;2.000000;-26.389435;-176.922440;1904.275391;1.809048;0.000000;0.000000;0.000000;0.000000;2.000000;13.420441;-131.481461;1822.937378;1.807681;0.000000;0.000000;0.000000;0.000000;2.000000;1.138000;-164.655884;1895.690674;1.383951;0.000000;0.000000;0.000000;0.000000;2.000000;81.532547;-158.660461;1970.957520;0.156782;0.000000;0.000000;0.000000;0.000000;2.000000;-10.564835;-68.844208;1611.376709;0.888521;0.000000;0.000000;0.000000;0.000000;2.000000;-13.385406;294.187439;1573.839478;0.830660;0.000000;0.000000;0.000000;0.000000;2.000000;-74.797623;389.603149;1435.772827;0.553816;0.000000;0.000000;0.000000;0.000000;2.000000;-73.521500;-142.190475;2026.188843;0.141377;0.000000;0.000000;0.000000;0.000000;2.000000;-151.328506;-102.089447;1654.878418;0.758305;0.000000;0.000000;0.000000;0.000000;2.000000;-114.439560;256.233032;1734.064941;1.843266;0.000000;0.000000;0.000000;0.000000;2.000000;-173.542801;405.773438;1699.715820;3.643871;0.000000;0.000000;0.000000;0.000000;2.000000;-76.994827;-668.322327;1776.693848;0.646057;0.000000;0.000000;0.000000;0.000000;2.000000;-45.960297;-644.352173;1628.505127;0.512795;0.000000;0.000000;0.000000;0.000000;2.000000;-32.919144;-692.027344;1648.704102;0.566316;0.000000;0.000000;0.000000;0.000000;2.000000;-3.699646;-733.777344;1758.377197;0.718814;0.000000;0.000000;0.000000;0.000000;2.000000;-79.830307;-679.009644;1637.864258;0.511984;0.000000;0.000000;0.000000;0.000000;2.000000;-157.542618;-708.306396;1731.268555;0.588205;0.000000;0.000000;0.000000;0.000000;2.000000;4983900160.000000
0.000000;-150.000000;2000.000000;0.000000;0.000000;0.000000;0.000000;0.000000;2.000000;-22.865051;-321.681641;1997.265259;0.152452;0.000000;0.000000;0.000000;0.000000;2.000000;-58.991821;-441.527435;1938.031616;0.284611;0.000000;0.000000;0.000000;0.000000;2.000000;-78.373688;-616.701477;1822.392578;0.398039;0.000000;0.000000;0.000000;0.000000;2.000000;-43.112320;-587.280151;1834.875854;0.383756;0.000000;0.000000;0.000000;0.000000;2.000000;86.556747;-541.745605;1815.458740;0.500332;0.000000;0.000000;0.000000;0.000000;2.000000;179.619751;-322.038452;1938.167847;0.320022;0.000000;0.000000;0.000000;0.000000;2.000000;250.858841;-134.271042;2040.052979;0.265794;0.000000;0.000000;0.000000;0.000000;2.000000;241.114105;-84.610107;2118.665039;0.393493;0.000000;0.000000;0.000000;0.000000;0.000000;174.331909;-20.053894;2069.886230;0.322405;0.000000;0.000000;0.000000;0.000000;2.000000;174.076828;-29.127045;2070.565918;0.452122;0.000000;0.000000;0.000000;0.000000;2.000000;-106.704681;-589.360962;1849.742798;0.375477;0.000000;0.000000;0.000000;0.000000;2.000000;-233.002838;-578.745972;1865.239258;0.533043;0.000000;0.000000;0.000000;0.000000;2.000000;-244.604187;-330.463867;1979.083740;0.518095;0.000000;0.000000;0.000000;0.000000;2.000000;-93.162048;-160.073669;1973.023438;0.425406;0.000000;0.000000;0.000000;0.000000;2.000000;-35.372299;-191.124374;1896.669556;0.554251;0.000000;0.000000;0.000000;0.000000;2.000000;-9.926239;-123.436050;1823.150513;0.742036;0.000000;0.000000;0.000000;0.000000;2.000000;0.521973;-183.693390;1895.447510;0.572387;0.000000;0.000000;0.000000;0.000000;1.000000;82.916153;-160.578384;1970.832275;0.071161;0.000000;0.000000;0.000000;0.000000;2.000000;-25.391586;-91.642410;1603.950317;0.847090;0.000000;0.000000;0.000000;0.000000;2.000000;-22.661560;278.691833;1575.000854;0.543787;0.000000;0.000000;0.000000;0.000000;2.000000;-82.308441;380.985352;1436.931030;0.345253;0.000000;0.000000;0.000000;0.000000;2.000000;-74.769165;-140.460999;2026.301880;0.064169;0.000000;0.000000;0.000000;0.000000;2.000000;-157.840179;-98.697525;1649.320313;0.276703;0.000000;0.000000;0.000000;0.000000;2.000000;-114.533539;263.578857;1737.591553;0.244863;0.000000;0.000000;0.000000;0.000000;2.000000;-181.215027;407.959595;1685.494751;0.489960;0.000000;0.000000;0.000000;0.000000;2.000000;-88.256165;-674.494019;1768.981201;0.450112;0.000000;0.000000;0.000000;0.000000;2.000000;-39.031723;-660.192139;1621.624878;0.559126;0.000000;0.000000;0.000000;0.000000;2.000000;-30.426941;-707.947021;1646.095459;0.490486;0.000000;0.000000;0.000000;0.000000;2.000000;-15.282700;-745.086487;1762.463745;0.501689;0.000000;0.000000;0.000000;0.000000;2.000000;-75.976410;-693.411377;1629.039063;0.520575;0.000000;0.000000;0.000000;0.000000;2.000000;-166.440369;-714.402100;1715.979004;0.562227;0.000000;0.000000;0.000000;0.000000;2.000000;4983933440.000000
0.000000;-150.000000;2000.000000;0.000000;0.000000;0.000000;0.000000;0.000000;2.000000;-23.926468;-322.544434;1997.199829;0.041148;0.000000;0.000000;0.000000;0.000000;2.000000;-61.802734;-443.373413;1939.197021;0.106943;0.000000;0.000000;0.000000;0.000000;2.000000;-83.600861;-616.877808;1819.326660;0.182167;0.000000;0.000000;0.000000;0.000000;2.000000;-47.881729;-587.600525;1831.895752;0.169261;0.000000;0.000000;0.000000;0.000000;2.000000;81.628593;-540.811584;1808.979370;0.246213;0.000000;0.000000;0.000000;0.000000;2.000000;178.220856;-326.213745;1941.039307;0.157960;0.000000;0.000000;0.000000;0.000000;2.000000;250.326462;-141.477173;2050.455566;0.380587;0.000000;0.000000;0.000000;0.000000;2.000000;247.455185;-91.477386;2130.041504;0.442424;0.000000;0.000000;0.000000;0.000000;0.000000;175.792679;-24.352600;2091.404785;0.660826;0.000000;0.000000;0.000000;0.000000;0.000000;174.493561;-34.704437;2079.085693;0.306236;0.000000;0.000000;0.000000;0.000000;2.000000;-111.559692;-589.988281;1847.962524;0.156521;0.000000;0.000000;0.000000;0.000000;2.000000;-238.021118;-578.364258;1867.067383;0.160893;0.000000;0.000000;0.000000;0.000000;2.000000;-247.925873;-332.193573;1989.155151;0.322872;0.000000;0.000000;0.000000;0.000000;2.000000;-106.805817;-153.676727;1960.474243;0.589245;0.000000;0.000000;0.000000;0.000000;2.000000;-53.111633;-184.582687;1880.395020;0.749601;0.000000;0.000000;0.000000;0.000000;2.000000;-57.385651;-96.066406;1826.507690;1.649298;0.000000;0.000000;0.000000;0.000000;2.000000;-6.684738;-92.245331;1876.660156;2.813573;0.000000;0.000000;0.000000;0.000000;2.000000;82.686981;-160.960342;1968.836914;0.061433;0.000000;0.000000;0.000000;0.000000;2.000000;-29.401260;-104.068375;1598.658447;0.423332;0.000000;0.000000;0.000000;0.000000;2.000000;-21.911057;268.979767;1579.475708;0.322106;0.000000;0.000000;0.000000;0.000000;2.000000;-85.874756;377.850067;1447.099121;0.337207;0.000000;0.000000;0.000000;0.000000;2.000000;-74.562469;-140.116577;2028.101074;0.055393;0.000000;0.000000;0.000000;0.000000;2.000000;-154.462433;-93.665283;1648.677734;0.183134;0.000000;0.000000;0.000000;0.000000;2.000000;-110.248596;264.618561;1759.218018;0.663202;0.000000;0.000000;0.000000;0.000000;2.000000;-183.664795;407.170563;1708.039917;0.681839;0.000000;0.000000;0.000000;0.000000;2.000000;-94.579926;-673.771240;1764.501709;0.233870;0.000000;0.000000;0.000000;0.000000;2.000000;-42.125381;-656.710205;1617.598755;0.184995;0.000000;0.000000;0.000000;0.000000;2.000000;-33.194443;-704.894043;1641.808105;0.178682;0.000000;0.000000;0.000000;0.000000;2.000000;-19.870300;-743.451172;1758.689697;0.185140;0.000000;0.000000;0.000000;0.000000;2.000000;-78.865234;-690.825806;1623.835205;0.194990;0.000000;0.000000;0.000000;0.000000;2.000000;-171.352264;-714.542603;1709.004028;0.256373;0.000000;0.000000;0.000000;0.000000;2.000000;4983966720.000000
0.000000;-150.000000;2000.000000;0.000000;0.000000;0.000000;0.000000;0.000000;2.000000;-27.076859;-323.522736;1998.158569;0.103224;0.000000;0.000000;0.000000;0.000000;2.000000;-70.793961;-442.234680;1937.239868;0.278605;0.000000;0.000000;0.000000;0.000000;2.000000;-91.455338;-621.055908;1822.015381;0.279267;0.000000;0.000000;0.000000;0.000000;2.000000;-55.838669;-590.434998;1833.068115;0.256241;0.000000;0.000000;0.000000;0.000000;2.000000;72.252884;-539.027039;1805.595703;0.304270;0.000000;0.000000;0.000000;0.000000;2.000000;188.174637;-334.141418;1941.952759;0.383346;0.000000;0.000000;0.000000;0.000000;2.000000;244.733765;-146.273727;2058.750977;0.333383;0.000000;0.000000;0.000000;0.000000;2.000000;240.909302;-97.999512;2140.244629;0.413628;0.000000;0.000000;0.000000;0.000000;0.000000;195.310623;-6.719666;2110.172852;0.970935;0.000000;0.000000;0.000000;0.000000;0.000000;173.434448;-43.145935;2085.590576;0.321801;0.000000;0.000000;0.000000;0.000000;2.000000;-119.625198;-593.702637;1850.666870;0.278917;0.000000;0.000000;0.000000;0.000000;2.000000;-247.052567;-584.170410;1871.472168;0.348714;0.000000;0.000000;0.000000;0.000000;2.000000;-251.488846;-331.280884;1984.888306;0.169269;0.000000;0.000000;0.000000;0.000000;2.000000;-100.178848;-158.926590;1955.518921;0.294460;0.000000;0.000000;0.000000;0.000000;2.000000;-79.595169;-150.843658;1855.874512;1.484556;0.000000;0.000000;0.000000;0.000000;2.000000;-57.163345;-102.826385;1765.742676;1.837148;0.000000;0.000000;0.000000;0.000000;2.000000;-0.545471;-89.652618;1875.668945;0.202452;0.000000;0.000000;0.000000;0.000000;1.000000;81.899132;-162.412720;1965.415161;0.114177;0.000000;0.000000;0.000000;0.000000;2.000000;-43.822754;-113.487625;1595.112183;0.528434;0.000000;0.000000;0.000000;0.000000;2.000000;-28.765259;262.836456;1590.872925;0.440199;0.000000;0.000000;0.000000;0.000000;2.000000;-98.332962;371.638153;1459.207520;0.554392;0.000000;0.000000;0.000000;0.000000;2.000000;-73.852036;-138.806915;2031.186523;0.102955;0.000000;0.000000;0.000000;0.000000;2.000000;-165.256241;-93.532135;1650.942749;0.331421;0.000000;0.000000;0.000000;0.000000;2.000000;-111.044632;261.721832;1776.324707;0.521889;0.000000;0.000000;0.000000;0.000000;2.000000;-189.411362;400.818634;1718.854980;0.414550;0.000000;0.000000;0.000000;0.000000;2.000000;-102.408432;-680.234619;1768.678589;0.329855;0.000000;0.000000;0.000000;0.000000;2.000000;-59.186874;-656.659546;1618.343994;0.513156;0.000000;0.000000;0.000000;0.000000;2.000000;-48.222641;-706.046021;1640.184326;0.455514;0.000000;0.000000;0.000000;0.000000;2.000000;-26.996292;-749.337524;1755.295654;0.295861;0.000000;0.000000;0.000000;0.000000;2.000000;-95.445053;-691.690063;1625.582764;0.501624;0.000000;0.000000;0.000000;0.000000;2.000000;-182.830887;-719.995117;1716.133545;0.437835;0.000000;0.000000;0.000000;0.000000;2.000000;4984000000.000000
0.000000;-149.999985;2000.000000;0.000000;0.000000;0.000000;0.000000;0.000000;2.000000;-31.370651;-324.269165;1995.571167;0.152295;0.000000;0.000000;0.000000;0.000000;2.000000;-77.179596;-446.594269;1940.893799;0.256966;0.000000;0.000000;0.000000;0.000000;2.000000;-103.111053;-627.928528;1827.288452;0.436364;0.000000;0.000000;0.000000;0.000000;2.000000;-66.602829;-597.256592;1837.009399;0.400818;0.000000;0.000000;0.000000;0.000000;2.000000;61.178421;-542.916992;1807.643433;0.358025;0.000000;0.000000;0.000000;0.000000;2.000000;167.458878;-336.534546;1953.875732;0.721796;0.000000;0.000000;0.000000;0.000000;2.000000;224.306061;-153.541702;2081.576172;0.945968;0.000000;0.000000;0.000000;0.000000;2.000000;227.411133;-95.427063;2157.423340;0.661007;0.000000;0.000000;0.000000;0.000000;0.000000;193.787643;-18.625610;2090.491943;0.692678;0.000000;0.000000;0.000000;0.000000;2.000000;155.561890;-53.604187;2108.432617;0.926418;0.000000;0.000000;0.000000;0.000000;2.000000;-130.385559;-599.793884;1856.742554;0.413969;0.000000;0.000000;0.000000;0.000000;2.000000;-257.913757;-589.911621;1882.945801;0.505104;0.000000;0.000000;0.000000;0.000000;2.000000;-270.288452;-334.740204;1996.447632;0.671230;0.000000;0.000000;0.000000;0.000000;2.000000;-109.696106;-171.565063;1952.172241;0.485915;0.000000;0.000000;0.000000;0.000000;2.000000;-82.557587;-162.467682;1853.295044;0.368683;0.000000;0.000000;0.000000;0.000000;2.000000;-63.806259;-104.713715;1767.084961;0.211390;0.000000;0.000000;0.000000;0.000000;1.000000;3.601944;-92.829620;1897.219238;0.666302;0.000000;0.000000;0.000000;0.000000;2.000000;81.259430;-163.675079;1962.514648;0.096975;0.000000;0.000000;0.000000;0.000000;2.000000;-70.712189;-134.698303;1596.397827;1.029815;0.000000;0.000000;0.000000;0.000000;2.000000;-49.641251;244.394104;1607.894531;0.980904;0.000000;0.000000;0.000000;0.000000;2.000000;-110.450897;360.218201;1475.678345;0.703759;0.000000;0.000000;0.000000;0.000000;2.000000;-73.275208;-137.668549;2033.802124;0.087450;0.000000;0.000000;0.000000;0.000000;2.000000;-186.693054;-69.543060;1659.459961;0.999999;0.000000;0.000000;0.000000;0.000000;2.000000;-131.457550;277.299316;1814.341675;1.378495;0.000000;0.000000;0.000000;0.000000;2.000000;-196.250885;430.691650;1774.890991;1.919132;0.000000;0.000000;0.000000;0.000000;2.000000;-116.309540;-688.059570;1774.492676;0.510176;0.000000;0.000000;0.000000;0.000000;2.000000;-81.314362;-664.287415;1620.668091;0.706744;0.000000;0.000000;0.000000;0.000000;2.000000;-67.159882;-713.354980;1642.579590;0.614171;0.000000;0.000000;0.000000;0.000000;2.000000;-38.250946;-754.791199;1757.855957;0.383587;0.000000;0.000000;0.000000;0.000000;2.000000;-116.006195;-700.969177;1630.124390;0.691425;0.000000;0.000000;0.000000;0.000000;2.000000;-198.252716;-731.983643;1726.013306;0.657749;0.000000;0.000000;0.000000;0.000000;2.000000;4984033280.000000
0.000000;-149.999985;2000.000000;0.000000;0.000000;0.000000;0.000000;0.000000;2.000000;-36.550980;-319.261200;2003.125366;0.313684;0.000000;0.000000;0.000000;0.000000;2.000000;-86.268738;-439.767212;1956.467041;0.579349;0.000000;0.000000;0.000000;0.000000;2.000000;-115.849030;-615.032349;1843.212280;0.724985;0.000000;0.000000;0.000000;0.000000;2.000000;-80.087341;-584.662598;1851.139893;0.698326;0.000000;0.000000;0.000000;0.000000;2.000000;43.416275;-527.352173;1824.296509;0.868323;0.000000;0.000000;0.000000;0.000000;2.000000;153.818649;-331.489227;1970.635498;0.666770;0.000000;0.000000;0.000000;0.000000;2.000000;198.602127;-154.891113;2102.935303;1.005029;0.000000;0.000000;0.000000;0.000000;2.000000;217.911163;-113.700500;2184.597412;1.024546;0.000000;0.000000;0.000000;0.000000;0.000000;175.796387;-19.875916;2163.946289;2.272713;0.000000;0.000000;0.000000;0.000000;0.000000;140.223816;-53.022430;2140.822998;1.077018;0.000000;0.000000;0.000000;0.000000;2.000000;-141.070129;-588.599670;1874.238770;0.701858;0.000000;0.000000;0.000000;0.000000;2.000000;-263.798798;-580.817505;1908.529297;0.834802;0.000000;0.000000;0.000000;0.000000;2.000000;-269.443573;-328.333771;2013.099609;0.536713;0.000000;0.000000;0.000000;0.000000;2.000000;-107.317719;-181.166107;1949.505493;0.307825;0.000000;0.000000;0.000000;0.000000;2.000000;-75.722473;-153.235550;1858.115967;0.374328;0.000000;0.000000;0.000000;0.000000;1.000000;-66.520386;-82.655243;1783.520142;0.830577;0.000000;0.000000;0.000000;0.000000;1.000000;-1.483627;-86.147430;1928.691406;0.978761;0.000000;0.000000;0.000000;0.000000;1.000000;78.069649;-167.557434;1962.157349;0.151363;0.000000;0.000000;0.000000;0.000000;2.000000;-94.189514;-119.508545;1617.115356;1.045712;0.000000;0.000000;0.000000;0.000000;2.000000;-58.664780;249.648865;1637.333862;0.938593;0.000000;0.000000;0.000000;0.000000;2.000000;-126.022766;358.771729;1508.379028;1.089180;0.000000;0.000000;0.000000;0.000000;2.000000;-70.398834;-134.167664;2034.124390;0.136491;0.000000;0.000000;0.000000;0.000000;2.000000;-217.416351;-100.080994;1676.444458;1.398111;0.000000;0.000000;0.000000;0.000000;2.000000;-105.157928;251.271973;1745.832397;2.339627;0.000000;0.000000;0.000000;0.000000;2.000000;-170.100708;379.708252;1660.487549;3.844661;0.000000;0.000000;0.000000;0.000000;2.000000;-131.076477;-672.906738;1791.182861;0.809757;0.000000;0.000000;0.000000;0.000000;2.000000;-105.170380;-657.884521;1638.092163;0.908280;0.000000;0.000000;0.000000;0.000000;2.000000;-89.393707;-704.341187;1661.443604;0.917054;0.000000;0.000000;0.000000;0.000000;2.000000;-54.576050;-737.874695;1774.618530;0.867584;0.000000;0.000000;0.000000;0.000000;2.000000;-137.930145;-693.645386;1651.151245;0.938937;0.000000;0.000000;0.000000;0.000000;2.000000;-212.801788;-719.672424;1750.622070;0.935279;0.000000;0.000000;0.000000;0.000000;2.000000;4984066560.000000
0.000000;-150.000015;2000.000000;0.000001;0.000000;0.000000;0.000000;0.000000;2.000000;-36.319855;-318.242462;2002.099976;0.043984;0.000000;0.000000;0.000000;0.000000;2.000000;-86.406784;-437.163452;1954.291016;0.102047;0.000000;0.000000;0.000000;0.000000;2.000000;-120.024124;-608.930786;1839.211548;0.252594;0.000000;0.000000;0.000000;0.000000;2.000000;-84.226059;-578.865479;1846.353882;0.257856;0.000000;0.000000;0.000000;0.000000;2.000000;37.653656;-522.043945;1815.696899;0.349564;0.000000;0.000000;0.000000;0.000000;2.000000;147.713821;-328.654022;1962.580933;0.315409;0.000000;0.000000;0.000000;0.000000;2.000000;196.189865;-156.864594;2097.545898;0.187070;0.000000;0.000000;0.000000;0.000000;2.000000;214.048462;-121.959518;2181.773193;0.286811;0.000000;0.000000;0.000000;0.000000;0.000000;165.743561;-29.987946;2173.011963;0.507714;0.000000;0.000000;0.000000;0.000000;0.000000;146.481445;-52.298065;2153.895020;0.436019;0.000000;0.000000;0.000000;0.000000;2.000000;-143.892838;-583.373962;1871.561401;0.195760;0.000000;0.000000;0.000000;0.000000;2.000000;-262.284180;-575.256897;1916.477173;0.294997;0.000000;0.000000;0.000000;0.000000;2.000000;-273.712952;-327.376190;2027.055786;0.439483;0.000000;0.000000;0.000000;0.000000;2.000000;-130.410751;-172.912460;1943.638916;0.757681;0.000000;0.000000;0.000000;0.000000;2.000000;-94.719955;-126.535965;1862.508301;0.993435;0.000000;0.000000;0.000000;0.000000;2.000000;-61.538757;-73.848846;1781.119507;0.312460;0.000000;0.000000;0.000000;0.000000;1.000000;-21.307831;-96.647888;1900.562012;1.081113;0.000000;0.000000;0.000000;0.000000;2.000000;77.319206;-167.169556;1961.704590;0.028799;0.000000;0.000000;0.000000;0.000000;2.000000;-96.910507;-119.671707;1620.265381;0.125171;0.000000;0.000000;0.000000;0.000000;2.000000;-65.926849;247.338074;1644.932983;0.323382;0.000000;0.000000;0.000000;0.000000;2.000000;-124.411697;359.975464;1516.235718;0.243690;0.000000;0.000000;0.000000;0.000000;2.000000;-69.722122;-134.517502;2034.532593;0.025970;0.000000;0.000000;0.000000;0.000000;2.000000;-218.938644;-96.721069;1680.728027;0.169859;0.000000;0.000000;0.000000;0.000000;2.000000;-109.091385;252.040588;1754.521606;0.287529;0.000000;0.000000;0.000000;0.000000;2.000000;-172.870865;384.516968;1676.818604;0.518276;0.000000;0.000000;0.000000;0.000000;2.000000;-137.113174;-665.344788;1786.894531;0.318020;0.000000;0.000000;0.000000;0.000000;2.000000;-112.633804;-655.000427;1634.151733;0.267997;0.000000;0.000000;0.000000;0.000000;2.000000;-95.500351;-699.865967;1658.848145;0.240488;0.000000;0.000000;0.000000;0.000000;2.000000;-59.337372;-728.242310;1772.195068;0.330974;0.000000;0.000000;0.000000;0.000000;2.000000;-144.081528;-690.987305;1648.566284;0.215817;0.000000;0.000000;0.000000;0.000000;2.000000;-217.178940;-715.513794;1748.743286;0.190001;0.000000;0.000000;0.000000;0.000000;2.000000;4984099840.000000
0.000000;-150.000015;2000.000000;0.000000;0.000000;0.000000;0.000000;0.000000;2.000000;-34.374588;-316.264557;2004.137939;0.103435;0.000000;0.000000;0.000000;0.000000;2.000000;-82.916901;-433.246216;1955.220581;0.160098;0.000000;0.000000;0.000000;0.000000;2.000000;-114.097229;-601.140381;1838.806885;0.294383;0.000000;0.000000;0.000000;0.000000;2.000000;-79.194550;-571.074097;1846.216431;0.278720;0.000000;0.000000;0.000000;0.000000;2.000000;41.953949;-517.273254;1815.446777;0.193138;0.000000;0.000000;0.000000;0.000000;2.000000;159.019196;-331.831940;1960.733398;0.357211;0.000000;0.000000;0.000000;0.000000;2.000000;206.338913;-161.628738;2093.170410;0.361633;0.000000;0.000000;0.000000;0.000000;2.000000;220.450363;-118.996765;2173.081543;0.336360;0.000000;0.000000;0.000000;0.000000;2.000000;170.548172;-30.674744;2190.093262;0.533577;0.000000;0.000000;0.000000;0.000000;0.000000;168.748734;-61.564178;2170.372559;0.877693;0.000000;0.000000;0.000000;0.000000;2.000000;-137.862610;-576.862427;1871.286865;0.266801;0.000000;0.000000;0.000000;0.000000;2.000000;-253.152435;-574.586914;1920.026733;0.295079;0.000000;0.000000;0.000000;0.000000;2.000000;-267.653748;-328.804901;2025.975220;0.189857;0.000000;0.000000;0.000000;0.000000;2.000000;-141.503448;-157.723312;1956.642090;0.687071;0.000000;0.000000;0.000000;0.000000;2.000000;-112.742859;-124.662735;1868.205444;0.570749;0.000000;0.000000;0.000000;0.000000;2.000000;-88.825836;-88.290497;1776.951050;0.936094;0.000000;0.000000;0.000000;0.000000;2.000000;-37.554428;-87.155853;1925.536499;0.939586;0.000000;0.000000;0.000000;0.000000;2.000000;77.065559;-166.834366;1963.783203;0.063723;0.000000;0.000000;0.000000;0.000000;2.000000;-81.865753;-113.368805;1621.562256;0.491682;0.000000;0.000000;0.000000;0.000000;2.000000;-63.968887;248.896606;1654.596924;0.299961;0.000000;0.000000;0.000000;0.000000;2.000000;-113.288239;362.383423;1526.176392;0.454061;0.000000;0.000000;0.000000;0.000000;2.000000;-69.493408;-134.819717;2032.658447;0.057454;0.000000;0.000000;0.000000;0.000000;2.000000;-207.275635;-83.784271;1681.472046;0.523854;0.000000;0.000000;0.000000;0.000000;2.000000;-97.621552;257.697998;1764.049927;0.479219;0.000000;0.000000;0.000000;0.000000;2.000000;-161.137024;387.832397;1686.898682;0.475371;0.000000;0.000000;0.000000;0.000000;2.000000;-130.377380;-656.116150;1786.277100;0.343811;0.000000;0.000000;0.000000;0.000000;2.000000;-105.239960;-642.874023;1635.972900;0.430260;0.000000;0.000000;0.000000;0.000000;2.000000;-89.014984;-687.873047;1659.442383;0.410069;0.000000;0.000000;0.000000;0.000000;2.000000;-54.319458;-718.775391;1770.818726;0.324598;0.000000;0.000000;0.000000;0.000000;2.000000;-136.778107;-678.302246;1649.233398;0.440279;0.000000;0.000000;0.000000;0.000000;2.000000;-209.752808;-703.794983;1747.115356;0.419736;0.000000;0.000000;0.000000;0.000000;2.000000;4984133120.000000
0.000000;-150.000015;2000.000000;0.000000;0.000000;0.000000;0.000000;0.000000;2.000000;-26.459396;-317.494019;2002.712036;0.240768;0.000000;0.000000;0.000000;0.000000;2.000000;-73.494858;-431.336670;1946.057251;0.393025;0.000000;0.000000;0.000000;0.000000;2.000000;-107.240097;-597.636963;1828.590576;0.378588;0.000000;0.000000;0.000000;0.000000;2.000000;-72.998093;-566.526978;1834.124512;0.424001;0.000000;0.000000;0.000000;0.000000;2.000000;44.749405;-508.656555;1798.728882;0.562691;0.000000;0.000000;0.000000;0.000000;2.000000;178.982025;-328.771912;1935.220337;0.962924;0.000000;0.000000;0.000000;0.000000;2.000000;225.063736;-165.695099;2076.264648;0.756187;0.000000;0.000000;0.000000;0.000000;2.000000;231.533844;-119.338623;2154.929199;0.629477;0.000000;0.000000;0.000000;0.000000;2.000000;181.687927;-32.888367;2179.269531;0.464284;0.000000;0.000000;0.000000;0.000000;2.000000;188.346146;-72.254578;2161.041992;0.716001;0.000000;0.000000;0.000000;0.000000;2.000000;-129.357895;-574.925354;1863.201904;0.351954;0.000000;0.000000;0.000000;0.000000;2.000000;-239.364792;-570.590332;1922.432129;0.430733;0.000000;0.000000;0.000000;0.000000;2.000000;-273.230835;-336.046936;2046.870972;0.674939;0.000000;0.000000;0.000000;0.000000;2.000000;-142.611191;-167.363159;1981.038818;0.776975;0.000000;0.000000;0.000000;0.000000;2.000000;-104.013351;-125.667938;1900.505737;0.990596;0.000000;0.000000;0.000000;0.000000;2.000000;-70.894516;-99.559387;1808.771729;1.131156;0.000000;0.000000;0.000000;0.000000;2.000000;-42.123962;-87.801880;1933.326782;0.267952;0.000000;0.000000;0.000000;0.000000;2.000000;76.787300;-162.747757;1961.865723;0.133838;0.000000;0.000000;0.000000;0.000000;2.000000;-75.601212;-104.248840;1618.091187;0.343157;0.000000;0.000000;0.000000;0.000000;2.000000;-52.293243;256.248352;1660.212158;0.440823;0.000000;0.000000;0.000000;0.000000;2.000000;-95.741623;367.719482;1528.300537;0.546361;0.000000;0.000000;0.000000;0.000000;2.000000;-69.242447;-138.504807;2034.387329;0.120686;0.000000;0.000000;0.000000;0.000000;2.000000;-197.814377;-82.685883;1681.021606;0.282181;0.000000;0.000000;0.000000;0.000000;2.000000;-80.572952;260.446411;1740.920166;0.854199;0.000000;0.000000;0.000000;0.000000;2.000000;-140.677811;384.878906;1652.886719;1.177822;0.000000;0.000000;0.000000;0.000000;2.000000;-125.385513;-652.020447;1776.217163;0.353750;0.000000;0.000000;0.000000;0.000000;2.000000;-91.160202;-639.831299;1627.849365;0.489392;0.000000;0.000000;0.000000;0.000000;2.000000;-76.375717;-684.574707;1652.556885;0.436973;0.000000;0.000000;0.000000;0.000000;2.000000;-48.567139;-714.587891;1765.907837;0.255839;0.000000;0.000000;0.000000;0.000000;2.000000;-123.368484;-675.160889;1639.394653;0.500886;0.000000;0.000000;0.000000;0.000000;2.000000;-202.058517;-700.027344;1732.678711;0.496784;0.000000;0.000000;0.000000;0.000000;2.000000;4984166912.000000
0.000000;-150.000015;2000.000000;0.000000;0.000000;0.000000;0.000000;0.000000;2.000000;-23.395218;-317.989014;2003.317627;0.095025;0.000000;0.000000;0.000000;0.000000;2.000000;-70.349731;-431.841278;1946.519531;0.096716;0.000000;0.000000;0.000000;0.000000;2.000000;-112.887085;-595.826904;1828.547729;0.178189;0.000000;0.000000;0.000000;0.000000;2.000000;-77.840607;-565.399536;1832.810059;0.154533;0.000000;0.000000;0.000000;0.000000;2.000000;37.757095;-505.678345;1793.468628;0.277733;0.000000;0.000000;0.000000;0.000000;2.000000;176.915482;-327.576111;1927.490967;0.243081;0.000000;0.000000;0.000000;0.000000;2.000000;224.330734;-167.140625;2071.198730;0.159822;0.000000;0.000000;0.000000;0.000000;2.000000;233.434341;-114.179550;2145.333984;0.332294;0.000000;0.000000;0.000000;0.000000;2.000000;177.137711;-32.574066;2172.318848;0.249806;0.000000;0.000000;0.000000;0.000000;2.000000;185.971069;-76.878937;2157.004883;0.197779;0.000000;0.000000;0.000000;0.000000;2.000000;-132.860413;-573.234192;1864.532349;0.123518;0.000000;0.000000;0.000000;0.000000;2.000000;-239.028870;-565.831543;1930.191895;0.273706;0.000000;0.000000;0.000000;0.000000;2.000000;-271.996002;-332.772339;2057.790039;0.344537;0.000000;0.000000;0.000000;0.000000;2.000000;-140.616058;-195.147110;1940.838867;1.469583;0.000000;0.000000;0.000000;0.000000;2.000000;-88.677917;-143.675827;1874.712280;1.051581;0.000000;0.000000;0.000000;0.000000;2.000000;-36.394196;-115.323532;1793.089844;1.233327;0.000000;0.000000;0.000000;0.000000;2.000000;-33.163635;-110.928177;1927.556030;0.765144;0.000000;0.000000;0.000000;0.000000;2.000000;76.049774;-161.382217;1959.946045;0.074176;0.000000;0.000000;0.000000;0.000000;2.000000;-81.741302;-110.655396;1617.251831;0.267831;0.000000;0.000000;0.000000;0.000000;2.000000;-54.097946;248.216553;1670.170044;0.388221;0.000000;0.000000;0.000000;0.000000;2.000000;-91.769684;366.286499;1542.211914;0.436842;0.000000;0.000000;0.000000;0.000000;2.000000;-68.577423;-139.736176;2036.118408;0.066888;0.000000;0.000000;0.000000;0.000000;2.000000;-204.868042;-88.226837;1684.876953;0.293365;0.000000;0.000000;0.000000;0.000000;2.000000;-63.170258;250.921082;1692.169922;1.581503;0.000000;0.000000;0.000000;0.000000;2.000000;-117.526917;363.215393;1585.882080;2.227390;0.000000;0.000000;0.000000;0.000000;2.000000;-134.587646;-649.123169;1776.375610;0.289927;0.000000;0.000000;0.000000;0.000000;2.000000;-100.024384;-637.458374;1627.997559;0.275766;0.000000;0.000000;0.000000;0.000000;2.000000;-83.442352;-681.184814;1653.408447;0.236892;0.000000;0.000000;0.000000;0.000000;2.000000;-55.023453;-708.418091;1767.346191;0.271797;0.000000;0.000000;0.000000;0.000000;2.000000;-130.735535;-674.015381;1639.858521;0.224459;0.000000;0.000000;0.000000;0.000000;2.000000;-208.846924;-701.043579;1733.076660;0.206598;0.000000;0.000000;0.000000;0.000000;2.000000;4984200192.000000
0.000000;-150.000000;2000.000000;0.000000;0.000000;0.000000;0.000000;0.000000;2.000000;-30.120270;-319.119659;2000.583984;0.220761;0.000000;0.000000;0.000000;0.000000;2.000000;-81.343384;-433.485443;1944.400879;0.340025;0.000000;0.000000;0.000000;0.000000;2.000000;-118.168701;-604.399048;1829.805420;0.304894;0.000000;0.000000;0.000000;0.000000;2.000000;-84.320007;-571.623657;1832.530396;0.270099;0.000000;0.000000;0.000000;0.000000;2.000000;30.381363;-506.819214;1792.654297;0.225593;0.000000;0.000000;0.000000;0.000000;2.000000;169.065002;-321.546783;1923.958374;0.315808;0.000000;0.000000;0.000000;0.000000;2.000000;209.970352;-159.350616;2071.922363;0.491383;0.000000;0.000000;0.000000;0.000000;2.000000;228.422546;-97.023407;2138.039063;0.580066;0.000000;0.000000;0.000000;0.000000;2.000000;149.598160;-31.285797;2155.072754;0.977147;0.000000;0.000000;0.000000;0.000000;2.000000;143.020386;-91.514526;2151.749023;1.372571;0.000000;0.000000;0.000000;0.000000;2.000000;-138.725220;-581.791809;1866.227173;0.315864;0.000000;0.000000;0.000000;0.000000;2.000000;-245.801758;-584.464966;1933.770386;0.605364;0.000000;0.000000;0.000000;0.000000;2.000000;-288.569366;-349.793610;2062.628174;0.728508;0.000000;0.000000;0.000000;0.000000;2.000000;-152.660339;-201.692276;1958.995972;0.683608;0.000000;0.000000;0.000000;0.000000;2.000000;-94.914063;-144.641968;1900.885010;0.808977;0.000000;0.000000;0.000000;0.000000;2.000000;-37.203506;-109.611237;1824.067749;0.946832;0.000000;0.000000;0.000000;0.000000;2.000000;-58.326004;-110.981598;1935.786987;0.795506;0.000000;0.000000;0.000000;0.000000;2.000000;76.135132;-163.703079;1958.480103;0.082524;0.000000;0.000000;0.000000;0.000000;2.000000;-101.263031;-130.095612;1617.908813;0.828069;0.000000;0.000000;0.000000;0.000000;2.000000;-58.496002;230.548340;1679.711426;0.617666;0.000000;0.000000;0.000000;0.000000;2.000000;-100.430969;353.701416;1554.759033;0.594035;0.000000;0.000000;0.000000;0.000000;2.000000;-68.654404;-137.643326;2037.440308;0.074416;0.000000;0.000000;0.000000;0.000000;2.000000;-222.897675;-107.928162;1685.879761;0.803029;0.000000;0.000000;0.000000;0.000000;2.000000;-56.218140;224.938293;1686.731201;0.824554;0.000000;0.000000;0.000000;0.000000;2.000000;-122.649078;345.695801;1594.275391;0.603675;0.000000;0.000000;0.000000;0.000000;2.000000;-138.436371;-660.708374;1778.766846;0.373791;0.000000;0.000000;0.000000;0.000000;2.000000;-119.537384;-647.180603;1625.799316;0.658397;0.000000;0.000000;0.000000;0.000000;2.000000;-99.033386;-691.135559;1649.296631;0.569334;0.000000;0.000000;0.000000;0.000000;2.000000;-57.736374;-718.554077;1760.843384;0.370926;0.000000;0.000000;0.000000;0.000000;2.000000;-148.259216;-685.069824;1640.671021;0.623047;0.000000;0.000000;0.000000;0.000000;2.000000;-216.400452;-715.017151;1742.530640;0.555438;0.000000;0.000000;0.000000;0.000000;2.000000;4984233472.000000
0.000000;-150.000000;2000.000000;0.000000;0.000000;0.000000;0.000000;0.000000;2.000000;-29.783905;-319.200165;1999.909180;0.022785;0.000000;0.000000;0.000000;0.000000;2.000000;-80.817703;-433.334442;1943.048706;0.043828;0.000000;0.000000;0.000000;0.000000;2.000000;-118.080704;-603.888977;1828.016968;0.055945;0.000000;0.000000;0.000000;0.000000;2.000000;-84.333237;-570.987549;1830.565186;0.062068;0.000000;0.000000;0.000000;0.000000;2.000000;27.981110;-504.958344;1786.111816;0.216738;0.000000;0.000000;0.000000;0.000000;2.000000;166.087860;-309.373047;1902.253662;0.753097;0.000000;0.000000;0.000000;0.000000;2.000000;209.151505;-140.872559;2042.391724;1.047023;0.000000;0.000000;0.000000;0.000000;2.000000;227.371246;-73.712128;2103.678467;1.248052;0.000000;0.000000;0.000000;0.000000;2.000000;137.990784;-21.008667;2111.476563;1.390346;0.000000;0.000000;0.000000;0.000000;2.000000;142.290970;-80.026825;2124.384766;0.892029;0.000000;0.000000;0.000000;0.000000;2.000000;-138.374588;-581.527954;1864.743774;0.046483;0.000000;0.000000;0.000000;0.000000;2.000000;-245.122025;-582.850159;1932.872437;0.059157;0.000000;0.000000;0.000000;0.000000;2.000000;-281.707581;-343.198425;2054.319580;0.379622;0.000000;0.000000;0.000000;0.000000;2.000000;-145.765244;-199.049408;1945.244751;0.469003;0.000000;0.000000;0.000000;0.000000;2.000000;-89.553360;-141.374680;1886.233032;0.478975;0.000000;0.000000;0.000000;0.000000;2.000000;-33.268341;-105.766235;1808.612427;0.492950;0.000000;0.000000;0.000000;0.000000;2.000000;-51.555481;-99.803650;1936.786011;0.393830;0.000000;0.000000;0.000000;0.000000;2.000000;76.204880;-163.391907;1958.485352;0.009583;0.000000;0.000000;0.000000;0.000000;2.000000;-100.191879;-128.971985;1617.425415;0.048855;0.000000;0.000000;0.000000;0.000000;2.000000;-57.936829;231.684753;1679.754272;0.038079;0.000000;0.000000;0.000000;0.000000;2.000000;-99.277939;353.941833;1553.699219;0.047610;0.000000;0.000000;0.000000;0.000000;2.000000;-68.717300;-137.923920;2037.435547;0.008642;0.000000;0.000000;0.000000;0.000000;2.000000;-223.908585;-107.839539;1686.275635;0.032730;0.000000;0.000000;0.000000;0.000000;2.000000;-58.270889;225.576050;1689.849976;0.113815;0.000000;0.000000;0.000000;0.000000;2.000000;-127.183762;350.600464;1605.175903;0.384146;0.000000;0.000000;0.000000;0.000000;2.000000;-138.621933;-660.052063;1776.912598;0.059366;0.000000;0.000000;0.000000;0.000000;2.000000;-120.900345;-643.366699;1624.098145;0.131998;0.000000;0.000000;0.000000;0.000000;2.000000;-100.015060;-687.688110;1646.562744;0.135459;0.000000;0.000000;0.000000;0.000000;2.000000;-57.772018;-717.138184;1757.249268;0.116079;0.000000;0.000000;0.000000;0.000000;2.000000;-149.336288;-681.690674;1638.413696;0.126324;0.000000;0.000000;0.000000;0.000000;2.000000;-216.598465;-714.010132;1740.150513;0.077884;0.000000;0.000000;0.000000;0.000000;2.000000;4984266752.000000
0.000000;-150.000015;2000.000000;0.000000;0.000000;0.000000;0.000000;0.000000;2.000000;-29.087692;-319.700592;1998.984863;0.037883;0.000000;0.000000;0.000000;0.000000;2.000000;-79.653992;-433.839691;1940.998901;0.072435;0.000000;0.000000;0.000000;0.000000;2.000000;-115.051819;-604.401672;1824.563354;0.138887;0.000000;0.000000;0.000000;0.000000;2.000000;-81.595337;-571.077087;1827.358032;0.126737;0.000000;0.000000;0.000000;0.000000;2.000000;28.469482;-501.966431;1781.063843;0.176932;0.000000;0.000000;0.000000;0.000000;2.000000;158.680878;-294.841705;1887.230713;0.666304;0.000000;0.000000;0.000000;0.000000;2.000000;198.638657;-119.642761;2020.697510;0.965223;0.000000;0.000000;0.000000;0.000000;2.000000;216.592957;-46.325745;2074.906250;1.236735;0.000000;0.000000;0.000000;0.000000;2.000000;127.847839;8.093414;2081.050537;1.301312;0.000000;0.000000;0.000000;0.000000;2.000000;136.976669;-58.082001;2103.017090;0.934101;0.000000;0.000000;0.000000;0.000000;1.000000;-135.657379;-582.459473;1861.503784;0.130107;0.000000;0.000000;0.000000;0.000000;2.000000;-243.021881;-582.040955;1929.189819;0.129685;0.000000;0.000000;0.000000;0.000000;2.000000;-271.181610;-334.156067;2036.911133;0.668942;0.000000;0.000000;0.000000;0.000000;2.000000;-135.536499;-193.853790;1921.598877;0.789727;0.000000;0.000000;0.000000;0.000000;2.000000;-85.849884;-134.339050;1858.341064;0.871486;0.000000;0.000000;0.000000;0.000000;2.000000;-34.988739;-95.534790;1778.252075;0.964067;0.000000;0.000000;0.000000;0.000000;2.000000;-43.910828;-88.082886;1917.468262;0.716754;0.000000;0.000000;0.000000;0.000000;2.000000;76.564896;-162.875900;1958.576782;0.019104;0.000000;0.000000;0.000000;0.000000;2.000000;-97.920776;-128.390259;1615.589111;0.089482;0.000000;0.000000;0.000000;0.000000;2.000000;-57.072067;233.140991;1678.568115;0.062131;0.000000;0.000000;0.000000;0.000000;2.000000;-97.775940;355.047607;1551.404419;0.088857;0.000000;0.000000;0.000000;0.000000;2.000000;-69.041931;-138.389267;2037.353149;0.017228;0.000000;0.000000;0.000000;0.000000;2.000000;-223.591278;-108.312408;1684.984253;0.042409;0.000000;0.000000;0.000000;0.000000;2.000000;-59.975021;226.929138;1693.119995;0.118024;0.000000;0.000000;0.000000;0.000000;2.000000;-139.578339;359.494141;1631.796265;0.921926;0.000000;0.000000;0.000000;0.000000;2.000000;-134.988312;-660.570374;1772.962280;0.162028;0.000000;0.000000;0.000000;0.000000;2.000000;-121.160980;-639.603638;1619.929321;0.168932;0.000000;0.000000;0.000000;0.000000;2.000000;-98.772095;-684.108948;1640.810181;0.206977;0.000000;0.000000;0.000000;0.000000;2.000000;-53.245331;-715.483582;1749.950928;0.262804;0.000000;0.000000;0.000000;0.000000;2.000000;-148.494873;-678.974609;1633.927612;0.159594;0.000000;0.000000;0.000000;0.000000;2.000000;-212.806885;-715.392517;1736.527466;0.162963;0.000000;0.000000;0.000000;0.000000;2.000000;4984300032.000000
0.000000;-150.000000;2000.000000;0.000000;0.000000;0.000000;0.000000;0.000000;2.000000;-26.971451;-323.019989;2003.377197;0.177231;0.000000;0.000000;0.000000;0.000000;2.000000;-74.747971;-441.705566;1946.490601;0.323767;0.000000;0.000000;0.000000;0.000000;2.000000;-107.377136;-620.542847;1835.231567;0.625440;0.000000;0.000000;0.000000;0.000000;2.000000;-73.449432;-586.493591;1837.452148;0.605389;0.000000;0.000000;0.000000;0.000000;2.000000;41.283386;-520.250549;1791.161377;0.736310;0.000000;0.000000;0.000000;0.000000;2.000000;141.620743;-294.637756;1903.536011;0.709130;0.000000;0.000000;0.000000;0.000000;2.000000;193.456314;-99.514679;2008.818970;0.719334;0.000000;0.000000;0.000000;0.000000;2.000000;208.197647;-12.210663;2041.938354;1.447682;0.000000;0.000000;0.000000;0.000000;2.000000;210.151276;87.956299;2076.798828;3.448338;0.000000;0.000000;0.000000;0.000000;2.000000;143.807129;4.937500;2059.210938;2.315280;0.000000;0.000000;0.000000;0.000000;2.000000;-129.384674;-596.547424;1871.139282;0.546396;0.000000;0.000000;0.000000;0.000000;2.000000;-238.323181;-613.197021;1938.394287;0.986337;0.000000;0.000000;0.000000;0.000000;2.000000;-249.925385;-350.553833;2023.786255;0.897918;0.000000;0.000000;0.000000;0.000000;2.000000;-104.796539;-235.743622;1886.230469;1.888642;0.000000;0.000000;0.000000;0.000000;2.000000;-66.105362;-199.684998;1799.266479;2.712618;0.000000;0.000000;0.000000;0.000000;2.000000;-30.070831;-181.020859;1703.220337;3.420973;0.000000;0.000000;0.000000;0.000000;2.000000;-20.892975;-141.003052;1826.108398;3.246999;0.000000;0.000000;0.000000;0.000000;2.000000;79.370865;-163.138916;1960.752319;0.106980;0.000000;0.000000;0.000000;0.000000;2.000000;-104.098877;-152.608215;1613.353027;0.754008;0.000000;0.000000;0.000000;0.000000;2.000000;-63.596924;211.292023;1697.079224;0.882520;0.000000;0.000000;0.000000;0.000000;2.000000;-100.751831;335.117584;1566.272217;0.752471;0.000000;0.000000;0.000000;0.000000;2.000000;-71.572205;-138.152039;2035.391235;0.096471;0.000000;0.000000;0.000000;0.000000;2.000000;-242.197052;-152.757538;1682.120972;1.450343;0.000000;0.000000;0.000000;0.000000;2.000000;-84.512146;189.200531;1729.636597;1.741488;0.000000;0.000000;0.000000;0.000000;2.000000;-170.162689;333.284393;1706.498047;2.550144;0.000000;0.000000;0.000000;0.000000;2.000000;-126.165161;-680.072876;1784.892212;0.736343;0.000000;0.000000;0.000000;0.000000;2.000000;-154.742401;-662.056030;1630.802368;1.257017;0.000000;0.000000;0.000000;0.000000;2.000000;-123.718567;-704.897095;1645.684448;0.986672;0.000000;0.000000;0.000000;0.000000;2.000000;-47.788086;-730.189941;1740.991089;0.542813;0.000000;0.000000;0.000000;0.000000;2.000000;-174.629333;-703.661255;1652.091919;1.210301;0.000000;0.000000;0.000000;0.000000;2.000000;-207.552246;-742.595459;1770.178345;1.309763;0.000000;0.000000;0.000000;0.000000;2.000000;4984333312.000000
0.000000;-150.000000;2000.000000;0.000000;0.000000;0.000000;0.000000;0.000000;2.000000;-18.794159;-328.154602;2005.474365;0.296899;0.000000;0.000000;0.000000;0.000000;2.000000;-54.125748;-457.150757;1954.076660;0.807046;0.000000;0.000000;0.000000;0.000000;2.000000;-86.267822;-638.767883;1837.665161;0.841173;0.000000;0.000000;0.000000;0.000000;2.000000;-51.203522;-604.389648;1841.306396;0.865679;0.000000;0.000000;0.000000;0.000000;2.000000;63.940125;-537.371948;1787.692017;0.859662;0.000000;0.000000;0.000000;0.000000;2.000000;147.935013;-294.519348;1892.749512;0.375580;0.000000;0.000000;0.000000;0.000000;2.000000;190.720993;-83.516266;1981.844482;0.945944;0.000000;0.000000;0.000000;0.000000;2.000000;210.549667;2.215210;2022.029053;0.742144;0.000000;0.000000;0.000000;0.000000;2.000000;229.572449;108.943756;2027.562622;1.710857;0.000000;0.000000;0.000000;0.000000;2.000000;160.596283;28.777222;2012.886719;1.644742;0.000000;0.000000;0.000000;0.000000;2.000000;-109.603485;-614.233704;1873.912476;0.801665;0.000000;0.000000;0.000000;0.000000;2.000000;-222.423798;-635.386475;1939.324341;0.820718;0.000000;0.000000;0.000000;0.000000;2.000000;-235.777679;-365.042236;2021.476685;0.612425;0.000000;0.000000;0.000000;0.000000;2.000000;-107.612335;-248.256149;1861.449219;0.838445;0.000000;0.000000;0.000000;0.000000;2.000000;-69.795227;-211.308853;1771.707397;0.905556;0.000000;0.000000;0.000000;0.000000;2.000000;-35.266708;-180.165680;1675.673096;0.842729;0.000000;0.000000;0.000000;0.000000;2.000000;-39.145996;-137.417694;1802.406372;0.905347;0.000000;0.000000;0.000000;0.000000;2.000000;84.765793;-159.964294;1966.738647;0.260258;0.000000;0.000000;0.000000;0.000000;2.000000;-92.865662;-178.949249;1606.414307;0.885364;0.000000;0.000000;0.000000;0.000000;2.000000;-50.206390;192.340607;1696.163208;0.697803;0.000000;0.000000;0.000000;0.000000;2.000000;-85.438477;322.616180;1564.988770;0.595249;0.000000;0.000000;0.000000;0.000000;2.000000;-76.437042;-141.014771;2029.993164;0.234685;0.000000;0.000000;0.000000;0.000000;2.000000;-258.666473;-181.808502;1674.286621;1.030687;0.000000;0.000000;0.000000;0.000000;2.000000;-149.904541;165.514008;1809.908081;3.191430;0.000000;0.000000;0.000000;0.000000;2.000000;-180.206421;327.120697;1755.614990;1.517753;0.000000;0.000000;0.000000;0.000000;2.000000;-104.654053;-699.007019;1785.057861;0.861105;0.000000;0.000000;0.000000;0.000000;2.000000;-154.167847;-674.332031;1633.404541;0.377461;0.000000;0.000000;0.000000;0.000000;2.000000;-117.631897;-716.211853;1641.947998;0.402052;0.000000;0.000000;0.000000;0.000000;2.000000;-26.926620;-741.021545;1727.834106;0.809421;0.000000;0.000000;0.000000;0.000000;2.000000;-168.492798;-719.563599;1654.626221;0.517808;0.000000;0.000000;0.000000;0.000000;2.000000;-184.164368;-768.635681;1775.750977;1.064966;0.000000;0.000000;0.000000;0.000000;2.000000;4984366592.000000
0.000000;-150.000000;2000.000000;0.000000;0.000000;0.000000;0.000000;0.000000;2.000000;-19.590210;-325.936157;2008.988159;0.127135;0.000000;0.000000;0.000000;0.000000;2.000000;-56.912918;-453.470337;1959.773682;0.220336;0.000000;0.000000;0.000000;0.000000;2.000000;-93.999481;-630.986450;1842.985840;0.366339;0.000000;0.000000;0.000000;0.000000;2.000000;-58.510391;-597.837036;1846.608032;0.335187;0.000000;0.000000;0.000000;0.000000;2.000000;55.492432;-533.542175;1791.459595;0.300819;0.000000;0.000000;0.000000;0.000000;2.000000;142.761581;-289.356445;1881.668213;0.398876;0.000000;0.000000;0.000000;0.000000;2.000000;189.316757;-77.317566;1958.952515;0.713879;0.000000;0.000000;0.000000;0.000000;2.000000;211.222397;9.487457;1992.683350;0.908679;0.000000;0.000000;0.000000;0.000000;2.000000;231.098907;109.554871;2026.098999;0.066145;0.000000;0.000000;0.000000;0.000000;2.000000;161.935379;41.578857;1963.287231;1.539736;0.000000;0.000000;0.000000;0.000000;2.000000;-116.149750;-606.607239;1879.337402;0.343188;0.000000;0.000000;0.000000;0.000000;2.000000;-227.174774;-628.363403;1944.698486;0.301645;0.000000;0.000000;0.000000;0.000000;2.000000;-228.822083;-360.290894;2024.659546;0.270577;0.000000;0.000000;0.000000;0.000000;2.000000;-106.265594;-244.903107;1863.045044;0.118693;0.000000;0.000000;0.000000;0.000000;2.000000;-75.403564;-200.459396;1775.390625;0.383311;0.000000;0.000000;0.000000;0.000000;2.000000;-46.114014;-183.223633;1675.489746;0.338690;0.000000;0.000000;0.000000;0.000000;2.000000;-55.085114;-132.846008;1800.940063;0.500195;0.000000;0.000000;0.000000;0.000000;2.000000;83.055840;-161.008575;1965.540649;0.070146;0.000000;0.000000;0.000000;0.000000;2.000000;-106.984741;-183.204712;1616.838623;0.542635;0.000000;0.000000;0.000000;0.000000;2.000000;-57.232468;183.414246;1704.060425;0.415720;0.000000;0.000000;0.000000;0.000000;2.000000;-95.211243;311.497375;1574.462280;0.528096;0.000000;0.000000;0.000000;0.000000;2.000000;-74.895096;-140.073090;2031.073608;0.063256;0.000000;0.000000;0.000000;0.000000;2.000000;-277.072174;-189.852386;1692.684326;0.818472;0.000000;0.000000;0.000000;0.000000;2.000000;-169.584259;157.107727;1817.637817;0.683688;0.000000;0.000000;0.000000;0.000000;2.000000;-197.691589;316.073425;1760.494873;0.638539;0.000000;0.000000;0.000000;0.000000;2.000000;-114.077148;-689.532227;1790.488525;0.433421;0.000000;0.000000;0.000000;0.000000;2.000000;-147.209290;-670.373108;1635.494385;0.248623;0.000000;0.000000;0.000000;0.000000;2.000000;-115.132568;-713.617188;1649.405151;0.248852;0.000000;0.000000;0.000000;0.000000;2.000000;-35.607483;-739.373596;1743.618652;0.543551;0.000000;0.000000;0.000000;0.000000;2.000000;-166.475647;-712.774048;1657.247803;0.226937;0.000000;0.000000;0.000000;0.000000;2.000000;-196.374664;-753.273254;1777.293457;0.591478;0.000000;0.000000;0.000000;0.000000;2.000000;4984399872.000000
0.000000;-150.000000;2000.000000;0.000000;0.000000;0.000000;0.000000;0.000000;2.000000;-14.357574;-323.156067;2013.194580;0.218347;0.000000;0.000000;0.000000;0.000000;2.000000;-45.293320;-453.687592;1975.640015;0.590965;0.000000;0.000000;0.000000;0.000000;2.000000;-95.250137;-623.077454;1858.268433;0.518426;0.000000;0.000000;0.000000;0.000000;2.000000;-58.267258;-592.873474;1861.710571;0.477739;0.000000;0.000000;0.000000;0.000000;2.000000;50.184982;-528.263855;1802.059204;0.389909;0.000000;0.000000;0.000000;0.000000;2.000000;139.110764;-286.791534;1883.500610;0.144933;0.000000;0.000000;0.000000;0.000000;2.000000;196.994507;-78.338348;1950.691772;0.340260;0.000000;0.000000;0.000000;0.000000;2.000000;204.315521;11.028809;1979.070679;0.461006;0.000000;0.000000;0.000000;0.000000;2.000000;211.958954;113.342438;1954.337769;2.234567;0.000000;0.000000;0.000000;0.000000;2.000000;183.144470;50.642426;1939.286011;1.000214;0.000000;0.000000;0.000000;0.000000;2.000000;-114.706253;-598.512939;1894.924683;0.529533;0.000000;0.000000;0.000000;0.000000;2.000000;-222.811661;-601.522766;1964.227905;1.005985;0.000000;0.000000;0.000000;0.000000;2.000000;-208.306107;-333.234528;2022.904053;1.021650;0.000000;0.000000;0.000000;0.000000;2.000000;-115.932907;-197.104065;1863.025513;1.465350;0.000000;0.000000;0.000000;0.000000;2.000000;-90.936722;-180.587036;1766.293335;0.805687;0.000000;0.000000;0.000000;0.000000;2.000000;-69.186462;-185.755127;1664.994263;0.765431;0.000000;0.000000;0.000000;0.000000;2.000000;-79.166000;-141.808197;1755.916748;1.557670;0.000000;0.000000;0.000000;0.000000;2.000000;81.552475;-159.393280;1965.469849;0.066340;0.000000;0.000000;0.000000;0.000000;2.000000;-119.223312;-192.654602;1631.594849;0.642234;0.000000;0.000000;0.000000;0.000000;2.000000;-58.114914;161.375946;1734.402222;1.127139;0.000000;0.000000;0.000000;0.000000;2.000000;-98.254715;291.709991;1612.410156;1.289215;0.000000;0.000000;0.000000;0.000000;2.000000;-73.539444;-141.529633;2031.137329;0.059820;0.000000;0.000000;0.000000;0.000000;2.000000;-297.101501;-210.070953;1718.274902;1.150038;0.000000;0.000000;0.000000;0.000000;2.000000;-183.390396;129.334259;1838.560181;1.124184;0.000000;0.000000;0.000000;0.000000;2.000000;-223.720810;280.782318;1777.096436;1.408929;0.000000;0.000000;0.000000;0.000000;2.000000;-119.700027;-678.162964;1805.987061;0.601773;0.000000;0.000000;0.000000;0.000000;2.000000;-129.024185;-669.481689;1649.558594;0.691298;0.000000;0.000000;0.000000;0.000000;2.000000;-101.252762;-711.623657;1670.569458;0.762861;0.000000;0.000000;0.000000;0.000000;2.000000;-38.323212;-732.071045;1775.225830;0.978163;0.000000;0.000000;0.000000;0.000000;2.000000;-152.255905;-709.091675;1670.650635;0.597494;0.000000;0.000000;0.000000;0.000000;2.000000;-199.874039;-739.718872;1785.414185;0.486290;0.000000;0.000000;0.000000;0.000000;2.000000;4984433152.000000
0.000000;-150.000000;2000.000000;0.000000;0.000000;0.000000;0.000000;0.000000;2.000000;-5.086197;-322.381439;2020.778931;0.360678;0.000000;0.000000;0.000000;0.000000;2.000000;-33.762833;-454.122955;1987.521362;0.497664;0.000000;0.000000;0.000000;0.000000;2.000000;-92.948654;-616.614624;1865.963135;0.309763;0.000000;0.000000;0.000000;0.000000;2.000000;-55.342880;-587.369019;1868.790649;0.283439;0.000000;0.000000;0.000000;0.000000;2.000000;45.966736;-512.090576;1810.122559;0.557622;0.000000;0.000000;0.000000;0.000000;2.000000;142.743668;-269.671051;1875.390137;0.579615;0.000000;0.000000;0.000000;0.000000;2.000000;197.042603;-56.843872;1927.855103;0.942345;0.000000;0.000000;0.000000;0.000000;2.000000;210.833527;32.857788;1951.380249;1.077444;0.000000;0.000000;0.000000;0.000000;2.000000;224.350983;134.725586;1928.827026;1.067278;0.000000;0.000000;0.000000;0.000000;2.000000;175.957809;65.302917;1921.117310;0.733985;0.000000;0.000000;0.000000;0.000000;2.000000;-109.940536;-593.443420;1904.504272;0.355763;0.000000;0.000000;0.000000;0.000000;2.000000;-214.521378;-583.166870;1977.665894;0.727540;0.000000;0.000000;0.000000;0.000000;2.000000;-213.138718;-315.742065;2037.998047;0.709268;0.000000;0.000000;0.000000;0.000000;2.000000;-123.144699;-193.959839;1866.633545;0.260075;0.000000;0.000000;0.000000;0.000000;2.000000;-128.656967;-190.537323;1765.894287;1.172254;0.000000;0.000000;0.000000;0.000000;2.000000;-107.919510;-163.251068;1668.327515;1.349755;0.000000;0.000000;0.000000;0.000000;1.000000;-87.077530;-175.630493;1745.451416;1.090072;0.000000;0.000000;0.000000;0.000000;2.000000;79.006767;-157.135651;1960.141724;0.189961;0.000000;0.000000;0.000000;0.000000;2.000000;-137.738358;-183.164764;1637.224121;0.647641;0.000000;0.000000;0.000000;0.000000;2.000000;-60.670563;163.836975;1748.653687;0.441300;0.000000;0.000000;0.000000;0.000000;2.000000;-106.990097;284.034302;1619.512207;0.409429;0.000000;0.000000;0.000000;0.000000;2.000000;-71.243881;-143.565460;2035.941895;0.171295;0.000000;0.000000;0.000000;0.000000;2.000000;-301.547974;-226.057007;1733.022949;0.667060;0.000000;0.000000;0.000000;0.000000;2.000000;-199.821365;120.438110;1839.295776;0.561874;0.000000;0.000000;0.000000;0.000000;2.000000;-262.764526;252.623840;1757.269287;1.564356;0.000000;0.000000;0.000000;0.000000;2.000000;-121.081528;-668.675232;1812.822632;0.353816;0.000000;0.000000;0.000000;0.000000;2.000000;-117.504044;-648.076294;1657.771851;0.770991;0.000000;0.000000;0.000000;0.000000;2.000000;-91.093643;-691.382324;1677.696777;0.713424;0.000000;0.000000;0.000000;0.000000;2.000000;-36.978073;-719.317139;1785.057373;0.485563;0.000000;0.000000;0.000000;0.000000;2.000000;-141.797043;-689.228394;1673.705811;0.680754;0.000000;0.000000;0.000000;0.000000;2.000000;-198.191971;-728.830627;1781.059692;0.355971;0.000000;0.000000;0.000000;0.000000;2.000000;4984466432.000000
0.000000;-150.000000;2000.000000;0.000000;0.000000;0.000000;0.000000;0.000000;2.000000;9.345764;-321.503967;2025.815308;0.453086;0.000000;0.000000;0.000000;0.000000;2.000000;-11.727356;-455.602844;1996.590820;0.706523;0.000000;0.000000;0.000000;0.000000;2.000000;-75.401779;-608.380737;1865.140747;0.574105;0.000000;0.000000;0.000000;0.000000;2.000000;-37.699631;-579.364929;1868.842651;0.573331;0.000000;0.000000;0.000000;0.000000;2.000000;57.284744;-497.947937;1807.866699;0.540181;0.000000;0.000000;0.000000;0.000000;2.000000;149.542603;-250.593002;1859.668823;0.758729;0.000000;0.000000;0.000000;0.000000;2.000000;203.330994;-35.561859;1902.742065;0.991749;0.000000;0.000000;0.000000;0.000000;2.000000;226.624405;54.493835;1914.393799;1.351412;0.000000;0.000000;0.000000;0.000000;2.000000;248.740753;152.712341;1883.891968;1.603904;0.000000;0.000000;0.000000;0.000000;2.000000;206.017960;90.640930;1883.629517;1.607563;0.000000;0.000000;0.000000;0.000000;2.000000;-90.964981;-588.275757;1905.935303;0.583529;0.000000;0.000000;0.000000;0.000000;2.000000;-195.774155;-570.351685;1977.252319;0.672127;0.000000;0.000000;0.000000;0.000000;2.000000;-195.465958;-301.506287;2030.787842;0.704639;0.000000;0.000000;0.000000;0.000000;2.000000;-108.468582;-197.526031;1846.653442;0.741186;0.000000;0.000000;0.000000;0.000000;2.000000;-111.472000;-197.544067;1745.759521;0.810338;0.000000;0.000000;0.000000;0.000000;2.000000;-105.075180;-188.315491;1642.969727;1.058468;0.000000;0.000000;0.000000;0.000000;1.000000;-33.020782;-248.924042;1737.114258;2.706340;0.000000;0.000000;0.000000;0.000000;2.000000;76.946289;-152.459717;1955.802368;0.198382;0.000000;0.000000;0.000000;0.000000;2.000000;-142.889420;-190.942566;1636.279663;0.277478;0.000000;0.000000;0.000000;0.000000;2.000000;-53.065918;152.704163;1748.436035;0.399029;0.000000;0.000000;0.000000;0.000000;2.000000;-95.037125;284.097046;1629.110352;0.453651;0.000000;0.000000;0.000000;0.000000;2.000000;-69.385849;-147.781921;2039.854858;0.178889;0.000000;0.000000;0.000000;0.000000;2.000000;-304.187439;-234.562103;1741.670166;0.367330;0.000000;0.000000;0.000000;0.000000;2.000000;-257.892334;126.218201;1838.463745;1.727150;0.000000;0.000000;0.000000;0.000000;2.000000;-339.198608;260.168579;1778.425537;2.357542;0.000000;0.000000;0.000000;0.000000;2.000000;-105.480881;-656.257324;1809.216064;0.599641;0.000000;0.000000;0.000000;0.000000;2.000000;-102.570511;-630.594604;1654.923218;0.685592;0.000000;0.000000;0.000000;0.000000;2.000000;-73.072617;-672.380188;1673.717163;0.783889;0.000000;0.000000;0.000000;0.000000;2.000000;-17.627838;-699.496704;1780.595093;0.830284;0.000000;0.000000;0.000000;0.000000;2.000000;-123.764481;-673.940857;1669.379395;0.711213;0.000000;0.000000;0.000000;0.000000;2.000000;-177.615677;-721.037109;1774.985107;0.675483;0.000000;0.000000;0.000000;0.000000;2.000000;4984500224.000000
0.000000;-150.000000;2000.000000;0.000000;0.000000;0.000000;0.000000;0.000000;2.000000;15.731888;-319.395142;2030.388306;0.244374;0.000000;0.000000;0.000000;0.000000;2.000000;1.317154;-454.356384;2004.591187;0.461332;0.000000;0.000000;0.000000;0.000000;2.000000;-56.587830;-599.238464;1863.580444;0.630280;0.000000;0.000000;0.000000;0.000000;2.000000;-20.223969;-569.234619;1869.213989;0.607060;0.000000;0.000000;0.000000;0.000000;2.000000;58.073364;-470.282684;1812.177734;0.841654;0.000000;0.000000;0.000000;0.000000;2.000000;150.883972;-223.361481;1857.692383;0.821397;0.000000;0.000000;0.000000;0.000000;2.000000;196.715439;-6.407623;1893.850586;0.937189;0.000000;0.000000;0.000000;0.000000;2.000000;236.571045;77.844666;1890.168091;1.054290;0.000000;0.000000;0.000000;0.000000;2.000000;276.179657;169.647949;1859.200317;1.220332;0.000000;0.000000;0.000000;0.000000;2.000000;224.313843;110.538025;1847.985840;1.344162;0.000000;0.000000;0.000000;0.000000;2.000000;-72.667465;-582.750000;1905.498169;0.574480;0.000000;0.000000;0.000000;0.000000;2.000000;-179.534439;-567.126587;1973.053589;0.513250;0.000000;0.000000;0.000000;0.000000;2.000000;-199.354630;-303.633179;2040.661011;0.325193;0.000000;0.000000;0.000000;0.000000;2.000000;-108.161453;-152.750610;1896.851318;2.021224;0.000000;0.000000;0.000000;0.000000;1.000000;-130.019852;-183.271057;1803.698730;1.877631;0.000000;0.000000;0.000000;0.000000;1.000000;-110.292221;-193.603638;1703.254883;1.825153;0.000000;0.000000;0.000000;0.000000;1.000000;-47.672333;-230.853882;1794.246216;1.853569;0.000000;0.000000;0.000000;0.000000;1.000000;77.753777;-150.295563;1958.099609;0.097889;0.000000;0.000000;0.000000;0.000000;2.000000;-142.843369;-192.976807;1642.031250;0.183320;0.000000;0.000000;0.000000;0.000000;2.000000;-48.178131;144.210388;1763.258301;0.533922;0.000000;0.000000;0.000000;0.000000;2.000000;-97.296005;265.670898;1637.694214;0.614561;0.000000;0.000000;0.000000;0.000000;2.000000;-70.113998;-149.733490;2037.783569;0.088267;0.000000;0.000000;0.000000;0.000000;2.000000;-319.471680;-257.986938;1761.807983;1.035618;0.000000;0.000000;0.000000;0.000000;2.000000;-287.226563;106.537476;1841.431519;1.065176;0.000000;0.000000;0.000000;0.000000;2.000000;-374.467041;208.459961;1742.047119;2.175330;0.000000;0.000000;0.000000;0.000000;2.000000;-84.865524;-644.014465;1804.786621;0.732644;0.000000;0.000000;0.000000;0.000000;2.000000;-111.813431;-632.744080;1651.896606;0.299295;0.000000;0.000000;0.000000;0.000000;2.000000;-79.190414;-672.799377;1668.358276;0.244704;0.000000;0.000000;0.000000;0.000000;2.000000;-4.381027;-690.596130;1764.101685;0.689622;0.000000;0.000000;0.000000;0.000000;2.000000;-129.503098;-674.092407;1674.011719;0.221650;0.000000;0.000000;0.000000;0.000000;2.000000;-161.533981;-710.397949;1791.330688;0.759563;0.000000;0.000000;0.000000;0.000000;2.000000;4984533504.000000
0.000000;-150.000000;2000.000000;0.000000;0.000000;0.000000;0.000000;0.000000;2.000000;32.772659;-320.275879;2029.639648;0.513219;0.000000;0.000000;0.000000;0.000000;2.000000;24.141129;-457.488617;2000.030029;0.705681;0.000000;0.000000;0.000000;0.000000;2.000000;-37.099304;-601.639832;1854.090576;0.655315;0.000000;0.000000;0.000000;0.000000;2.000000;-0.397079;-570.672974;1859.556763;0.664080;0.000000;0.000000;0.000000;0.000000;2.000000;71.821304;-465.440338;1799.727051;0.576010;0.000000;0.000000;0.000000;0.000000;2.000000;147.949829;-206.268494;1835.545044;0.845245;0.000000;0.000000;0.000000;0.000000;2.000000;210.975540;11.494446;1865.721924;1.089655;0.000000;0.000000;0.000000;0.000000;2.000000;261.995239;89.638733;1848.234741;1.515536;0.000000;0.000000;0.000000;0.000000;2.000000;318.525269;179.611572;1840.398804;1.424013;0.000000;0.000000;0.000000;0.000000;2.000000;260.281616;123.220093;1807.675537;1.667448;0.000000;0.000000;0.000000;0.000000;2.000000;-52.342010;-586.389038;1897.740967;0.662791;0.000000;0.000000;0.000000;0.000000;2.000000;-162.335175;-555.481628;1959.075195;0.752292;0.000000;0.000000;0.000000;0.000000;2.000000;-231.226318;-290.031799;2002.375610;1.551649;0.000000;0.000000;0.000000;0.000000;1.000000;-174.174591;-111.426117;1866.429810;2.512371;0.000000;0.000000;0.000000;0.000000;1.000000;-143.164734;-165.861267;1785.640503;0.850943;0.000000;0.000000;0.000000;0.000000;1.000000;-103.891479;-207.546814;1697.959961;0.487685;0.000000;0.000000;0.000000;0.000000;1.000000;-74.856445;-194.926514;1817.796753;1.527548;0.000000;0.000000;0.000000;0.000000;1.000000;75.048904;-144.112671;1950.839966;0.297835;0.000000;0.000000;0.000000;0.000000;2.000000;-138.354401;-213.572235;1626.093018;0.794060;0.000000;0.000000;0.000000;0.000000;2.000000;-39.641144;126.500183;1756.207275;0.627601;0.000000;0.000000;0.000000;0.000000;2.000000;-79.783478;242.673584;1618.310181;1.045788;0.000000;0.000000;0.000000;0.000000;2.000000;-67.674896;-155.308838;2044.329834;0.268569;0.000000;0.000000;0.000000;0.000000;2.000000;-322.100586;-283.893158;1771.887939;0.839008;0.000000;0.000000;0.000000;0.000000;2.000000;-310.033661;90.411987;1843.185669;0.840956;0.000000;0.000000;0.000000;0.000000;2.000000;-414.625854;169.650208;1735.172119;1.690773;0.000000;0.000000;0.000000;0.000000;2.000000;-67.086548;-645.909180;1793.851074;0.629769;0.000000;0.000000;0.000000;0.000000;2.000000;-99.928864;-629.503357;1639.716187;0.520541;0.000000;0.000000;0.000000;0.000000;2.000000;-63.761475;-668.779297;1653.693726;0.650915;0.000000;0.000000;0.000000;0.000000;2.000000;16.314209;-686.223816;1748.082520;0.797279;0.000000;0.000000;0.000000;0.000000;2.000000;-114.596252;-673.577759;1660.808716;0.598552;0.000000;0.000000;0.000000;0.000000;2.000000;-141.177307;-717.629944;1779.314331;0.742795;0.000000;0.000000;0.000000;0.000000;2.000000;4984566784.000000
0.000000;-150.000000;2000.000000;0.000000;0.000000;0.000000;0.000000;0.000000;2.000000;37.194977;-321.193085;2029.555908;0.135733;0.000000;0.000000;0.000000;0.000000;2.000000;28.213821;-459.237061;1997.360840;0.155463;0.000000;0.000000;0.000000;0.000000;2.000000;-29.332779;-605.686584;1849.091064;0.303010;0.000000;0.000000;0.000000;0.000000;2.000000;7.308701;-574.035461;1855.264282;0.283649;0.000000;0.000000;0.000000;0.000000;2.000000;81.700081;-469.570892;1793.468994;0.372663;0.000000;0.000000;0.000000;0.000000;2.000000;159.305298;-206.938965;1820.531616;0.565989;0.000000;0.000000;0.000000;0.000000;2.000000;226.111145;13.018494;1842.963379;0.822550;0.000000;0.000000;0.000000;0.000000;2.000000;290.898926;81.425171;1825.121094;1.139106;0.000000;0.000000;0.000000;0.000000;2.000000;348.929413;164.382996;1788.663208;1.860287;0.000000;0.000000;0.000000;0.000000;2.000000;286.004120;119.715393;1778.501343;1.173439;0.000000;0.000000;0.000000;0.000000;2.000000;-45.726685;-590.360718;1892.839966;0.274667;0.000000;0.000000;0.000000;0.000000;2.000000;-147.772141;-583.746643;1974.658447;1.063987;0.000000;0.000000;0.000000;0.000000;2.000000;-226.236740;-323.922852;2045.071289;1.644819;0.000000;0.000000;0.000000;0.000000;2.000000;-216.910904;-116.302399;1937.770386;2.503142;0.000000;0.000000;0.000000;0.000000;1.000000;-177.681808;-149.636353;1848.270386;2.203403;0.000000;0.000000;0.000000;0.000000;1.000000;-149.343338;-192.728973;1755.929565;2.257792;0.000000;0.000000;0.000000;0.000000;1.000000;-116.166946;-173.713379;1867.809326;2.050726;0.000000;0.000000;0.000000;0.000000;1.000000;74.305283;-142.779480;1948.312256;0.088729;0.000000;0.000000;0.000000;0.000000;2.000000;-134.605209;-239.570038;1622.852051;0.795251;0.000000;0.000000;0.000000;0.000000;2.000000;-34.691589;102.031982;1758.826904;0.754233;0.000000;0.000000;0.000000;0.000000;2.000000;-78.358109;216.097595;1617.807007;0.799848;0.000000;0.000000;0.000000;0.000000;2.000000;-67.004349;-156.511047;2046.609375;0.080016;0.000000;0.000000;0.000000;0.000000;2.000000;-325.155823;-308.916473;1784.455200;0.846395;0.000000;0.000000;0.000000;0.000000;2.000000;-333.877441;70.063904;1851.774414;0.976603;0.000000;0.000000;0.000000;0.000000;2.000000;-445.519348;133.680237;1737.973022;1.427234;0.000000;0.000000;0.000000;0.000000;2.000000;-57.993423;-650.801453;1787.768066;0.360104;0.000000;0.000000;0.000000;0.000000;2.000000;-74.676926;-634.877747;1629.418823;0.835196;0.000000;0.000000;0.000000;0.000000;2.000000;-40.187988;-674.780151;1647.450928;0.754615;0.000000;0.000000;0.000000;0.000000;2.000000;30.187866;-692.539307;1750.743774;0.464965;0.000000;0.000000;0.000000;0.000000;2.000000;-92.039444;-679.127563;1649.293945;0.779051;0.000000;0.000000;0.000000;0.000000;2.000000;-131.573807;-722.655396;1765.768066;0.521300;0.000000;0.000000;0.000000;0.000000;2.000000;4984600064.000000
0.000000;-150.000031;2000.000000;0.000001;0.000000;0.000000;0.000000;0.000000;2.000000;58.107468;-313.232025;2044.489746;0.808360;0.000000;0.000000;0.000000;0.000000;2.000000;54.094604;-450.456787;2004.421021;0.848162;0.000000;0.000000;0.000000;0.000000;2.000000;-1.158981;-588.616211;1845.524048;0.995623;0.000000;0.000000;0.000000;0.000000;2.000000;34.512848;-555.739258;1853.402222;0.986696;0.000000;0.000000;0.000000;0.000000;2.000000;114.260292;-462.801575;1778.912720;1.090822;0.000000;0.000000;0.000000;0.000000;2.000000;188.073807;-196.581238;1800.262451;1.102297;0.000000;0.000000;0.000000;0.000000;2.000000;251.219955;26.520813;1818.237427;1.133947;0.000000;0.000000;0.000000;0.000000;2.000000;319.926636;94.265320;1814.704468;1.003796;0.000000;0.000000;0.000000;0.000000;2.000000;386.389954;165.815735;1767.779297;1.289438;0.000000;0.000000;0.000000;0.000000;2.000000;311.693054;130.825012;1763.081787;0.960180;0.000000;0.000000;0.000000;0.000000;2.000000;-17.252594;-577.276672;1890.949097;0.943309;0.000000;0.000000;0.000000;0.000000;2.000000;-124.960922;-596.889343;1964.452026;0.848428;0.000000;0.000000;0.000000;0.000000;2.000000;-217.084915;-342.224152;2044.257080;0.615330;0.000000;0.000000;0.000000;0.000000;2.000000;-226.426834;-118.175934;1972.297607;1.077630;0.000000;0.000000;0.000000;0.000000;1.000000;-185.619858;-132.843597;1877.812988;1.048577;0.000000;0.000000;0.000000;0.000000;1.000000;-163.352219;-171.043945;1780.929443;1.079844;0.000000;0.000000;0.000000;0.000000;1.000000;-125.702560;-165.275970;1897.573364;0.972749;0.000000;0.000000;0.000000;0.000000;1.000000;74.787415;-137.286133;1948.968262;0.166867;0.000000;0.000000;0.000000;0.000000;2.000000;-130.044601;-256.567352;1625.008911;0.532758;0.000000;0.000000;0.000000;0.000000;2.000000;-37.867325;94.374512;1749.564209;0.373515;0.000000;0.000000;0.000000;0.000000;2.000000;-83.870163;199.153442;1600.598877;0.744324;0.000000;0.000000;0.000000;0.000000;2.000000;-67.439072;-161.464722;2046.017456;0.150475;0.000000;0.000000;0.000000;0.000000;2.000000;-331.910645;-326.149078;1793.587524;0.620178;0.000000;0.000000;0.000000;0.000000;2.000000;-346.112793;56.450012;1854.412598;0.555688;0.000000;0.000000;0.000000;0.000000;2.000000;-464.127991;121.167908;1746.001221;0.715682;0.000000;0.000000;0.000000;0.000000;2.000000;-29.546722;-630.466553;1781.092041;1.069683;0.000000;0.000000;0.000000;0.000000;2.000000;-44.718674;-633.266968;1620.709961;0.938701;0.000000;0.000000;0.000000;0.000000;2.000000;-13.667328;-673.698120;1644.182007;0.803584;0.000000;0.000000;0.000000;0.000000;2.000000;55.250565;-684.410889;1750.452759;0.791751;0.000000;0.000000;0.000000;0.000000;2.000000;-66.060501;-673.253967;1645.944702;0.806623;0.000000;0.000000;0.000000;0.000000;2.000000;-109.672073;-698.318726;1767.307861;0.984885;0.000000;0.000000;0.000000;0.000000;2.000000;4984633344.000000
0.000000;-150.000000;2000.000000;0.000001;0.000000;0.000000;0.000000;0.000000;2.000000;45.785172;-311.523468;2047.375610;0.383730;0.000000;0.000000;0.000000;0.000000;2.000000;40.688766;-445.866516;2010.296997;0.460936;0.000000;0.000000;0.000000;0.000000;2.000000;-2.770599;-591.733704;1862.315918;0.515465;0.000000;0.000000;0.000000;0.000000;2.000000;31.224274;-558.778076;1869.746338;0.509206;0.000000;0.000000;0.000000;0.000000;2.000000;115.599030;-470.971802;1801.126099;0.712323;0.000000;0.000000;0.000000;0.000000;2.000000;187.506134;-211.569550;1824.591797;0.858812;0.000000;0.000000;0.000000;0.000000;2.000000;248.970261;5.824219;1844.434937;1.005475;0.000000;0.000000;0.000000;0.000000;2.000000;312.072815;75.211182;1852.715088;1.299228;0.000000;0.000000;0.000000;0.000000;2.000000;375.971375;145.354492;1806.241333;1.345985;0.000000;0.000000;0.000000;0.000000;2.000000;307.623352;113.000549;1803.459717;1.331863;0.000000;0.000000;0.000000;0.000000;2.000000;-21.153702;-577.816162;1904.732300;0.430733;0.000000;0.000000;0.000000;0.000000;2.000000;-130.056732;-604.997375;1967.474976;0.301749;0.000000;0.000000;0.000000;0.000000;2.000000;-224.480560;-387.305725;2107.095703;2.334435;0.000000;0.000000;0.000000;0.000000;2.000000;-218.523193;-163.756592;2054.824219;2.842793;0.000000;0.000000;0.000000;0.000000;2.000000;-201.812836;-170.872589;1955.086670;2.633219;0.000000;0.000000;0.000000;0.000000;1.000000;-197.999756;-196.172241;1854.436157;2.555875;0.000000;0.000000;0.000000;0.000000;1.000000;-147.956726;-196.332520;1953.297974;2.030189;0.000000;0.000000;0.000000;0.000000;1.000000;77.233368;-140.895996;1956.398804;0.258879;0.000000;0.000000;0.000000;0.000000;2.000000;-158.423920;-289.340363;1681.338013;2.135829;0.000000;0.000000;0.000000;0.000000;2.000000;-50.279739;54.208374;1782.480469;1.604372;0.000000;0.000000;0.000000;0.000000;2.000000;-103.254730;163.815125;1645.606567;1.815424;0.000000;0.000000;0.000000;0.000000;2.000000;-69.644745;-158.209503;2039.317139;0.233440;0.000000;0.000000;0.000000;0.000000;2.000000;-355.650024;-354.725403;1859.091431;2.262787;0.000000;0.000000;0.000000;0.000000;2.000000;-365.079895;21.170593;1898.127930;1.781579;0.000000;0.000000;0.000000;0.000000;2.000000;-488.515076;91.619812;1807.550293;2.178456;0.000000;0.000000;0.000000;0.000000;2.000000;-26.334778;-637.170105;1800.997681;0.638469;0.000000;0.000000;0.000000;0.000000;2.000000;-45.405350;-655.667725;1646.139648;1.018508;0.000000;0.000000;0.000000;0.000000;2.000000;-16.805328;-694.150513;1672.528931;1.054553;0.000000;0.000000;0.000000;0.000000;2.000000;52.429016;-697.447754;1775.295288;0.847266;0.000000;0.000000;0.000000;0.000000;2.000000;-67.727356;-690.521118;1675.228516;1.022728;0.000000;0.000000;0.000000;0.000000;2.000000;-108.413757;-699.663208;1796.362915;0.874800;0.000000;0.000000;0.000000;0.000000;2.000000;4984666624.000000
0.000000;-150.000031;2000.000000;0.000001;0.000000;0.000000;0.000000;0.000000;2.000000;56.854462;-312.896576;2058.143066;0.465845;0.000000;0.000000;0.000000;0.000000;2.000000;58.220703;-454.470032;2024.365356;0.723222;0.000000;0.000000;0.000000;0.000000;2.000000;7.005157;-604.903870;1869.977173;0.543956;0.000000;0.000000;0.000000;0.000000;2.000000;43.465973;-571.475708;1877.409790;0.577844;0.000000;0.000000;0.000000;0.000000;2.000000;123.176102;-474.559021;1803.004395;0.258148;0.000000;0.000000;0.000000;0.000000;2.000000;199.696152;-204.077118;1825.713379;0.431262;0.000000;0.000000;0.000000;0.000000;2.000000;264.439209;22.781921;1844.905762;0.689846;0.000000;0.000000;0.000000;0.000000;2.000000;316.474762;100.403442;1875.302856;1.025267;0.000000;0.000000;0.000000;0.000000;2.000000;370.227478;146.949951;1791.017944;0.491256;0.000000;0.000000;0.000000;0.000000;2.000000;315.007660;140.721313;1807.287109;0.869640;0.000000;0.000000;0.000000;0.000000;2.000000;-11.250931;-590.045227;1914.529175;0.556980;0.000000;0.000000;0.000000;0.000000;2.000000;-127.971085;-591.083984;1980.767090;0.581578;0.000000;0.000000;0.000000;0.000000;2.000000;-255.537094;-354.967651;2083.456787;1.523013;0.000000;0.000000;0.000000;0.000000;1.000000;-301.825989;-126.947296;2025.867798;2.871558;0.000000;0.000000;0.000000;0.000000;1.000000;-250.312088;-125.638641;1933.455811;2.096094;0.000000;0.000000;0.000000;0.000000;1.000000;-212.538986;-151.017151;1835.081665;1.539496;0.000000;0.000000;0.000000;0.000000;1.000000;-191.822952;-180.118317;1983.281006;1.669259;0.000000;0.000000;0.000000;0.000000;1.000000;80.207390;-138.320587;1954.291748;0.134101;0.000000;0.000000;0.000000;0.000000;2.000000;-143.948196;-328.544769;1670.597412;1.296564;0.000000;0.000000;0.000000;0.000000;2.000000;-59.455002;33.365723;1790.311523;0.723608;0.000000;0.000000;0.000000;0.000000;2.000000;-84.060623;127.414063;1625.688599;1.373752;0.000000;0.000000;0.000000;0.000000;2.000000;-72.326553;-160.531860;2041.217041;0.120923;0.000000;0.000000;0.000000;0.000000;2.000000;-371.456787;-390.500610;1885.686279;1.421184;0.000000;0.000000;0.000000;0.000000;2.000000;-387.961609;3.037476;1908.694702;0.932962;0.000000;0.000000;0.000000;0.000000;2.000000;-528.109741;72.424194;1828.168945;1.460144;0.000000;0.000000;0.000000;0.000000;2.000000;-19.603424;-651.430725;1806.128296;0.498291;0.000000;0.000000;0.000000;0.000000;2.000000;-43.657501;-661.211060;1644.210571;0.184018;0.000000;0.000000;0.000000;0.000000;2.000000;-7.215836;-698.571594;1667.426514;0.352395;0.000000;0.000000;0.000000;0.000000;2.000000;69.451447;-699.540039;1771.631470;0.526968;0.000000;0.000000;0.000000;0.000000;2.000000;-60.185593;-702.764526;1672.279907;0.441076;0.000000;0.000000;0.000000;0.000000;2.000000;-95.252670;-727.853271;1798.846802;0.937800;0.000000;0.000000;0.000000;0.000000;2.000000;4984699904.000000
0.000000;-150.000031;2000.000000;0.000000;0.000000;0.000000;0.000000;0.000000;2.000000;54.466324;-307.746521;2059.552002;0.175753;0.000000;0.000000;0.000000;0.000000;2.000000;51.700989;-446.437897;2030.854126;0.366939;0.000000;0.000000;0.000000;0.000000;2.000000;13.650162;-602.009155;1886.475342;0.541470;0.000000;0.000000;0.000000;0.000000;2.000000;47.270569;-567.436584;1893.130371;0.500935;0.000000;0.000000;0.000000;0.000000;2.000000;128.813034;-473.049255;1825.306152;0.692687;0.000000;0.000000;0.000000;0.000000;2.000000;196.835693;-208.518677;1852.250122;0.813026;0.000000;0.000000;0.000000;0.000000;2.000000;256.830750;12.636780;1875.827515;1.004238;0.000000;0.000000;0.000000;0.000000;2.000000;302.628174;92.202026;1902.633057;0.953017;0.000000;0.000000;0.000000;0.000000;2.000000;353.789490;128.565308;1815.583374;1.045942;0.000000;0.000000;0.000000;0.000000;2.000000;284.343811;124.924316;1829.866943;1.238792;0.000000;0.000000;0.000000;0.000000;2.000000;-6.113327;-586.449463;1928.571777;0.462115;0.000000;0.000000;0.000000;0.000000;2.000000;-115.170181;-602.529785;1998.632446;0.744587;0.000000;0.000000;0.000000;0.000000;2.000000;-210.062515;-356.578796;2091.961426;1.390957;0.000000;0.000000;0.000000;0.000000;2.000000;-268.403870;-131.110168;2078.648926;1.881359;0.000000;0.000000;0.000000;0.000000;1.000000;-249.255081;-118.461853;1978.263794;1.363924;0.000000;0.000000;0.000000;0.000000;1.000000;-244.865829;-131.323242;1873.655151;1.623928;0.000000;0.000000;0.000000;0.000000;1.000000;-175.035690;-177.597656;2007.081421;0.878425;0.000000;0.000000;0.000000;0.000000;1.000000;76.471115;-141.636719;1952.212891;0.162588;0.000000;0.000000;0.000000;0.000000;2.000000;-145.487534;-344.602631;1692.147583;0.808865;0.000000;0.000000;0.000000;0.000000;2.000000;-60.771317;4.105408;1817.131836;1.193339;0.000000;0.000000;0.000000;0.000000;2.000000;-83.546951;103.206421;1661.310303;1.294225;0.000000;0.000000;0.000000;0.000000;2.000000;-68.957352;-157.541565;2043.091797;0.146615;0.000000;0.000000;0.000000;0.000000;2.000000;-366.877747;-398.193756;1937.808594;1.589111;0.000000;0.000000;0.000000;0.000000;2.000000;-395.952820;-15.351074;1943.748413;1.213422;0.000000;0.000000;0.000000;0.000000;2.000000;-537.589844;37.469360;1863.407593;1.518387;0.000000;0.000000;0.000000;0.000000;2.000000;-8.103806;-651.381165;1825.882935;0.686840;0.000000;0.000000;0.000000;0.000000;2.000000;-20.830673;-662.156494;1667.160767;0.973052;0.000000;0.000000;0.000000;0.000000;2.000000;12.186478;-699.011597;1692.497925;0.952680;0.000000;0.000000;0.000000;0.000000;2.000000;79.614075;-700.415649;1798.821533;0.872608;0.000000;0.000000;0.000000;0.000000;2.000000;-39.645264;-701.936768;1693.694092;0.891956;0.000000;0.000000;0.000000;0.000000;2.000000;-82.690903;-724.241760;1814.455322;0.611733;0.000000;0.000000;0.000000;0.000000;2.000000;4984733184.000000
0.000000;-150.000000;2000.000000;0.000001;0.000000;0.000000;0.000000;0.000000;2.000000;63.954422;-301.082977;2053.355469;0.395019;0.000000;0.000000;0.000000;0.000000;2.000000;66.625397;-435.962524;2024.674316;0.578503;0.000000;0.000000;0.000000;0.000000;2.000000;42.021103;-595.587341;1890.546143;0.882576;0.000000;0.000000;0.000000;0.000000;2.000000;71.372482;-558.643433;1895.040283;0.773042;0.000000;0.000000;0.000000;0.000000;2.000000;152.882477;-463.106934;1837.263916;0.861063;0.000000;0.000000;0.000000;0.000000;2.000000;219.498947;-205.853546;1865.410034;0.791531;0.000000;0.000000;0.000000;0.000000;2.000000;274.975525;10.192078;1888.864624;0.675364;0.000000;0.000000;0.000000;0.000000;2.000000;321.718964;83.015930;1923.249634;0.888268;0.000000;0.000000;0.000000;0.000000;2.000000;376.720947;113.668457;1839.863525;1.098829;0.000000;0.000000;0.000000;0.000000;2.000000;311.823669;111.179260;1835.172241;0.936910;0.000000;0.000000;0.000000;0.000000;2.000000;22.186523;-580.857178;1931.402710;0.870964;0.000000;0.000000;0.000000;0.000000;2.000000;-79.144897;-611.520935;2001.860474;1.119904;0.000000;0.000000;0.000000;0.000000;2.000000;-174.103790;-367.142181;2075.335449;1.231985;0.000000;0.000000;0.000000;0.000000;2.000000;-246.765442;-155.583313;2114.683105;1.461467;0.000000;0.000000;0.000000;0.000000;2.000000;-239.724426;-121.884216;2020.519043;1.305641;0.000000;0.000000;0.000000;0.000000;1.000000;-245.692688;-112.833557;1918.386719;1.454608;0.000000;0.000000;0.000000;0.000000;1.000000;-159.829956;-177.984406;2030.220093;0.832045;0.000000;0.000000;0.000000;0.000000;1.000000;71.098511;-137.810120;1949.295044;0.216725;0.000000;0.000000;0.000000;0.000000;2.000000;-121.372803;-353.877747;1692.124146;0.776351;0.000000;0.000000;0.000000;0.000000;2.000000;-40.985428;-19.977783;1829.708496;1.009925;0.000000;0.000000;0.000000;0.000000;2.000000;-78.507874;80.210999;1683.514526;0.972374;0.000000;0.000000;0.000000;0.000000;2.000000;-64.112640;-160.992188;2045.722900;0.195430;0.000000;0.000000;0.000000;0.000000;2.000000;-350.313965;-405.954712;1958.390259;0.827385;0.000000;0.000000;0.000000;0.000000;2.000000;-376.255554;-33.027344;1953.110596;0.843534;0.000000;0.000000;0.000000;0.000000;2.000000;-527.524963;22.176575;1910.091309;1.506767;0.000000;0.000000;0.000000;0.000000;2.000000;24.552765;-647.721741;1833.831177;1.015882;0.000000;0.000000;0.000000;0.000000;2.000000;22.968628;-651.315918;1678.493408;1.397906;0.000000;0.000000;0.000000;0.000000;2.000000;57.604309;-684.483459;1703.590332;1.471094;0.000000;0.000000;0.000000;0.000000;2.000000;116.498856;-683.733032;1811.103271;1.271157;0.000000;0.000000;0.000000;0.000000;2.000000;7.864807;-693.238403;1701.240723;1.468924;0.000000;0.000000;0.000000;0.000000;2.000000;-38.255692;-725.928223;1814.628296;1.336164;0.000000;0.000000;0.000000;0.000000;2.000000;4984766464.000000
0.000000;-150.000000;2000.000000;0.000000;0.000000;0.000000;0.000000;0.000000;2.000000;67.323532;-299.616638;2048.990234;0.168851;0.000000;0.000000;0.000000;0.000000;2.000000;74.087708;-433.806580;2022.820190;0.236320;0.000000;0.000000;0.000000;0.000000;2.000000;58.306442;-597.758545;1895.199951;0.505322;0.000000;0.000000;0.000000;0.000000;2.000000;85.195587;-559.274353;1898.178711;0.419891;0.000000;0.000000;0.000000;0.000000;2.000000;159.717743;-460.206421;1839.397583;0.228625;0.000000;0.000000;0.000000;0.000000;2.000000;230.585358;-207.959106;1880.503662;0.557696;0.000000;0.000000;0.000000;0.000000;2.000000;278.156128;7.533875;1909.666992;0.627703;0.000000;0.000000;0.000000;0.000000;2.000000;335.802917;77.867920;1926.122925;0.451827;0.000000;0.000000;0.000000;0.000000;2.000000;393.137085;103.836304;1843.702759;0.577553;0.000000;0.000000;0.000000;0.000000;2.000000;320.086945;100.358215;1846.711426;0.528154;0.000000;0.000000;0.000000;0.000000;2.000000;38.077805;-583.011292;1935.434937;0.489340;0.000000;0.000000;0.000000;0.000000;2.000000;-62.850418;-623.091064;1999.760132;0.594653;0.000000;0.000000;0.000000;0.000000;2.000000;-153.257065;-379.993225;2075.637695;0.724768;0.000000;0.000000;0.000000;0.000000;2.000000;-228.857559;-177.673645;2140.170410;1.130072;0.000000;0.000000;0.000000;0.000000;2.000000;-207.581985;-128.824402;2056.130371;1.434402;0.000000;0.000000;0.000000;0.000000;2.000000;-198.069351;-102.249023;1958.181641;1.863090;0.000000;0.000000;0.000000;0.000000;1.000000;-147.530869;-173.748901;2051.493408;0.737901;0.000000;0.000000;0.000000;0.000000;1.000000;68.655609;-136.299316;1947.493530;0.100336;0.000000;0.000000;0.000000;0.000000;2.000000;-114.433517;-364.112671;1698.086182;0.406245;0.000000;0.000000;0.000000;0.000000;2.000000;-35.952011;-31.505371;1832.419312;0.380781;0.000000;0.000000;0.000000;0.000000;2.000000;-63.308640;72.366333;1688.233398;0.525073;0.000000;0.000000;0.000000;0.000000;2.000000;-61.909775;-162.354492;2047.347534;0.090478;0.000000;0.000000;0.000000;0.000000;2.000000;-344.026733;-407.873932;1961.108765;0.210511;0.000000;0.000000;0.000000;0.000000;2.000000;-363.339478;-37.388123;1968.269775;0.603317;0.000000;0.000000;0.000000;0.000000;2.000000;-507.951294;42.700195;1962.094360;1.752900;0.000000;0.000000;0.000000;0.000000;2.000000;43.711441;-652.296997;1840.804321;0.618350;0.000000;0.000000;0.000000;0.000000;2.000000;47.017258;-636.403015;1687.440552;0.878255;0.000000;0.000000;0.000000;0.000000;2.000000;83.063324;-669.632385;1709.400146;0.889001;0.000000;0.000000;0.000000;0.000000;2.000000;138.076508;-678.178833;1817.584106;0.686684;0.000000;0.000000;0.000000;0.000000;2.000000;34.603027;-681.512756;1704.071777;0.868052;0.000000;0.000000;0.000000;0.000000;2.000000;-11.877762;-731.189575;1809.826294;0.808559;0.000000;0.000000;0.000000;0.000000;2.000000;4984800256.000000
0.000000;-150.000000;2000.000000;0.000000;0.000000;0.000000;0.000000;0.000000;2.000000;46.407135;-301.239075;2018.368652;1.115350;0.000000;0.000000;0.000000;0.000000;2.000000;49.422684;-425.599518;1991.234497;1.229174;0.000000;0.000000;0.000000;0.000000;2.000000;63.807892;-589.578369;1888.932495;0.351013;0.000000;0.000000;0.000000;0.000000;2.000000;83.993210;-550.765259;1889.720215;0.362321;0.000000;0.000000;0.000000;0.000000;2.000000;160.012863;-455.145813;1852.802124;0.430620;0.000000;0.000000;0.000000;0.000000;2.000000;219.027451;-219.377991;1895.066528;0.655608;0.000000;0.000000;0.000000;0.000000;2.000000;268.210876;-21.375854;1930.352539;1.109166;0.000000;0.000000;0.000000;0.000000;2.000000;317.618103;48.521606;1938.252441;1.099537;0.000000;0.000000;0.000000;0.000000;2.000000;373.941711;73.999268;1864.205322;1.231262;0.000000;0.000000;0.000000;0.000000;2.000000;302.728455;66.391907;1871.198608;1.362026;0.000000;0.000000;0.000000;0.000000;2.000000;40.217651;-574.805908;1923.108643;0.449563;0.000000;0.000000;0.000000;0.000000;2.000000;-45.291016;-625.157410;1985.841553;0.676135;0.000000;0.000000;0.000000;0.000000;2.000000;-145.492584;-418.852722;2088.690430;1.253664;0.000000;0.000000;0.000000;0.000000;2.000000;-229.138306;-247.146484;2175.186279;2.337707;0.000000;0.000000;0.000000;0.000000;2.000000;-213.983490;-189.635132;2104.269531;2.338409;0.000000;0.000000;0.000000;0.000000;2.000000;-208.332245;-151.565002;2017.619263;2.341095;0.000000;0.000000;0.000000;0.000000;1.000000;-172.208618;-205.229462;2088.972168;1.647083;0.000000;0.000000;0.000000;0.000000;1.000000;61.802460;-137.281677;1948.577759;0.210564;0.000000;0.000000;0.000000;0.000000;2.000000;-132.569183;-304.069061;1699.339478;1.885073;0.000000;0.000000;0.000000;0.000000;1.000000;-133.491669;29.924255;1770.742310;3.928335;0.000000;0.000000;0.000000;0.000000;1.000000;-233.313385;91.874573;1651.721924;5.257578;0.000000;0.000000;0.000000;0.000000;1.000000;-55.729980;-161.468811;2046.369629;0.189876;0.000000;0.000000;0.000000;0.000000;2.000000;-312.798676;-400.521515;1981.464233;1.141667;0.000000;0.000000;0.000000;0.000000;2.000000;-319.105133;-60.355408;1923.454346;2.014027;0.000000;0.000000;0.000000;0.000000;1.000000;-468.570587;-34.895813;1897.249268;3.260856;0.000000;0.000000;0.000000;0.000000;1.000000;60.989822;-646.328918;1843.227295;0.554085;0.000000;0.000000;0.000000;0.000000;2.000000;37.260315;-653.926819;1701.961670;0.744043;0.000000;0.000000;0.000000;0.000000;2.000000;73.006195;-683.401184;1720.672485;0.614181;0.000000;0.000000;0.000000;0.000000;2.000000;142.154770;-679.012146;1810.150513;0.256000;0.000000;0.000000;0.000000;0.000000;2.000000;27.466949;-692.174377;1725.927002;0.761495;0.000000;0.000000;0.000000;0.000000;2.000000;2.278625;-719.810181;1836.750366;0.975892;0.000000;0.000000;0.000000;0.000000;2.000000;4984833536.000000
0.000000;-150.000000;2000.000000;0.000000;0.000000;0.000000;0.000000;0.000000;2.000000;53.733170;-301.702301;2013.316284;0.267768;0.000000;0.000000;0.000000;0.000000;2.000000;65.165283;-426.494812;1982.279541;0.544875;0.000000;0.000000;0.000000;0.000000;2.000000;83.049347;-596.455872;1885.262451;0.623816;0.000000;0.000000;0.000000;0.000000;2.000000;102.962090;-556.812622;1884.708862;0.616903;0.000000;0.000000;0.000000;0.000000;2.000000;172.673569;-458.120300;1838.410767;0.582849;0.000000;0.000000;0.000000;0.000000;2.000000;231.696411;-219.835724;1886.421997;0.461059;0.000000;0.000000;0.000000;0.000000;2.000000;277.104401;-18.443115;1924.562378;0.330831;0.000000;0.000000;0.000000;0.000000;2.000000;326.864746;52.722290;1932.078613;0.357133;0.000000;0.000000;0.000000;0.000000;2.000000;381.529968;75.993103;1854.383789;0.377722;0.000000;0.000000;0.000000;0.000000;2.000000;312.240692;69.632813;1862.375000;0.401839;0.000000;0.000000;0.000000;0.000000;2.000000;58.591263;-580.479431;1919.085083;0.590326;0.000000;0.000000;0.000000;0.000000;2.000000;-34.297501;-618.962524;1982.811646;0.389948;0.000000;0.000000;0.000000;0.000000;2.000000;-140.724930;-402.720551;2065.701660;0.855954;0.000000;0.000000;0.000000;0.000000;2.000000;-229.542770;-222.525940;2135.270020;1.409265;0.000000;0.000000;0.000000;0.000000;2.000000;-212.002762;-162.891968;2064.958984;1.429872;0.000000;0.000000;0.000000;0.000000;1.000000;-203.172195;-122.907166;1977.977295;1.477982;0.000000;0.000000;0.000000;0.000000;1.000000;-153.964920;-200.901489;2055.221924;1.160122;0.000000;0.000000;0.000000;0.000000;1.000000;63.476410;-131.864868;1950.463135;0.179532;0.000000;0.000000;0.000000;0.000000;2.000000;-135.798386;-232.724152;1665.104248;2.379795;0.000000;0.000000;0.000000;0.000000;1.000000;-169.567276;102.398071;1745.644531;2.546794;0.000000;0.000000;0.000000;0.000000;1.000000;-266.930725;153.120850;1616.405151;2.352307;0.000000;0.000000;0.000000;0.000000;1.000000;-57.239487;-166.353271;2044.669434;0.161890;0.000000;0.000000;0.000000;0.000000;2.000000;-326.533264;-399.464874;1980.093750;0.415961;0.000000;0.000000;0.000000;0.000000;2.000000;-345.096436;-50.006958;1977.835693;1.837599;0.000000;0.000000;0.000000;0.000000;2.000000;-465.546082;-25.797913;1881.674438;0.549555;0.000000;0.000000;0.000000;0.000000;2.000000;81.435181;-655.795715;1841.178711;0.679797;0.000000;0.000000;0.000000;0.000000;2.000000;55.839539;-649.122803;1698.153320;0.587876;0.000000;0.000000;0.000000;0.000000;2.000000;94.723862;-677.830444;1713.343750;0.708778;0.000000;0.000000;0.000000;0.000000;2.000000;165.651917;-677.880737;1803.547852;0.734177;0.000000;0.000000;0.000000;0.000000;2.000000;49.530350;-691.115784;1717.900391;0.706188;0.000000;0.000000;0.000000;0.000000;2.000000;28.164764;-733.798584;1826.467163;0.936571;0.000000;0.000000;0.000000;0.000000;2.000000;4984866816.000000
0.000000;-150.000000;2000.000000;0.000000;0.000000;0.000000;0.000000;0.000000;2.000000;55.766159;-300.199554;1991.739990;0.652761;0.000000;0.000000;0.000000;0.000000;2.000000;76.234360;-417.430695;1943.910522;1.230455;0.000000;0.000000;0.000000;0.000000;2.000000;104.132774;-590.949524;1858.892456;1.027893;0.000000;0.000000;0.000000;0.000000;2.000000;122.724152;-551.031494;1856.982178;1.037738;0.000000;0.000000;0.000000;0.000000;2.000000;206.881210;-466.749817;1808.617554;1.387514;0.000000;0.000000;0.000000;0.000000;2.000000;252.990051;-226.914368;1854.498779;1.172498;0.000000;0.000000;0.000000;0.000000;2.000000;291.790527;-25.644409;1893.041626;1.067066;0.000000;0.000000;0.000000;0.000000;2.000000;340.932922;45.035217;1902.391968;1.013784;0.000000;0.000000;0.000000;0.000000;2.000000;387.184570;80.531006;1824.659302;0.919349;0.000000;0.000000;0.000000;0.000000;2.000000;316.191498;69.245300;1839.014282;0.712008;0.000000;0.000000;0.000000;0.000000;2.000000;77.628098;-573.952148;1890.196777;1.057906;0.000000;0.000000;0.000000;0.000000;2.000000;-9.234726;-605.347290;1964.052612;1.025788;0.000000;0.000000;0.000000;0.000000;2.000000;-136.887100;-394.311981;2021.322144;1.362134;0.000000;0.000000;0.000000;0.000000;2.000000;-243.069595;-217.872284;2068.260742;2.058869;0.000000;0.000000;0.000000;0.000000;2.000000;-210.059982;-152.258667;2010.833740;1.658475;0.000000;0.000000;0.000000;0.000000;1.000000;-180.251144;-104.637634;1933.595825;1.598169;0.000000;0.000000;0.000000;0.000000;1.000000;-138.390488;-197.413940;2027.241211;0.967924;0.000000;0.000000;0.000000;0.000000;1.000000;67.582596;-122.837097;1962.344360;0.465042;0.000000;0.000000;0.000000;0.000000;2.000000;-166.458481;-129.916565;1688.895020;3.301933;0.000000;0.000000;0.000000;0.000000;1.000000;-162.804733;179.269226;1839.760498;3.657077;0.000000;0.000000;0.000000;0.000000;1.000000;-242.589951;291.849976;1743.116455;5.692822;0.000000;0.000000;0.000000;0.000000;1.000000;-60.942184;-174.493958;2033.955688;0.419346;0.000000;0.000000;0.000000;0.000000;2.000000;-314.031311;-412.110504;1940.119019;1.314647;0.000000;0.000000;0.000000;0.000000;2.000000;-356.137451;-67.167419;1950.811890;1.017504;0.000000;0.000000;0.000000;0.000000;2.000000;-506.347778;-31.063904;1938.280396;2.102666;0.000000;0.000000;0.000000;0.000000;1.000000;106.616570;-652.383972;1818.698730;1.019464;0.000000;0.000000;0.000000;0.000000;2.000000;77.759171;-661.331604;1677.393433;0.978524;0.000000;0.000000;0.000000;0.000000;2.000000;115.294220;-689.871582;1694.999512;0.903763;0.000000;0.000000;0.000000;0.000000;2.000000;188.040344;-683.027466;1782.503540;0.936128;0.000000;0.000000;0.000000;0.000000;2.000000;69.926163;-700.032166;1701.999634;0.821981;0.000000;0.000000;0.000000;0.000000;2.000000;49.487671;-728.138306;1814.578003;0.753037;0.000000;0.000000;0.000000;0.000000;2.000000;4984900096.000000
0.000000;-150.000000;2000.000000;0.000000;0.000000;0.000000;0.000000;0.000000;2.000000;58.746078;-301.531006;1988.229370;0.144034;0.000000;0.000000;0.000000;0.000000;2.000000;78.723160;-418.007080;1933.422485;0.324360;0.000000;0.000000;0.000000;0.000000;2.000000;108.257179;-597.647644;1854.831177;0.266005;0.000000;0.000000;0.000000;0.000000;2.000000;126.877419;-557.104431;1851.135132;0.282385;0.000000;0.000000;0.000000;0.000000;2.000000;204.233505;-466.822693;1797.168579;0.353106;0.000000;0.000000;0.000000;0.000000;2.000000;248.323730;-221.923065;1839.402466;0.497916;0.000000;0.000000;0.000000;0.000000;2.000000;285.594269;-16.438049;1874.927979;0.638304;0.000000;0.000000;0.000000;0.000000;2.000000;337.863342;53.330200;1886.559082;0.544948;0.000000;0.000000;0.000000;0.000000;2.000000;379.237793;82.441956;1801.821045;0.728868;0.000000;0.000000;0.000000;0.000000;2.000000;312.412231;76.802612;1814.984985;0.765373;0.000000;0.000000;0.000000;0.000000;2.000000;81.205597;-579.192688;1885.835571;0.231354;0.000000;0.000000;0.000000;0.000000;2.000000;-9.562866;-599.300415;1961.889526;0.193224;0.000000;0.000000;0.000000;0.000000;2.000000;-150.822632;-395.321777;2029.528809;0.486898;0.000000;0.000000;0.000000;0.000000;2.000000;-260.269257;-212.895691;2057.109375;0.633828;0.000000;0.000000;0.000000;0.000000;2.000000;-228.426819;-148.093567;1995.838989;0.723361;0.000000;0.000000;0.000000;0.000000;1.000000;-199.206085;-102.555176;1915.324097;0.793567;0.000000;0.000000;0.000000;0.000000;1.000000;-152.223175;-193.657043;2018.447021;0.505304;0.000000;0.000000;0.000000;0.000000;1.000000;68.270966;-120.614380;1962.434082;0.069970;0.000000;0.000000;0.000000;0.000000;2.000000;-187.413452;-70.030090;1705.993408;1.974471;0.000000;0.000000;0.000000;0.000000;1.000000;-149.634705;232.498779;1876.753662;1.987568;0.000000;0.000000;0.000000;0.000000;1.000000;-230.346405;352.954895;1785.908081;2.271531;0.000000;0.000000;0.000000;0.000000;1.000000;-61.562927;-176.498230;2033.874756;0.063094;0.000000;0.000000;0.000000;0.000000;2.000000;-318.714966;-412.782318;1926.869263;0.422754;0.000000;0.000000;0.000000;0.000000;2.000000;-367.068420;-63.113586;1936.157471;0.562687;0.000000;0.000000;0.000000;0.000000;2.000000;-513.113220;-24.272461;1892.054443;1.418553;0.000000;0.000000;0.000000;0.000000;2.000000;111.210709;-661.744446;1816.761841;0.318674;0.000000;0.000000;0.000000;0.000000;2.000000;79.104706;-658.116211;1673.598145;0.154838;0.000000;0.000000;0.000000;0.000000;2.000000;118.010399;-687.985107;1688.007813;0.232403;0.000000;0.000000;0.000000;0.000000;2.000000;193.591217;-687.989441;1775.723145;0.302587;0.000000;0.000000;0.000000;0.000000;2.000000;72.243835;-699.676453;1695.013672;0.221424;0.000000;0.000000;0.000000;0.000000;2.000000;54.255264;-738.930115;1806.619263;0.427628;0.000000;0.000000;0.000000;0.000000;2.000000;4984933376.000000
0.000000;-150.000000;2000.000000;0.000000;0.000000;0.000000;0.000000;0.000000;2.000000;68.011871;-297.650635;1982.128784;0.353150;0.000000;0.000000;0.000000;0.000000;2.000000;79.101486;-416.449707;1928.672485;0.150634;0.000000;0.000000;0.000000;0.000000;2.000000;106.056900;-597.208374;1849.886841;0.163149;0.000000;0.000000;0.000000;0.000000;2.000000;124.534241;-556.518311;1845.227905;0.191765;0.000000;0.000000;0.000000;0.000000;2.000000;205.312820;-470.189392;1788.711548;0.275430;0.000000;0.000000;0.000000;0.000000;2.000000;240.811234;-222.718292;1829.550781;0.373039;0.000000;0.000000;0.000000;0.000000;2.000000;271.936646;-15.287720;1864.300659;0.521136;0.000000;0.000000;0.000000;0.000000;2.000000;327.426849;52.979248;1871.514648;0.550281;0.000000;0.000000;0.000000;0.000000;2.000000;373.785034;81.362732;1788.710815;0.427882;0.000000;0.000000;0.000000;0.000000;2.000000;305.886292;75.929321;1802.446045;0.425555;0.000000;0.000000;0.000000;0.000000;2.000000;80.054703;-578.521973;1881.875122;0.125555;0.000000;0.000000;0.000000;0.000000;2.000000;-10.380432;-600.663818;1958.453735;0.113755;0.000000;0.000000;0.000000;0.000000;2.000000;-155.432327;-392.714020;2006.803467;0.701152;0.000000;0.000000;0.000000;0.000000;2.000000;-272.697876;-214.143036;2033.573486;0.800636;0.000000;0.000000;0.000000;0.000000;2.000000;-245.370834;-144.648376;1974.779907;0.818750;0.000000;0.000000;0.000000;0.000000;1.000000;-219.732559;-93.756104;1895.838013;0.890593;0.000000;0.000000;0.000000;0.000000;1.000000;-161.342484;-192.997925;2003.407104;0.528876;0.000000;0.000000;0.000000;0.000000;1.000000;51.820328;-119.126831;1942.138916;0.786278;0.000000;0.000000;0.000000;0.000000;2.000000;-176.433426;-220.487091;1673.251587;4.638503;0.000000;0.000000;0.000000;0.000000;2.000000;-164.443649;63.848511;1878.223511;5.087306;0.000000;0.000000;0.000000;0.000000;2.000000;-271.712891;177.444946;1806.946167;5.454990;0.000000;0.000000;0.000000;0.000000;2.000000;-46.728653;-177.839722;2052.175781;0.709022;0.000000;0.000000;0.000000;0.000000;2.000000;-306.449707;-403.403503;1925.486206;0.465805;0.000000;0.000000;0.000000;0.000000;2.000000;-308.316833;-59.436218;2010.858643;2.857813;0.000000;0.000000;0.000000;0.000000;1.000000;-460.355225;-18.394409;2023.670044;4.264353;0.000000;0.000000;0.000000;0.000000;1.000000;107.693802;-661.777649;1812.001709;0.177839;0.000000;0.000000;0.000000;0.000000;2.000000;95.763870;-663.512695;1665.195313;0.583627;0.000000;0.000000;0.000000;0.000000;2.000000;129.867996;-695.532532;1686.271729;0.425560;0.000000;0.000000;0.000000;0.000000;2.000000;192.758377;-696.502441;1783.988037;0.357399;0.000000;0.000000;0.000000;0.000000;2.000000;82.594246;-703.354797;1687.296753;0.403375;0.000000;0.000000;0.000000;0.000000;2.000000;46.254196;-735.131409;1797.272949;0.386910;0.000000;0.000000;0.000000;0.000000;2.000000;4984966656.000000
0.000000;-150.000000;2000.000000;0.000000;0.000000;0.000000;0.000000;0.000000;2.000000;92.322556;-287.765717;1998.258057;0.925595;0.000000;0.000000;0.000000;0.000000;2.000000;118.983818;-412.773926;1963.019653;1.585400;0.000000;0.000000;0.000000;0.000000;2.000000;150.189163;-596.189453;1884.800903;1.691172;0.000000;0.000000;0.000000;0.000000;2.000000;167.473099;-554.419617;1879.080200;1.644189;0.000000;0.000000;0.000000;0.000000;2.000000;252.775620;-472.173492;1818.921509;1.691602;0.000000;0.000000;0.000000;0.000000;2.000000;282.283813;-219.542053;1854.982544;1.464929;0.000000;0.000000;0.000000;0.000000;2.000000;307.736969;-7.611755;1885.417480;1.270044;0.000000;0.000000;0.000000;0.000000;2.000000;363.178406;61.375916;1898.832764;1.375322;0.000000;0.000000;0.000000;0.000000;2.000000;399.647400;88.158325;1809.151367;1.011357;0.000000;0.000000;0.000000;0.000000;2.000000;352.784363;80.217773;1813.968994;1.456820;0.000000;0.000000;0.000000;0.000000;2.000000;124.038406;-577.647400;1917.650513;1.703811;0.000000;0.000000;0.000000;0.000000;2.000000;27.267700;-593.994263;1990.550171;1.500012;0.000000;0.000000;0.000000;0.000000;2.000000;-138.747437;-397.891907;2040.522827;1.141112;0.000000;0.000000;0.000000;0.000000;2.000000;-260.922424;-218.015656;2020.753906;0.535834;0.000000;0.000000;0.000000;0.000000;1.000000;-237.088867;-137.404297;1973.599976;0.332517;0.000000;0.000000;0.000000;0.000000;1.000000;-210.737061;-72.776062;1903.761963;0.726064;0.000000;0.000000;0.000000;0.000000;1.000000;-142.991364;-189.227142;2028.053467;0.930242;0.000000;0.000000;0.000000;0.000000;1.000000;40.605988;-121.917053;1931.098022;0.480251;0.000000;0.000000;0.000000;0.000000;2.000000;-42.238342;-389.027405;1685.556396;6.484091;0.000000;0.000000;0.000000;0.000000;2.000000;-128.982483;-45.777039;1719.537842;5.892519;0.000000;0.000000;0.000000;0.000000;2.000000;-224.180908;46.374939;1606.512207;7.336434;0.000000;0.000000;0.000000;0.000000;2.000000;-36.616211;-175.323608;2062.131836;0.433063;0.000000;0.000000;0.000000;0.000000;2.000000;-290.957184;-422.755676;1951.263306;1.074606;0.000000;0.000000;0.000000;0.000000;2.000000;-255.546936;-70.893127;2015.406250;1.628318;0.000000;0.000000;0.000000;0.000000;1.000000;-386.826752;20.774353;2009.367920;2.539939;0.000000;0.000000;0.000000;0.000000;1.000000;152.993286;-662.098450;1847.188843;1.723587;0.000000;0.000000;0.000000;0.000000;2.000000;137.599243;-667.689331;1698.710083;1.615593;0.000000;0.000000;0.000000;0.000000;2.000000;172.852249;-699.414490;1720.114258;1.648003;0.000000;0.000000;0.000000;0.000000;2.000000;238.822357;-697.532532;1817.750610;1.716390;0.000000;0.000000;0.000000;0.000000;2.000000;124.996529;-707.588867;1722.425659;1.659438;0.000000;0.000000;0.000000;0.000000;2.000000;90.833099;-737.191895;1835.525757;1.766153;0.000000;0.000000;0.000000;0.000000;2.000000;4984999936.000000
0.000000;-150.000000;2000.000000;0.000000;0.000000;0.000000;0.000000;0.000000;2.000000;100.110931;-284.684113;2020.626709;0.717710;0.000000;0.000000;0.000000;0.000000;2.000000;134.006378;-412.018005;1990.492554;0.941138;0.000000;0.000000;0.000000;0.000000;2.000000;173.698502;-600.965759;1919.371460;1.264387;0.000000;0.000000;0.000000;0.000000;2.000000;189.609894;-558.009338;1911.665039;1.188589;0.000000;0.000000;0.000000;0.000000;2.000000;266.073883;-471.661346;1840.589478;0.764077;0.000000;0.000000;0.000000;0.000000;2.000000;291.454712;-213.229340;1874.611206;0.678075;0.000000;0.000000;0.000000;0.000000;2.000000;314.065277;3.515625;1903.368652;0.662497;0.000000;0.000000;0.000000;0.000000;2.000000;376.804108;67.690857;1919.906372;0.777563;0.000000;0.000000;0.000000;0.000000;2.000000;406.794464;93.708008;1825.510986;0.561760;0.000000;0.000000;0.000000;0.000000;2.000000;365.265320;89.737061;1828.963623;0.652279;0.000000;0.000000;0.000000;0.000000;2.000000;146.149231;-581.668762;1951.902588;1.230968;0.000000;0.000000;0.000000;0.000000;2.000000;45.249420;-594.414734;2023.948486;1.139835;0.000000;0.000000;0.000000;0.000000;2.000000;-132.441071;-415.051422;2110.339844;2.168596;0.000000;0.000000;0.000000;0.000000;2.000000;-265.979065;-240.426605;2075.391357;1.780985;0.000000;0.000000;0.000000;0.000000;1.000000;-240.656128;-184.129364;1998.942871;1.600810;0.000000;0.000000;0.000000;0.000000;1.000000;-230.362213;-97.691956;1948.400635;1.645406;0.000000;0.000000;0.000000;0.000000;1.000000;-151.069702;-187.569305;2044.264160;0.546507;0.000000;0.000000;0.000000;0.000000;1.000000;51.577637;-121.330505;1936.870605;0.372940;0.000000;0.000000;0.000000;0.000000;2.000000;-42.956512;-392.410248;1688.824219;0.142967;0.000000;0.000000;0.000000;0.000000;2.000000;-142.151031;-44.976196;1719.226807;0.396531;0.000000;0.000000;0.000000;0.000000;2.000000;-234.598816;45.138306;1597.346069;0.418608;0.000000;0.000000;0.000000;0.000000;2.000000;-46.509827;-175.852600;2056.926514;0.336295;0.000000;0.000000;0.000000;0.000000;2.000000;-303.867249;-436.319275;1959.138184;0.610394;0.000000;0.000000;0.000000;0.000000;2.000000;-364.491882;-75.075317;1950.060181;3.819369;0.000000;0.000000;0.000000;0.000000;2.000000;-492.322021;-1.101074;1880.270264;5.052546;0.000000;0.000000;0.000000;0.000000;2.000000;179.438354;-669.647217;1884.112793;1.383421;0.000000;0.000000;0.000000;0.000000;2.000000;144.157928;-656.227722;1736.577026;1.205033;0.000000;0.000000;0.000000;0.000000;2.000000;184.341400;-688.555664;1748.988770;0.989149;0.000000;0.000000;0.000000;0.000000;2.000000;263.990021;-695.146179;1838.695313;0.986468;0.000000;0.000000;0.000000;0.000000;2.000000;136.809296;-700.571472;1756.168457;1.094741;0.000000;0.000000;0.000000;0.000000;2.000000;119.217102;-748.240295;1869.467285;1.370319;0.000000;0.000000;0.000000;0.000000;2.000000;4985033216.000000
0.000000;-150.000000;2000.000000;0.000000;0.000000;0.000000;0.000000;0.000000;2.000000;100.083801;-284.270203;2005.974854;0.440436;0.000000;0.000000;0.000000;0.000000;2.000000;130.096649;-410.300751;1971.876343;0.573909;0.000000;0.000000;0.000000;0.000000;2.000000;181.236877;-599.917847;1916.968384;0.239821;0.000000;0.000000;0.000000;0.000000;2.000000;194.896667;-557.239624;1906.405762;0.225265;0.000000;0.000000;0.000000;0.000000;2.000000;274.995331;-475.628448;1836.027832;0.323821;0.000000;0.000000;0.000000;0.000000;2.000000;293.714966;-218.836273;1868.904663;0.249799;0.000000;0.000000;0.000000;0.000000;2.000000;309.792999;-3.347229;1896.590698;0.316992;0.000000;0.000000;0.000000;0.000000;2.000000;369.589630;64.223328;1902.846680;0.566233;0.000000;0.000000;0.000000;0.000000;2.000000;406.402313;89.466003;1811.694946;0.434433;0.000000;0.000000;0.000000;0.000000;2.000000;359.221558;84.389099;1824.365601;0.279091;0.000000;0.000000;0.000000;0.000000;2.000000;152.116043;-579.937988;1947.028320;0.237279;0.000000;0.000000;0.000000;0.000000;2.000000;56.415100;-601.316528;2022.147583;0.398123;0.000000;0.000000;0.000000;0.000000;2.000000;-129.102173;-433.668793;2108.312988;0.571595;0.000000;0.000000;0.000000;0.000000;2.000000;-275.608704;-269.535339;2092.010986;1.047924;0.000000;0.000000;0.000000;0.000000;1.000000;-257.560577;-212.337738;2015.286621;1.103461;0.000000;0.000000;0.000000;0.000000;1.000000;-251.821747;-132.316284;1955.990601;1.245080;0.000000;0.000000;0.000000;0.000000;1.000000;-174.570160;-201.102448;2047.106689;0.819325;0.000000;0.000000;0.000000;0.000000;1.000000;42.577942;-121.313232;1931.447998;0.315719;0.000000;0.000000;0.000000;0.000000;2.000000;-48.429138;-367.463928;1662.143188;1.109806;0.000000;0.000000;0.000000;0.000000;2.000000;-207.675659;-45.308350;1661.049683;2.632967;0.000000;0.000000;0.000000;0.000000;2.000000;-317.793213;21.276184;1541.031982;3.102671;0.000000;0.000000;0.000000;0.000000;2.000000;-38.394409;-175.868103;2061.816406;0.284699;0.000000;0.000000;0.000000;0.000000;2.000000;-289.825989;-433.074127;1953.554810;0.464398;0.000000;0.000000;0.000000;0.000000;2.000000;-317.588440;-73.337891;1994.729614;1.946946;0.000000;0.000000;0.000000;0.000000;1.000000;-460.720337;-0.033142;1976.014771;3.029767;0.000000;0.000000;0.000000;0.000000;1.000000;191.473694;-670.029114;1887.528687;0.376098;0.000000;0.000000;0.000000;0.000000;2.000000;156.416122;-666.308899;1740.770996;0.493267;0.000000;0.000000;0.000000;0.000000;2.000000;194.845276;-699.064148;1755.409912;0.486362;0.000000;0.000000;0.000000;0.000000;2.000000;273.852173;-702.342712;1844.437866;0.405403;0.000000;0.000000;0.000000;0.000000;2.000000;147.290771;-708.292236;1763.480469;0.448650;0.000000;0.000000;0.000000;0.000000;2.000000;128.330841;-746.066833;1879.060913;0.402938;0.000000;0.000000;0.000000;0.000000;2.000000;4985066496.000000
0.000000;-150.000000;2000.000000;0.000000;0.000000;0.000000;0.000000;0.000000;2.000000;103.795197;-281.885193;2018.520386;0.399598;0.000000;0.000000;0.000000;0.000000;2.000000;144.062775;-408.607025;1995.248413;0.819699;0.000000;0.000000;0.000000;0.000000;2.000000;199.710068;-600.326721;1946.592529;1.049111;0.000000;0.000000;0.000000;0.000000;2.000000;212.217239;-557.439575;1934.092651;0.981338;0.000000;0.000000;0.000000;0.000000;2.000000;295.128815;-476.614868;1864.108032;1.038650;0.000000;0.000000;0.000000;0.000000;2.000000;307.773132;-216.868988;1891.955688;0.813439;0.000000;0.000000;0.000000;0.000000;2.000000;319.863342;1.025696;1915.655518;0.661059;0.000000;0.000000;0.000000;0.000000;2.000000;380.809387;68.564209;1921.107422;0.657072;0.000000;0.000000;0.000000;0.000000;2.000000;411.069855;87.472046;1825.267700;0.435419;0.000000;0.000000;0.000000;0.000000;2.000000;364.086670;86.349426;1837.702759;0.430634;0.000000;0.000000;0.000000;0.000000;2.000000;170.281708;-579.771423;1976.511475;1.040582;0.000000;0.000000;0.000000;0.000000;2.000000;73.314819;-606.092285;2049.972168;0.988676;0.000000;0.000000;0.000000;0.000000;2.000000;-91.472839;-459.357178;2199.403809;3.060393;0.000000;0.000000;0.000000;0.000000;2.000000;-226.801666;-343.336456;2332.215576;7.691778;0.000000;0.000000;0.000000;0.000000;2.000000;-259.628387;-280.351349;2264.509033;7.762759;0.000000;0.000000;0.000000;0.000000;2.000000;-295.907013;-239.905701;2179.936523;7.582052;0.000000;0.000000;0.000000;0.000000;1.000000;-167.146698;-286.695221;2242.728027;6.419955;0.000000;0.000000;0.000000;0.000000;1.000000;46.546997;-122.831543;1932.601440;0.132311;0.000000;0.000000;0.000000;0.000000;2.000000;-63.213379;-367.713806;1665.124146;0.453240;0.000000;0.000000;0.000000;0.000000;2.000000;-245.705872;-56.338501;1635.787842;1.411339;0.000000;0.000000;0.000000;0.000000;2.000000;-374.263397;-0.984436;1526.949585;1.872343;0.000000;0.000000;0.000000;0.000000;2.000000;-41.973480;-174.498901;2060.776367;0.119311;0.000000;0.000000;0.000000;0.000000;2.000000;-307.409698;-415.643921;1939.770020;0.851490;0.000000;0.000000;0.000000;0.000000;2.000000;-418.557953;-67.445862;1956.975952;3.243926;0.000000;0.000000;0.000000;0.000000;2.000000;-554.214722;23.002380;1962.220947;2.922877;0.000000;0.000000;0.000000;0.000000;2.000000;211.423889;-671.794067;1919.532227;1.134430;0.000000;0.000000;0.000000;0.000000;2.000000;169.903381;-668.574585;1773.263184;1.059288;0.000000;0.000000;0.000000;0.000000;2.000000;210.599060;-699.952209;1786.130127;1.037726;0.000000;0.000000;0.000000;0.000000;2.000000;293.906372;-700.384766;1872.473877;1.037430;0.000000;0.000000;0.000000;0.000000;2.000000;163.508301;-711.396973;1796.133301;1.099470;0.000000;0.000000;0.000000;0.000000;2.000000;150.895081;-751.063843;1912.941528;1.232342;0.000000;0.000000;0.000000;0.000000;2.000000;4985099776.000000
0.000000;-150.000000;2000.000000;0.000000;0.000000;0.000000;0.000000;0.000000;2.000000;103.432785;-281.758179;2033.480103;0.442846;0.000000;0.000000;0.000000;0.000000;2.000000;141.264832;-412.026459;2017.726807;0.677927;0.000000;0.000000;0.000000;0.000000;2.000000;200.623795;-608.162598;1982.816406;1.097093;0.000000;0.000000;0.000000;0.000000;2.000000;212.548630;-565.631409;1966.960815;1.002463;0.000000;0.000000;0.000000;0.000000;2.000000;293.865051;-485.321014;1891.645264;0.855479;0.000000;0.000000;0.000000;0.000000;2.000000;308.252502;-221.923645;1912.235352;0.618655;0.000000;0.000000;0.000000;0.000000;2.000000;320.006805;-0.828430;1929.436768;0.411522;0.000000;0.000000;0.000000;0.000000;2.000000;379.524658;67.948730;1944.533447;0.694522;0.000000;0.000000;0.000000;0.000000;2.000000;410.016052;80.759644;1846.502197;0.659774;0.000000;0.000000;0.000000;0.000000;2.000000;360.075378;82.378784;1849.493164;0.386829;0.000000;0.000000;0.000000;0.000000;2.000000;170.569000;-585.666992;2011.549683;1.051489;0.000000;0.000000;0.000000;0.000000;2.000000;76.678986;-600.864929;2094.067871;1.317818;0.000000;0.000000;0.000000;0.000000;2.000000;-114.126358;-476.990906;2238.745605;1.441235;0.000000;0.000000;0.000000;0.000000;2.000000;-284.311340;-358.585663;2325.871582;1.770666;0.000000;0.000000;0.000000;0.000000;1.000000;-311.014099;-287.808105;2261.587402;1.539005;0.000000;0.000000;0.000000;0.000000;1.000000;-338.004333;-237.647888;2177.342529;1.249928;0.000000;0.000000;0.000000;0.000000;1.000000;-188.878433;-300.045013;2274.023193;1.194711;0.000000;0.000000;0.000000;0.000000;1.000000;50.902222;-127.098999;1932.868408;0.180614;0.000000;0.000000;0.000000;0.000000;2.000000;-82.589096;-366.258728;1664.704956;0.575130;0.000000;0.000000;0.000000;0.000000;2.000000;-279.056458;-57.984253;1640.947998;0.999868;0.000000;0.000000;0.000000;0.000000;2.000000;-415.683472;-24.447693;1529.667725;1.411032;0.000000;0.000000;0.000000;0.000000;2.000000;-45.900772;-170.650879;2060.535645;0.162865;0.000000;0.000000;0.000000;0.000000;2.000000;-313.398865;-428.012665;1966.607788;0.892272;0.000000;0.000000;0.000000;0.000000;2.000000;-437.795898;-79.363403;1968.653442;0.753595;0.000000;0.000000;0.000000;0.000000;2.000000;-597.962463;-45.940796;1947.077881;2.457511;0.000000;0.000000;0.000000;0.000000;1.000000;213.601837;-682.091003;1960.826782;1.261088;0.000000;0.000000;0.000000;0.000000;2.000000;175.239838;-666.916443;1812.604126;1.175895;0.000000;0.000000;0.000000;0.000000;2.000000;216.123428;-699.627441;1824.034302;1.133582;0.000000;0.000000;0.000000;0.000000;2.000000;298.232269;-707.138000;1913.114258;1.225857;0.000000;0.000000;0.000000;0.000000;2.000000;168.265442;-711.955872;1832.015015;1.071259;0.000000;0.000000;0.000000;0.000000;2.000000;152.663239;-761.455383;1946.225830;1.033189;0.000000;0.000000;0.000000;0.000000;2.000000;4985133568.000000
0.000000;-150.000000;2000.000000;0.000000;0.000000;0.000000;0.000000;0.000000;2.000000;108.846848;-276.242035;2038.299683;0.273699;0.000000;0.000000;0.000000;0.000000;2.000000;150.457825;-406.089630;2028.128418;0.453667;0.000000;0.000000;0.000000;0.000000;2.000000;210.389847;-603.142578;1998.184204;0.567539;0.000000;0.000000;0.000000;0.000000;2.000000;223.066864;-560.830383;1982.155518;0.573723;0.000000;0.000000;0.000000;0.000000;2.000000;303.296539;-488.596161;1897.738525;0.351456;0.000000;0.000000;0.000000;0.000000;2.000000;318.730225;-224.701233;1915.155640;0.337323;0.000000;0.000000;0.000000;0.000000;2.000000;324.682617;-2.801331;1927.961304;0.158808;0.000000;0.000000;0.000000;0.000000;2.000000;383.240479;67.856934;1937.959473;0.226923;0.000000;0.000000;0.000000;0.000000;2.000000;414.971802;80.513916;1840.167236;0.241792;0.000000;0.000000;0.000000;0.000000;2.000000;364.932098;78.064148;1843.974854;0.256124;0.000000;0.000000;0.000000;0.000000;2.000000;179.345718;-580.110352;2025.501831;0.522672;0.000000;0.000000;0.000000;0.000000;2.000000;81.397583;-599.251465;2102.537354;0.295329;0.000000;0.000000;0.000000;0.000000;2.000000;-142.505661;-469.554291;2179.405518;1.989068;0.000000;0.000000;0.000000;0.000000;2.000000;-330.929565;-356.843048;2229.317627;3.222152;0.000000;0.000000;0.000000;0.000000;1.000000;-363.982910;-263.208038;2224.929199;2.071941;0.000000;0.000000;0.000000;0.000000;1.000000;-399.806213;-173.682922;2192.230469;2.709770;0.000000;0.000000;0.000000;0.000000;1.000000;-227.953354;-294.006622;2293.092773;1.319025;0.000000;0.000000;0.000000;0.000000;1.000000;48.860825;-128.910095;1930.654419;0.105593;0.000000;0.000000;0.000000;0.000000;2.000000;-97.761246;-338.253540;1644.351807;1.135776;0.000000;0.000000;0.000000;0.000000;2.000000;-336.159790;-65.986633;1584.641479;2.421669;0.000000;0.000000;0.000000;0.000000;2.000000;-476.041382;-55.515076;1472.490234;2.666930;0.000000;0.000000;0.000000;0.000000;2.000000;-44.059952;-169.017700;2062.531982;0.095216;0.000000;0.000000;0.000000;0.000000;2.000000;-302.479919;-434.474670;1963.907959;0.389780;0.000000;0.000000;0.000000;0.000000;2.000000;-384.792297;-73.107666;1967.407593;1.604148;0.000000;0.000000;0.000000;0.000000;1.000000;-535.876099;-11.710144;1940.814209;2.138631;0.000000;0.000000;0.000000;0.000000;1.000000;223.903976;-677.512695;1977.715942;0.610160;0.000000;0.000000;0.000000;0.000000;2.000000;188.473938;-668.941589;1828.044312;0.614071;0.000000;0.000000;0.000000;0.000000;2.000000;228.855804;-701.489441;1841.798218;0.659100;0.000000;0.000000;0.000000;0.000000;2.000000;309.277893;-705.565430;1932.823242;0.680523;0.000000;0.000000;0.000000;0.000000;2.000000;180.675308;-713.011780;1849.422852;0.643164;0.000000;0.000000;0.000000;0.000000;2.000000;162.392502;-757.018127;1965.637329;0.665925;0.000000;0.000000;0.000000;0.000000;2.000000;4985166848.000000
0.000000;-150.000000;2000.000000;0.000000;0.000000;0.000000;0.000000;0.000000;2.000000;116.277023;-269.600616;2044.098267;0.346453;0.000000;0.000000;0.000000;0.000000;2.000000;162.658325;-399.453705;2040.467896;0.558240;0.000000;0.000000;0.000000;0.000000;2.000000;223.626678;-599.490295;2021.671143;0.817501;0.000000;0.000000;0.000000;0.000000;2.000000;235.802795;-557.868835;2002.528931;0.727418;0.000000;0.000000;0.000000;0.000000;2.000000;311.235748;-496.739685;1904.109741;0.391710;0.000000;0.000000;0.000000;0.000000;2.000000;321.552124;-230.396088;1923.576538;0.317012;0.000000;0.000000;0.000000;0.000000;2.000000;328.738708;-6.766846;1939.462402;0.385334;0.000000;0.000000;0.000000;0.000000;2.000000;388.845642;63.698730;1949.166992;0.396722;0.000000;0.000000;0.000000;0.000000;2.000000;420.781860;70.811584;1849.920654;0.448735;0.000000;0.000000;0.000000;0.000000;2.000000;371.067505;72.316589;1853.810547;0.388793;0.000000;0.000000;0.000000;0.000000;2.000000;192.782761;-574.683411;2048.380615;0.813767;0.000000;0.000000;0.000000;0.000000;2.000000;92.049500;-591.501038;2124.183105;0.761392;0.000000;0.000000;0.000000;0.000000;2.000000;-143.225342;-477.939911;2201.007813;0.696633;0.000000;0.000000;0.000000;0.000000;2.000000;-339.363434;-383.328644;2265.618164;1.373807;0.000000;0.000000;0.000000;0.000000;2.000000;-383.888275;-297.847351;2237.966309;1.262760;0.000000;0.000000;0.000000;0.000000;1.000000;-433.983856;-213.470551;2207.605713;1.642386;0.000000;0.000000;0.000000;0.000000;1.000000;-243.226288;-298.294373;2313.010742;0.765119;0.000000;0.000000;0.000000;0.000000;1.000000;46.707916;-131.291992;1927.580444;0.133563;0.000000;0.000000;0.000000;0.000000;2.000000;-118.322937;-315.932159;1629.970215;1.009122;0.000000;0.000000;0.000000;0.000000;2.000000;-383.222137;-66.596313;1562.370972;1.564582;0.000000;0.000000;0.000000;0.000000;2.000000;-516.913452;-74.902405;1440.375366;1.666994;0.000000;0.000000;0.000000;0.000000;2.000000;-42.118622;-166.869812;2065.303955;0.120440;0.000000;0.000000;0.000000;0.000000;2.000000;-278.953522;-461.844727;1984.834106;1.253590;0.000000;0.000000;0.000000;0.000000;2.000000;-402.618500;-109.299072;1969.875488;1.214508;0.000000;0.000000;0.000000;0.000000;2.000000;-559.651123;-62.130554;1939.836792;1.675278;0.000000;0.000000;0.000000;0.000000;1.000000;237.251297;-675.619629;2005.554932;0.929425;0.000000;0.000000;0.000000;0.000000;2.000000;187.919296;-672.093506;1858.231079;0.912138;0.000000;0.000000;0.000000;0.000000;2.000000;231.860443;-701.874634;1868.835205;0.817493;0.000000;0.000000;0.000000;0.000000;2.000000;320.810669;-698.901184;1953.157959;0.730433;0.000000;0.000000;0.000000;0.000000;2.000000;185.022430;-716.584778;1880.940552;0.962021;0.000000;0.000000;0.000000;0.000000;2.000000;179.986984;-760.003540;1999.874634;1.160133;0.000000;0.000000;0.000000;0.000000;2.000000;4985200128.000000
0.000000;-150.000000;2000.000000;0.000000;0.000000;0.000000;0.000000;0.000000;2.000000;120.336624;-260.518066;2049.331543;0.337771;0.000000;0.000000;0.000000;0.000000;2.000000;171.134964;-387.151642;2049.864746;0.530325;0.000000;0.000000;0.000000;0.000000;2.000000;221.288116;-587.023499;2023.934326;0.387156;0.000000;0.000000;0.000000;0.000000;2.000000;235.145233;-545.883240;2006.210571;0.377270;0.000000;0.000000;0.000000;0.000000;2.000000;311.262695;-496.040588;1904.113525;0.021022;0.000000;0.000000;0.000000;0.000000;2.000000;317.239777;-231.976593;1915.152832;0.288294;0.000000;0.000000;0.000000;0.000000;2.000000;322.804626;-10.367859;1924.640259;0.491795;0.000000;0.000000;0.000000;0.000000;2.000000;380.338104;60.394470;1937.616699;0.442335;0.000000;0.000000;0.000000;0.000000;2.000000;413.127533;66.323669;1839.764526;0.405234;0.000000;0.000000;0.000000;0.000000;2.000000;355.460205;66.400391;1839.590576;0.658867;0.000000;0.000000;0.000000;0.000000;2.000000;192.350998;-561.911316;2051.558350;0.395690;0.000000;0.000000;0.000000;0.000000;2.000000;87.585327;-577.499634;2119.448730;0.463931;0.000000;0.000000;0.000000;0.000000;2.000000;-51.412537;-533.291992;2345.904297;5.416030;0.000000;0.000000;0.000000;0.000000;2.000000;-161.329895;-500.977631;2539.190918;10.425396;0.000000;0.000000;0.000000;0.000000;2.000000;-105.524750;-508.327728;2620.858398;15.566951;0.000000;0.000000;0.000000;0.000000;0.000000;-67.381226;-496.250336;2714.254883;20.623035;0.000000;0.000000;0.000000;0.000000;0.000000;-52.123962;-486.917328;2466.095215;9.287412;0.000000;0.000000;0.000000;0.000000;0.000000;46.135742;-131.795105;1928.243774;0.030355;0.000000;0.000000;0.000000;0.000000;2.000000;-133.158691;-270.224426;1619.432739;1.478272;0.000000;0.000000;0.000000;0.000000;2.000000;-424.139893;-70.436707;1522.590820;1.718653;0.000000;0.000000;0.000000;0.000000;2.000000;-553.867432;-99.483765;1402.399292;1.755184;0.000000;0.000000;0.000000;0.000000;2.000000;-41.602600;-166.416199;2064.705566;0.027377;0.000000;0.000000;0.000000;0.000000;2.000000;-282.957764;-455.446991;1997.128418;0.433479;0.000000;0.000000;0.000000;0.000000;2.000000;-454.189880;-139.371216;1910.108276;2.538317;0.000000;0.000000;0.000000;0.000000;1.000000;-610.027100;-118.014465;1860.639160;3.282402;0.000000;0.000000;0.000000;0.000000;1.000000;230.808517;-662.323547;2005.333130;0.444005;0.000000;0.000000;0.000000;0.000000;2.000000;198.158752;-669.155945;1855.273071;0.332198;0.000000;0.000000;0.000000;0.000000;2.000000;237.591415;-700.670532;1873.134521;0.218295;0.000000;0.000000;0.000000;0.000000;2.000000;316.201447;-696.394226;1965.384521;0.399785;0.000000;0.000000;0.000000;0.000000;2.000000;189.179855;-710.465515;1881.014404;0.222305;0.000000;0.000000;0.000000;0.000000;2.000000;168.139465;-741.431885;2000.633423;0.662317;0.000000;0.000000;0.000000;0.000000;2.000000;4985233408.000000
0.000000;-150.000000;2000.000000;0.000000;0.000000;0.000000;0.000000;0.000000;2.000000;124.794113;-263.123871;2055.780518;0.248236;0.000000;0.000000;0.000000;0.000000;2.000000;179.265808;-394.092407;2056.752441;0.382125;0.000000;0.000000;0.000000;0.000000;2.000000;229.260254;-603.363770;2038.654419;0.702920;0.000000;0.000000;0.000000;0.000000;2.000000;243.686432;-561.627747;2018.007568;0.644467;0.000000;0.000000;0.000000;0.000000;2.000000;316.182953;-529.127563;1900.105591;1.012322;0.000000;0.000000;0.000000;0.000000;2.000000;321.978180;-254.676331;1913.390625;0.698794;0.000000;0.000000;0.000000;0.000000;2.000000;328.288727;-24.399109;1925.280151;0.453080;0.000000;0.000000;0.000000;0.000000;2.000000;390.222626;47.448669;1938.449951;0.490062;0.000000;0.000000;0.000000;0.000000;2.000000;432.912872;41.597900;1840.002319;0.951571;0.000000;0.000000;0.000000;0.000000;2.000000;362.937469;45.020813;1833.977173;0.701162;0.000000;0.000000;0.000000;0.000000;2.000000;199.891159;-575.682556;2066.627930;0.653912;0.000000;0.000000;0.000000;0.000000;2.000000;97.690033;-594.847290;2145.964844;0.999364;0.000000;0.000000;0.000000;0.000000;2.000000;-58.653870;-547.287109;2373.370605;0.951485;0.000000;0.000000;0.000000;0.000000;2.000000;-185.846924;-509.508331;2565.618164;1.113100;0.000000;0.000000;0.000000;0.000000;2.000000;-132.165161;-505.218018;2653.552246;1.270671;0.000000;0.000000;0.000000;0.000000;0.000000;-63.698700;-531.909668;2729.431641;1.169748;0.000000;0.000000;0.000000;0.000000;0.000000;-65.116608;-507.922668;2496.127441;1.168390;0.000000;0.000000;0.000000;0.000000;0.000000;50.959518;-129.340393;1927.889648;0.162981;0.000000;0.000000;0.000000;0.000000;2.000000;-143.859161;-259.577789;1606.009155;0.606974;0.000000;0.000000;0.000000;0.000000;2.000000;-464.250183;-89.939453;1490.428589;1.652262;0.000000;0.000000;0.000000;0.000000;2.000000;-595.064331;-131.776917;1364.527588;1.941370;0.000000;0.000000;0.000000;0.000000;2.000000;-45.952423;-168.629761;2065.025146;0.146968;0.000000;0.000000;0.000000;0.000000;2.000000;-251.493591;-501.137329;1991.720581;1.674852;0.000000;0.000000;0.000000;0.000000;2.000000;-438.444458;-169.549866;1937.427490;1.311491;0.000000;0.000000;0.000000;0.000000;2.000000;-597.822388;-136.089417;1883.909546;0.958326;0.000000;0.000000;0.000000;0.000000;1.000000;238.191711;-682.546753;2022.831055;0.833620;0.000000;0.000000;0.000000;0.000000;2.000000;201.552872;-683.528870;1867.278809;0.571892;0.000000;0.000000;0.000000;0.000000;2.000000;243.298615;-716.476440;1883.726440;0.596882;0.000000;0.000000;0.000000;0.000000;2.000000;326.663635;-714.952637;1978.299438;0.748593;0.000000;0.000000;0.000000;0.000000;2.000000;193.261856;-727.690613;1892.351196;0.631646;0.000000;0.000000;0.000000;0.000000;2.000000;174.043930;-765.401733;2015.591431;0.867322;0.000000;0.000000;0.000000;0.000000;2.000000;4985266688.000000
0.000000;-150.000000;2000.000000;0.000000;0.000000;0.000000;0.000000;0.000000;2.000000;132.372238;-256.761047;2059.493652;0.317574;0.000000;0.000000;0.000000;0.000000;2.000000;190.889801;-388.348450;2061.986816;0.420146;0.000000;0.000000;0.000000;0.000000;2.000000;241.396210;-601.523499;2053.331543;0.574921;0.000000;0.000000;0.000000;0.000000;2.000000;255.341873;-560.312378;2029.724854;0.498177;0.000000;0.000000;0.000000;0.000000;2.000000;330.568665;-539.956360;1908.204468;0.593252;0.000000;0.000000;0.000000;0.000000;2.000000;334.971069;-261.151764;1919.520630;0.473506;0.000000;0.000000;0.000000;0.000000;2.000000;339.873230;-27.198547;1929.678101;0.381716;0.000000;0.000000;0.000000;0.000000;2.000000;401.787231;46.257019;1944.749023;0.397315;0.000000;0.000000;0.000000;0.000000;2.000000;445.099304;35.826294;1845.137085;0.433554;0.000000;0.000000;0.000000;0.000000;2.000000;377.515778;37.595520;1834.119019;0.491616;0.000000;0.000000;0.000000;0.000000;2.000000;212.402878;-571.951721;2081.100098;0.585672;0.000000;0.000000;0.000000;0.000000;2.000000;120.048126;-595.465637;2173.597168;1.068213;0.000000;0.000000;0.000000;0.000000;2.000000;-53.909637;-545.520508;2392.910156;0.606512;0.000000;0.000000;0.000000;0.000000;2.000000;-197.434662;-504.166931;2577.164551;0.517076;0.000000;0.000000;0.000000;0.000000;2.000000;-149.653137;-472.503998;2664.784180;1.164607;0.000000;0.000000;0.000000;0.000000;0.000000;-59.773529;-510.175079;2709.582520;0.892275;0.000000;0.000000;0.000000;0.000000;0.000000;-67.139832;-509.206940;2519.489258;0.705661;0.000000;0.000000;0.000000;0.000000;0.000000;50.266342;-129.053406;1925.746704;0.068223;0.000000;0.000000;0.000000;0.000000;2.000000;-153.763184;-236.813049;1593.773315;0.831653;0.000000;0.000000;0.000000;0.000000;2.000000;-489.012482;-90.259583;1469.623413;0.971873;0.000000;0.000000;0.000000;0.000000;2.000000;-596.995361;-152.259888;1327.188721;1.281004;0.000000;0.000000;0.000000;0.000000;2.000000;-45.327362;-168.888489;2066.957520;0.061519;0.000000;0.000000;0.000000;0.000000;2.000000;-221.089447;-522.185913;1981.030762;1.156647;0.000000;0.000000;0.000000;0.000000;2.000000;-377.703705;-166.331055;1945.257446;1.842785;0.000000;0.000000;0.000000;0.000000;2.000000;-537.267456;-124.256958;1889.877808;1.862624;0.000000;0.000000;0.000000;0.000000;1.000000;250.097168;-682.664063;2041.265625;0.659408;0.000000;0.000000;0.000000;0.000000;2.000000;212.708893;-690.582581;1883.555664;0.629683;0.000000;0.000000;0.000000;0.000000;2.000000;256.083252;-722.146118;1901.371948;0.676553;0.000000;0.000000;0.000000;0.000000;2.000000;340.791138;-714.580872;1997.065063;0.705889;0.000000;0.000000;0.000000;0.000000;2.000000;205.643280;-734.680176;1910.672607;0.696848;0.000000;0.000000;0.000000;0.000000;2.000000;187.440552;-768.875793;2037.188477;0.770761;0.000000;0.000000;0.000000;0.000000;2.000000;4985299968.000000
0.000000;-150.000000;2000.000000;0.000000;0.000000;0.000000;0.000000;0.000000;2.000000;131.610123;-255.303345;2061.778320;0.084592;0.000000;0.000000;0.000000;0.000000;2.000000;190.388580;-386.227325;2062.632324;0.068303;0.000000;0.000000;0.000000;0.000000;2.000000;242.814575;-598.295959;2061.062012;0.255301;0.000000;0.000000;0.000000;0.000000;2.000000;256.231903;-557.919861;2036.117310;0.206830;0.000000;0.000000;0.000000;0.000000;2.000000;329.101990;-540.861816;1913.276367;0.160961;0.000000;0.000000;0.000000;0.000000;2.000000;334.338470;-262.931854;1920.161011;0.059938;0.000000;0.000000;0.000000;0.000000;2.000000;340.571106;-29.730591;1926.905884;0.114748;0.000000;0.000000;0.000000;0.000000;2.000000;400.903839;43.905212;1944.960815;0.075756;0.000000;0.000000;0.000000;0.000000;2.000000;444.253265;34.364868;1845.705811;0.053541;0.000000;0.000000;0.000000;0.000000;2.000000;378.824219;37.826660;1834.107422;0.039926;0.000000;0.000000;0.000000;0.000000;2.000000;213.709488;-568.195923;2087.805908;0.234262;0.000000;0.000000;0.000000;0.000000;2.000000;120.504074;-583.100342;2180.552246;0.426515;0.000000;0.000000;0.000000;0.000000;2.000000;-57.398285;-542.718384;2397.331543;0.189019;0.000000;0.000000;0.000000;0.000000;2.000000;-204.313507;-509.175964;2579.391357;0.264299;0.000000;0.000000;0.000000;0.000000;2.000000;-159.904633;-472.044678;2666.185303;0.311208;0.000000;0.000000;0.000000;0.000000;0.000000;-66.817261;-505.880859;2706.328857;0.266465;0.000000;0.000000;0.000000;0.000000;0.000000;-73.212524;-508.316040;2524.679932;0.241536;0.000000;0.000000;0.000000;0.000000;0.000000;52.117126;-127.071289;1928.054321;0.106995;0.000000;0.000000;0.000000;0.000000;2.000000;-161.623413;-231.384033;1602.929688;0.397608;0.000000;0.000000;0.000000;0.000000;2.000000;-485.722382;-92.039429;1448.807861;0.635486;0.000000;0.000000;0.000000;0.000000;2.000000;-601.605835;-143.856567;1309.449463;0.605865;0.000000;0.000000;0.000000;0.000000;2.000000;-46.996338;-170.675842;2064.876465;0.096486;0.000000;0.000000;0.000000;0.000000;2.000000;-222.715118;-521.702332;1976.410156;0.147898;0.000000;0.000000;0.000000;0.000000;2.000000;-343.716278;-152.863708;1950.680054;1.110527;0.000000;0.000000;0.000000;0.000000;2.000000;-462.708954;-34.297119;1907.520020;3.550634;0.000000;0.000000;0.000000;0.000000;2.000000;252.260117;-679.416199;2051.762939;0.336512;0.000000;0.000000;0.000000;0.000000;2.000000;204.299408;-680.959839;1897.356812;0.565182;0.000000;0.000000;0.000000;0.000000;2.000000;247.396347;-714.475342;1911.192261;0.456436;0.000000;0.000000;0.000000;0.000000;2.000000;338.216980;-712.986023;2000.754761;0.143426;0.000000;0.000000;0.000000;0.000000;2.000000;197.437210;-725.460754;1923.487549;0.534619;0.000000;0.000000;0.000000;0.000000;2.000000;186.512238;-762.872803;2049.432617;0.410700;0.000000;0.000000;0.000000;0.000000;2.000000;4985333248.000000
0.000000;-150.000000;2000.000000;0.000000;0.000000;0.000000;0.000000;0.000000;2.000000;135.381729;-259.589966;2057.408936;0.216036;0.000000;0.000000;0.000000;0.000000;2.000000;201.165466;-390.619415;2057.505859;0.382110;0.000000;0.000000;0.000000;0.000000;2.000000;252.088318;-607.740356;2066.084473;0.425394;0.000000;0.000000;0.000000;0.000000;2.000000;267.529083;-567.564636;2039.888672;0.460502;0.000000;0.000000;0.000000;0.000000;2.000000;340.994629;-558.067627;1912.974731;0.628548;0.000000;0.000000;0.000000;0.000000;2.000000;345.074005;-274.162048;1921.780884;0.469359;0.000000;0.000000;0.000000;0.000000;2.000000;350.220337;-35.939636;1930.113159;0.357997;0.000000;0.000000;0.000000;0.000000;2.000000;412.561462;39.089233;1946.921143;0.383554;0.000000;0.000000;0.000000;0.000000;2.000000;449.307373;18.626709;1844.115234;0.498982;0.000000;0.000000;0.000000;0.000000;2.000000;394.352112;25.356323;1830.371216;0.608860;0.000000;0.000000;0.000000;0.000000;2.000000;221.430695;-575.733337;2090.819336;0.336633;0.000000;0.000000;0.000000;0.000000;2.000000;121.635162;-587.834351;2181.209473;0.147579;0.000000;0.000000;0.000000;0.000000;2.000000;-68.629120;-546.922363;2395.463379;0.364679;0.000000;0.000000;0.000000;0.000000;2.000000;-225.621552;-512.760925;2575.687012;0.658736;0.000000;0.000000;0.000000;0.000000;2.000000;-185.296509;-466.921112;2663.048340;0.784041;0.000000;0.000000;0.000000;0.000000;0.000000;-87.260468;-505.510773;2691.687988;0.755646;0.000000;0.000000;0.000000;0.000000;0.000000;-87.735443;-515.586670;2531.193848;0.525806;0.000000;0.000000;0.000000;0.000000;0.000000;52.267151;-123.813232;1926.732544;0.105744;0.000000;0.000000;0.000000;0.000000;2.000000;-187.364044;-198.410278;1600.586792;1.258917;0.000000;0.000000;0.000000;0.000000;2.000000;-515.313477;-76.602600;1420.878052;1.307697;0.000000;0.000000;0.000000;0.000000;2.000000;-604.106445;-146.041809;1264.734863;1.347288;0.000000;0.000000;0.000000;0.000000;2.000000;-47.131592;-173.613708;2066.068604;0.095355;0.000000;0.000000;0.000000;0.000000;2.000000;-211.170227;-530.194092;1943.854980;1.068814;0.000000;0.000000;0.000000;0.000000;2.000000;-309.773529;-146.589111;1976.708374;1.299021;0.000000;0.000000;0.000000;0.000000;2.000000;-447.767242;-65.649963;1900.548706;1.064421;0.000000;0.000000;0.000000;0.000000;2.000000;261.178436;-690.993652;2059.960938;0.503501;0.000000;0.000000;0.000000;0.000000;2.000000;205.492996;-680.574890;1904.796143;0.226692;0.000000;0.000000;0.000000;0.000000;2.000000;249.708099;-716.100830;1914.466919;0.129972;0.000000;0.000000;0.000000;0.000000;2.000000;346.314789;-722.035706;2001.728638;0.366069;0.000000;0.000000;0.000000;0.000000;2.000000;199.132019;-727.823730;1928.369141;0.170735;0.000000;0.000000;0.000000;0.000000;2.000000;193.046600;-775.325623;2054.252930;0.446703;0.000000;0.000000;0.000000;0.000000;2.000000;4985366528.000000
0.000000;-150.000000;2000.000000;0.000000;0.000000;0.000000;0.000000;0.000000;2.000000;135.039673;-256.279114;2057.726563;0.100469;0.000000;0.000000;0.000000;0.000000;2.000000;209.985291;-380.261841;2061.615234;0.427016;0.000000;0.000000;0.000000;0.000000;2.000000;258.100800;-595.497498;2066.667480;0.410217;0.000000;0.000000;0.000000;0.000000;2.000000;274.326752;-555.399902;2041.979980;0.423414;0.000000;0.000000;0.000000;0.000000;2.000000;349.357269;-549.895081;1917.722778;0.379211;0.000000;0.000000;0.000000;0.000000;2.000000;351.906372;-269.196503;1924.753784;0.269054;0.000000;0.000000;0.000000;0.000000;2.000000;355.175079;-33.634216;1931.318481;0.168154;0.000000;0.000000;0.000000;0.000000;2.000000;416.973511;40.707703;1946.417969;0.142019;0.000000;0.000000;0.000000;0.000000;2.000000;456.135712;19.352356;1846.090576;0.214701;0.000000;0.000000;0.000000;0.000000;2.000000;400.152832;23.956848;1831.587524;0.182988;0.000000;0.000000;0.000000;0.000000;2.000000;227.539398;-564.084839;2091.087891;0.395307;0.000000;0.000000;0.000000;0.000000;2.000000;128.065475;-588.242493;2176.986572;0.231484;0.000000;0.000000;0.000000;0.000000;2.000000;-112.361847;-539.191895;2324.119629;2.525155;0.000000;0.000000;0.000000;0.000000;2.000000;-312.670563;-498.248688;2447.239746;4.682763;0.000000;0.000000;0.000000;0.000000;1.000000;-299.582916;-447.927765;2538.867188;5.103141;0.000000;0.000000;0.000000;0.000000;0.000000;-219.433685;-473.863678;2606.326660;4.822492;0.000000;0.000000;0.000000;0.000000;0.000000;-174.151703;-498.202454;2497.056396;2.840353;0.000000;0.000000;0.000000;0.000000;0.000000;53.388336;-119.906982;1930.512451;0.166770;0.000000;0.000000;0.000000;0.000000;2.000000;-193.042908;-171.001892;1610.919922;0.896542;0.000000;0.000000;0.000000;0.000000;2.000000;-501.924774;-43.875366;1411.998047;1.095492;0.000000;0.000000;0.000000;0.000000;2.000000;-595.722534;-120.471619;1265.124268;0.808665;0.000000;0.000000;0.000000;0.000000;2.000000;-48.142609;-177.136108;2062.660156;0.150381;0.000000;0.000000;0.000000;0.000000;2.000000;-199.432465;-529.616699;1928.528687;0.580328;0.000000;0.000000;0.000000;0.000000;2.000000;-293.268829;-150.429016;1970.326172;0.544096;0.000000;0.000000;0.000000;0.000000;2.000000;-435.209442;-67.708191;1909.625977;0.469685;0.000000;0.000000;0.000000;0.000000;2.000000;266.452026;-677.730103;2059.069336;0.429727;0.000000;0.000000;0.000000;0.000000;2.000000;215.310608;-677.719910;1904.004883;0.308139;0.000000;0.000000;0.000000;0.000000;2.000000;257.844574;-713.067627;1917.276489;0.274239;0.000000;0.000000;0.000000;0.000000;2.000000;351.101624;-714.720337;2006.124390;0.294028;0.000000;0.000000;0.000000;0.000000;2.000000;207.256119;-722.361633;1930.576172;0.301540;0.000000;0.000000;0.000000;0.000000;2.000000;197.094635;-759.612549;2057.987793;0.500313;0.000000;0.000000;0.000000;0.000000;2.000000;4985399808.000000
0.000000;-150.000000;2000.000000;0.000000;0.000000;0.000000;0.000000;0.000000;2.000000;137.064224;-253.939270;2054.521973;0.133851;0.000000;0.000000;0.000000;0.000000;2.000000;214.161072;-375.866730;2055.648438;0.255597;0.000000;0.000000;0.000000;0.000000;2.000000;263.954651;-589.503235;2065.735840;0.253309;0.000000;0.000000;0.000000;0.000000;2.000000;280.395294;-549.857422;2040.921021;0.248996;0.000000;0.000000;0.000000;0.000000;2.000000;360.850891;-548.575195;1920.788086;0.359626;0.000000;0.000000;0.000000;0.000000;2.000000;363.723114;-269.252899;1930.635498;0.396627;0.000000;0.000000;0.000000;0.000000;2.000000;355.324890;-34.809204;1931.525024;0.036129;0.000000;0.000000;0.000000;0.000000;2.000000;416.550201;40.508484;1939.578613;0.205990;0.000000;0.000000;0.000000;0.000000;2.000000;461.687256;16.745056;1842.919678;0.207467;0.000000;0.000000;0.000000;0.000000;2.000000;391.983856;22.904236;1832.286011;0.248380;0.000000;0.000000;0.000000;0.000000;2.000000;232.573944;-558.129333;2088.648926;0.245519;0.000000;0.000000;0.000000;0.000000;2.000000;131.771973;-580.375122;2172.541504;0.293476;0.000000;0.000000;0.000000;0.000000;2.000000;-119.738617;-539.468506;2299.739502;0.765421;0.000000;0.000000;0.000000;0.000000;2.000000;-339.634003;-509.763641;2384.598145;2.078230;0.000000;0.000000;0.000000;0.000000;1.000000;-346.655914;-450.674683;2470.950684;2.484390;0.000000;0.000000;0.000000;0.000000;0.000000;-273.674835;-466.489746;2548.180420;2.399610;0.000000;0.000000;0.000000;0.000000;0.000000;-216.881500;-494.159393;2461.118896;1.682071;0.000000;0.000000;0.000000;0.000000;0.000000;51.894104;-117.825073;1930.879517;0.077788;0.000000;0.000000;0.000000;0.000000;2.000000;-199.327362;-132.560730;1613.649414;1.173287;0.000000;0.000000;0.000000;0.000000;2.000000;-503.648102;-30.629883;1397.420166;0.594107;0.000000;0.000000;0.000000;0.000000;2.000000;-573.665161;-105.451843;1238.031860;1.142665;0.000000;0.000000;0.000000;0.000000;2.000000;-46.795166;-179.013489;2062.329102;0.070146;0.000000;0.000000;0.000000;0.000000;2.000000;-188.291748;-526.767090;1911.804321;0.609865;0.000000;0.000000;0.000000;0.000000;2.000000;-285.180267;-151.577087;1964.421021;0.302896;0.000000;0.000000;0.000000;0.000000;2.000000;-429.024445;-72.269958;1906.000732;0.255331;0.000000;0.000000;0.000000;0.000000;2.000000;273.259552;-671.388855;2059.835938;0.280498;0.000000;0.000000;0.000000;0.000000;2.000000;224.981552;-663.697937;1904.830933;0.512428;0.000000;0.000000;0.000000;0.000000;2.000000;265.353363;-701.327148;1917.452026;0.418793;0.000000;0.000000;0.000000;0.000000;2.000000;356.515015;-710.467651;2007.161133;0.209185;0.000000;0.000000;0.000000;0.000000;2.000000;214.397247;-708.558716;1929.609619;0.467873;0.000000;0.000000;0.000000;0.000000;2.000000;200.405914;-749.357666;2054.917480;0.336691;0.000000;0.000000;0.000000;0.000000;2.000000;4985433088.000000
0.000000;-150.000000;2000.000000;0.000000;0.000000;0.000000;0.000000;0.000000;2.000000;135.348923;-256.161926;2048.784668;0.189022;0.000000;0.000000;0.000000;0.000000;2.000000;215.686325;-374.365936;2046.286743;0.284184;0.000000;0.000000;0.000000;0.000000;2.000000;265.312988;-585.930664;2057.293457;0.274244;0.000000;0.000000;0.000000;0.000000;2.000000;282.023102;-546.604126;2033.058960;0.256359;0.000000;0.000000;0.000000;0.000000;2.000000;362.345520;-542.841980;1914.483643;0.256024;0.000000;0.000000;0.000000;0.000000;2.000000;363.129028;-266.224457;1928.107544;0.118056;0.000000;0.000000;0.000000;0.000000;2.000000;354.227631;-33.995972;1932.969238;0.058823;0.000000;0.000000;0.000000;0.000000;2.000000;416.270782;39.678284;1938.982788;0.031350;0.000000;0.000000;0.000000;0.000000;2.000000;461.038513;17.505371;1842.901123;0.029582;0.000000;0.000000;0.000000;0.000000;2.000000;391.499390;19.720825;1832.299805;0.095292;0.000000;0.000000;0.000000;0.000000;2.000000;233.672882;-554.922607;2079.340332;0.293164;0.000000;0.000000;0.000000;0.000000;2.000000;132.600677;-576.197510;2161.214844;0.358100;0.000000;0.000000;0.000000;0.000000;2.000000;-110.123779;-543.822205;2301.464355;0.316484;0.000000;0.000000;0.000000;0.000000;2.000000;-312.185822;-516.696472;2419.127930;1.321368;0.000000;0.000000;0.000000;0.000000;2.000000;-342.049164;-450.282837;2493.254395;0.674061;0.000000;0.000000;0.000000;0.000000;0.000000;-253.657074;-450.223999;2552.562256;0.774227;0.000000;0.000000;0.000000;0.000000;0.000000;-195.276367;-486.613739;2481.049316;0.898053;0.000000;0.000000;0.000000;0.000000;0.000000;52.481888;-112.957031;1935.004272;0.189618;0.000000;0.000000;0.000000;0.000000;2.000000;-218.534912;-105.326355;1639.250610;1.243624;0.000000;0.000000;0.000000;0.000000;2.000000;-503.017548;-36.264832;1391.603394;0.240386;0.000000;0.000000;0.000000;0.000000;2.000000;-556.448730;-97.313354;1222.282227;0.731302;0.000000;0.000000;0.000000;0.000000;2.000000;-47.325195;-183.403259;2058.609619;0.170988;0.000000;0.000000;0.000000;0.000000;2.000000;-181.721832;-519.230652;1886.013062;0.818577;0.000000;0.000000;0.000000;0.000000;2.000000;-285.448456;-151.715759;1951.680664;0.377129;0.000000;0.000000;0.000000;0.000000;2.000000;-422.839691;-62.274719;1897.236450;0.433884;0.000000;0.000000;0.000000;0.000000;2.000000;274.849487;-667.043762;2051.632813;0.278705;0.000000;0.000000;0.000000;0.000000;2.000000;217.329163;-662.847351;1901.269165;0.251049;0.000000;0.000000;0.000000;0.000000;2.000000;258.215240;-699.728027;1911.989136;0.270176;0.000000;0.000000;0.000000;0.000000;2.000000;354.042053;-706.598938;1995.129517;0.381095;0.000000;0.000000;0.000000;0.000000;2.000000;208.624771;-706.799194;1927.367188;0.190514;0.000000;0.000000;0.000000;0.000000;2.000000;202.853622;-744.619263;2052.981445;0.167904;0.000000;0.000000;0.000000;0.000000;2.000000;4985466880.000000
0.000000;-150.000000;2000.000000;0.000000;0.000000;0.000000;0.000000;0.000000;2.000000;138.632950;-255.748901;2048.112061;0.101489;0.000000;0.000000;0.000000;0.000000;2.000000;222.580017;-373.466644;2045.788696;0.209433;0.000000;0.000000;0.000000;0.000000;2.000000;268.196350;-588.576477;2055.627197;0.127803;0.000000;0.000000;0.000000;0.000000;2.000000;285.707855;-549.079895;2031.073853;0.146120;0.000000;0.000000;0.000000;0.000000;2.000000;369.259644;-547.471680;1912.658936;0.255971;0.000000;0.000000;0.000000;0.000000;2.000000;377.387268;-268.414490;1936.257324;0.497849;0.000000;0.000000;0.000000;0.000000;2.000000;362.218231;-33.779907;1939.731079;0.314600;0.000000;0.000000;0.000000;0.000000;2.000000;424.897064;40.986206;1943.258667;0.291956;0.000000;0.000000;0.000000;0.000000;2.000000;468.572754;11.093933;1847.339722;0.325814;0.000000;0.000000;0.000000;0.000000;2.000000;399.335510;17.558655;1836.724365;0.278097;0.000000;0.000000;0.000000;0.000000;2.000000;237.121552;-556.600220;2078.381592;0.118783;0.000000;0.000000;0.000000;0.000000;2.000000;136.653809;-569.993652;2165.009766;0.250171;0.000000;0.000000;0.000000;0.000000;2.000000;-74.086945;-538.475647;2354.980957;1.945312;0.000000;0.000000;0.000000;0.000000;2.000000;-249.101593;-512.142700;2514.294434;3.433513;0.000000;0.000000;0.000000;0.000000;2.000000;-220.946136;-466.293427;2604.597900;4.966544;0.000000;0.000000;0.000000;0.000000;0.000000;-205.649414;-529.367798;2518.673584;2.961972;0.000000;0.000000;0.000000;0.000000;0.000000;-128.407501;-468.507324;2456.164551;2.211861;0.000000;0.000000;0.000000;0.000000;0.000000;52.247101;-111.442871;1934.199463;0.052006;0.000000;0.000000;0.000000;0.000000;2.000000;-214.203766;-95.521545;1628.437134;0.457505;0.000000;0.000000;0.000000;0.000000;2.000000;-506.628265;-13.822327;1387.029053;0.696719;0.000000;0.000000;0.000000;0.000000;2.000000;-553.175049;-81.870178;1215.920410;0.511419;0.000000;0.000000;0.000000;0.000000;2.000000;-47.113525;-184.768738;2059.335205;0.046896;0.000000;0.000000;0.000000;0.000000;2.000000;-176.819733;-517.840698;1867.958374;0.563699;0.000000;0.000000;0.000000;0.000000;2.000000;-277.984283;-148.062866;1949.672241;0.256891;0.000000;0.000000;0.000000;0.000000;2.000000;-413.932648;-65.674377;1877.093262;0.669635;0.000000;0.000000;0.000000;0.000000;2.000000;275.982147;-670.800964;2049.506836;0.134108;0.000000;0.000000;0.000000;0.000000;2.000000;217.429749;-672.890625;1897.491455;0.322438;0.000000;0.000000;0.000000;0.000000;2.000000;259.841217;-708.673340;1909.372681;0.284281;0.000000;0.000000;0.000000;0.000000;2.000000;357.086029;-710.302917;1993.398438;0.153162;0.000000;0.000000;0.000000;0.000000;2.000000;209.922821;-716.745117;1925.274292;0.307881;0.000000;0.000000;0.000000;0.000000;2.000000;205.385071;-751.207581;2053.482178;0.212610;0.000000;0.000000;0.000000;0.000000;2.000000;4985500160.000000
0.000000;-150.000000;2000.000000;0.000000;0.000000;0.000000;0.000000;0.000000;2.000000;139.035461;-251.625366;2063.528320;0.479666;0.000000;0.000000;0.000000;0.000000;2.000000;229.711609;-366.530670;2073.991211;0.898608;0.000000;0.000000;0.000000;0.000000;2.000000;280.713318;-582.822449;2051.308594;0.433811;0.000000;0.000000;0.000000;0.000000;2.000000;298.203064;-539.023743;2033.445679;0.487189;0.000000;0.000000;0.000000;0.000000;2.000000;380.886078;-480.061127;1927.048828;2.100450;0.000000;0.000000;0.000000;0.000000;2.000000;377.285095;-195.932190;1937.023438;2.178078;0.000000;0.000000;0.000000;0.000000;2.000000;371.070007;42.520264;1944.081909;2.311750;0.000000;0.000000;0.000000;0.000000;1.000000;436.157593;96.741028;1892.704956;2.286633;0.000000;0.000000;0.000000;0.000000;1.000000;419.975708;29.068115;1805.994385;1.991846;0.000000;0.000000;0.000000;0.000000;1.000000;400.077942;7.104919;1813.450806;0.766956;0.000000;0.000000;0.000000;0.000000;1.000000;247.854889;-554.958008;2078.228271;0.326302;0.000000;0.000000;0.000000;0.000000;2.000000;138.868896;-570.549072;2156.891113;0.253417;0.000000;0.000000;0.000000;0.000000;2.000000;-74.599457;-544.423462;2351.000000;0.215609;0.000000;0.000000;0.000000;0.000000;2.000000;-252.341644;-522.684570;2513.278320;0.332790;0.000000;0.000000;0.000000;0.000000;2.000000;-224.487091;-469.941193;2601.720703;0.175525;0.000000;0.000000;0.000000;0.000000;0.000000;-207.069702;-539.153198;2518.966797;0.297244;0.000000;0.000000;0.000000;0.000000;0.000000;-130.449799;-476.328064;2452.877441;0.262194;0.000000;0.000000;0.000000;0.000000;0.000000;57.609772;-110.224915;1937.545410;0.193424;0.000000;0.000000;0.000000;0.000000;2.000000;-215.638824;-93.816101;1629.764038;0.077943;0.000000;0.000000;0.000000;0.000000;2.000000;-512.791016;-9.770508;1385.636353;0.225533;0.000000;0.000000;0.000000;0.000000;2.000000;-565.216064;-78.520020;1213.361938;0.383340;0.000000;0.000000;0.000000;0.000000;2.000000;-51.949280;-185.867004;2056.317871;0.174421;0.000000;0.000000;0.000000;0.000000;2.000000;-170.134918;-517.954712;1844.072144;0.745321;0.000000;0.000000;0.000000;0.000000;2.000000;-284.667328;-148.053162;1935.142944;0.480547;0.000000;0.000000;0.000000;0.000000;2.000000;-408.755768;-49.523621;1855.492920;0.825213;0.000000;0.000000;0.000000;0.000000;2.000000;290.680450;-664.117981;2032.450928;0.705718;0.000000;0.000000;0.000000;0.000000;2.000000;220.875671;-681.305664;1883.566528;0.499730;0.000000;0.000000;0.000000;0.000000;2.000000;261.630127;-719.347229;1898.004639;0.471635;0.000000;0.000000;0.000000;0.000000;2.000000;365.472351;-718.406555;1976.929443;0.606366;0.000000;0.000000;0.000000;0.000000;2.000000;211.703430;-720.873230;1917.975342;0.257585;0.000000;0.000000;0.000000;0.000000;2.000000;213.246338;-737.882446;2051.695801;0.467969;0.000000;0.000000;0.000000;0.000000;2.000000;4985533440.000000
0.000000;-150.000000;2000.000000;0.000000;0.000000;0.000000;0.000000;0.000000;2.000000;138.987228;-253.717468;2061.882324;0.080001;0.000000;0.000000;0.000000;0.000000;2.000000;230.684448;-368.489227;2071.261230;0.105105;0.000000;0.000000;0.000000;0.000000;2.000000;279.576904;-585.326172;2042.983276;0.263450;0.000000;0.000000;0.000000;0.000000;2.000000;297.513916;-541.139526;2026.103271;0.230534;0.000000;0.000000;0.000000;0.000000;2.000000;383.789917;-493.221405;1916.429688;0.515560;0.000000;0.000000;0.000000;0.000000;2.000000;387.077423;-210.151672;1951.151855;0.670345;0.000000;0.000000;0.000000;0.000000;2.000000;361.501038;27.393799;1966.000854;0.850321;0.000000;0.000000;0.000000;0.000000;1.000000;417.555298;81.164917;1904.004272;0.804220;0.000000;0.000000;0.000000;0.000000;1.000000;416.453278;31.808289;1804.005127;0.146816;0.000000;0.000000;0.000000;0.000000;1.000000;399.827087;7.815918;1828.270630;0.445883;0.000000;0.000000;0.000000;0.000000;1.000000;246.979218;-557.722961;2070.773193;0.240366;0.000000;0.000000;0.000000;0.000000;2.000000;138.232956;-574.805908;2150.178711;0.239597;0.000000;0.000000;0.000000;0.000000;2.000000;-99.019836;-541.593811;2314.678223;1.317886;0.000000;0.000000;0.000000;0.000000;2.000000;-313.191833;-511.935730;2424.283203;3.255528;0.000000;0.000000;0.000000;0.000000;1.000000;-308.537476;-472.717804;2523.736328;3.446207;0.000000;0.000000;0.000000;0.000000;0.000000;-225.064697;-543.630432;2519.271729;0.557275;0.000000;0.000000;0.000000;0.000000;0.000000;-166.235443;-482.567810;2447.741699;1.102368;0.000000;0.000000;0.000000;0.000000;0.000000;58.220673;-108.484009;1938.819336;0.067370;0.000000;0.000000;0.000000;0.000000;2.000000;-204.232239;-91.319824;1620.160889;0.454275;0.000000;0.000000;0.000000;0.000000;2.000000;-494.573730;-6.289307;1366.394287;0.803046;0.000000;0.000000;0.000000;0.000000;2.000000;-529.518127;-91.409119;1196.340820;1.249866;0.000000;0.000000;0.000000;0.000000;2.000000;-52.500122;-187.436829;2055.169434;0.060744;0.000000;0.000000;0.000000;0.000000;2.000000;-176.011597;-510.029114;1829.268433;0.534569;0.000000;0.000000;0.000000;0.000000;2.000000;-302.903503;-144.334229;1926.167236;0.620878;0.000000;0.000000;0.000000;0.000000;2.000000;-428.965576;-51.503113;1841.688843;0.737806;0.000000;0.000000;0.000000;0.000000;2.000000;288.693390;-666.476868;2022.022583;0.326769;0.000000;0.000000;0.000000;0.000000;2.000000;219.783539;-685.770264;1872.409790;0.362572;0.000000;0.000000;0.000000;0.000000;2.000000;260.975830;-723.364502;1887.477905;0.339129;0.000000;0.000000;0.000000;0.000000;2.000000;364.633057;-720.618958;1967.269775;0.298836;0.000000;0.000000;0.000000;0.000000;2.000000;210.790009;-725.252319;1907.217896;0.350074;0.000000;0.000000;0.000000;0.000000;2.000000;211.688232;-741.120605;2041.506226;0.324659;0.000000;0.000000;0.000000;0.000000;2.000000;4985566720.000000
0.000000;-150.000000;2000.000000;0.000000;0.000000;0.000000;0.000000;0.000000;2.000000;139.737167;-253.995728;2080.746094;0.567329;0.000000;0.000000;0.000000;0.000000;2.000000;236.110794;-370.570923;2106.850098;1.083543;0.000000;0.000000;0.000000;0.000000;2.000000;265.617096;-596.371826;2054.588379;0.638521;0.000000;0.000000;0.000000;0.000000;2.000000;287.249054;-550.544312;2039.950806;0.590023;0.000000;0.000000;0.000000;0.000000;2.000000;373.099304;-502.486664;1921.684204;0.453461;0.000000;0.000000;0.000000;0.000000;2.000000;382.885529;-206.795471;1951.873779;0.162807;0.000000;0.000000;0.000000;0.000000;2.000000;338.212219;38.753906;1955.142700;0.844196;0.000000;0.000000;0.000000;0.000000;1.000000;396.665405;96.356995;1891.868408;0.857538;0.000000;0.000000;0.000000;0.000000;1.000000;395.134979;26.603516;1798.840942;0.677401;0.000000;0.000000;0.000000;0.000000;1.000000;388.120728;-5.828674;1820.861694;0.584283;0.000000;0.000000;0.000000;0.000000;1.000000;235.887970;-567.720154;2088.033936;0.685790;0.000000;0.000000;0.000000;0.000000;2.000000;133.143250;-580.391418;2184.536621;1.057064;0.000000;0.000000;0.000000;0.000000;2.000000;-61.524933;-544.342041;2413.934082;3.189225;0.000000;0.000000;0.000000;0.000000;2.000000;-294.745575;-507.846680;2504.291504;2.470221;0.000000;0.000000;0.000000;0.000000;2.000000;-342.510590;-411.296112;2475.206543;2.564131;0.000000;0.000000;0.000000;0.000000;0.000000;-266.630829;-492.100372;2503.086914;2.047912;0.000000;0.000000;0.000000;0.000000;0.000000;-178.715057;-469.210663;2414.696289;1.134749;0.000000;0.000000;0.000000;0.000000;0.000000;65.324860;-109.682129;1938.877441;0.216489;0.000000;0.000000;0.000000;0.000000;2.000000;-215.812897;-106.541199;1612.437988;0.619781;0.000000;0.000000;0.000000;0.000000;2.000000;-525.054565;-15.801331;1356.190186;1.007253;0.000000;0.000000;0.000000;0.000000;2.000000;-526.978516;-115.001343;1180.687500;0.854163;0.000000;0.000000;0.000000;0.000000;2.000000;-58.906281;-186.356384;2055.116699;0.195218;0.000000;0.000000;0.000000;0.000000;2.000000;-192.033325;-522.469482;1821.628540;0.651307;0.000000;0.000000;0.000000;0.000000;2.000000;-327.661652;-145.368774;1933.487793;0.776396;0.000000;0.000000;0.000000;0.000000;2.000000;-441.496307;-66.135925;1810.320557;1.106124;0.000000;0.000000;0.000000;0.000000;2.000000;266.543793;-679.098877;2024.868286;0.770789;0.000000;0.000000;0.000000;0.000000;2.000000;216.188721;-693.925110;1860.100220;0.456642;0.000000;0.000000;0.000000;0.000000;2.000000;256.340973;-734.046021;1880.259277;0.411654;0.000000;0.000000;0.000000;0.000000;2.000000;352.264313;-734.798157;1977.267334;0.640233;0.000000;0.000000;0.000000;0.000000;2.000000;201.705078;-736.004333;1893.560547;0.589329;0.000000;0.000000;0.000000;0.000000;2.000000;183.667435;-756.557007;2031.883423;1.003824;0.000000;0.000000;0.000000;0.000000;2.000000;4985600000.000000
0.000000;-150.000000;2000.000000;0.000000;0.000000;0.000000;0.000000;0.000000;2.000000;138.596405;-258.173950;2082.861816;0.144840;0.000000;0.000000;0.000000;0.000000;2.000000;235.589569;-375.809906;2112.828857;0.239376;0.000000;0.000000;0.000000;0.000000;2.000000;269.296997;-602.949097;2056.130127;0.231154;0.000000;0.000000;0.000000;0.000000;2.000000;289.381134;-555.837585;2041.011719;0.174408;0.000000;0.000000;0.000000;0.000000;2.000000;365.258118;-497.995728;1917.920898;0.294126;0.000000;0.000000;0.000000;0.000000;2.000000;395.704834;-202.105896;1964.377686;0.556234;0.000000;0.000000;0.000000;0.000000;2.000000;263.765961;13.381592;1966.583008;2.388185;0.000000;0.000000;0.000000;0.000000;2.000000;288.608154;83.217224;1892.346924;3.270861;0.000000;0.000000;0.000000;0.000000;1.000000;304.898712;30.826965;1788.195190;2.733178;0.000000;0.000000;0.000000;0.000000;1.000000;366.184448;-5.796875;1845.483887;0.990882;0.000000;0.000000;0.000000;0.000000;1.000000;239.810822;-575.113098;2091.473633;0.271891;0.000000;0.000000;0.000000;0.000000;2.000000;138.442383;-589.671021;2191.671387;0.386088;0.000000;0.000000;0.000000;0.000000;2.000000;-60.467865;-548.859985;2421.600098;0.269257;0.000000;0.000000;0.000000;0.000000;2.000000;-310.588959;-495.741577;2412.000488;2.837146;0.000000;0.000000;0.000000;0.000000;1.000000;-346.176300;-417.801147;2485.603516;0.384627;0.000000;0.000000;0.000000;0.000000;0.000000;-267.636383;-500.460327;2505.292480;0.261547;0.000000;0.000000;0.000000;0.000000;0.000000;-169.433289;-447.815186;2429.068359;0.823161;0.000000;0.000000;0.000000;0.000000;0.000000;67.678787;-109.598816;1939.541626;0.073535;0.000000;0.000000;0.000000;0.000000;2.000000;-219.691772;-117.830322;1611.564209;0.359641;0.000000;0.000000;0.000000;0.000000;2.000000;-535.188354;-19.398743;1357.578735;0.325801;0.000000;0.000000;0.000000;0.000000;2.000000;-529.946167;-126.422363;1183.874512;0.367280;0.000000;0.000000;0.000000;0.000000;2.000000;-61.028931;-186.431458;2054.517822;0.066310;0.000000;0.000000;0.000000;0.000000;2.000000;-203.692230;-527.777344;1824.431519;0.394031;0.000000;0.000000;0.000000;0.000000;2.000000;-354.070526;-144.570129;1913.586304;0.993922;0.000000;0.000000;0.000000;0.000000;2.000000;-463.432831;-58.892273;1787.254639;0.980930;0.000000;0.000000;0.000000;0.000000;2.000000;271.231232;-686.317261;2025.053589;0.258678;0.000000;0.000000;0.000000;0.000000;2.000000;225.009674;-688.315063;1856.216675;0.335092;0.000000;0.000000;0.000000;0.000000;2.000000;263.885498;-731.415894;1874.907471;0.288961;0.000000;0.000000;0.000000;0.000000;2.000000;357.873596;-741.783936;1975.571167;0.273985;0.000000;0.000000;0.000000;0.000000;2.000000;208.154648;-732.692261;1886.607056;0.301857;0.000000;0.000000;0.000000;0.000000;2.000000;185.040955;-762.532471;2024.265503;0.293835;0.000000;0.000000;0.000000;0.000000;2.000000;4985633280.000000
0.000000;-150.000000;2000.000000;0.000000;0.000000;0.000000;0.000000;0.000000;2.000000;139.156219;-256.768311;2084.084961;0.058461;0.000000;0.000000;0.000000;0.000000;2.000000;238.268539;-371.884949;2117.334961;0.196780;0.000000;0.000000;0.000000;0.000000;2.000000;272.039276;-596.817810;2051.813477;0.239908;0.000000;0.000000;0.000000;0.000000;2.000000;292.488495;-549.167603;2038.888428;0.230123;0.000000;0.000000;0.000000;0.000000;2.000000;370.369507;-484.514252;1920.373657;0.439455;0.000000;0.000000;0.000000;0.000000;2.000000;407.496887;-190.498413;1974.690674;0.585856;0.000000;0.000000;0.000000;0.000000;2.000000;260.292450;14.099060;1995.075195;0.862743;0.000000;0.000000;0.000000;0.000000;2.000000;272.534912;87.135864;1920.659912;0.985343;0.000000;0.000000;0.000000;0.000000;1.000000;283.023834;45.633057;1810.904297;1.046706;0.000000;0.000000;0.000000;0.000000;1.000000;351.713348;3.087280;1864.649048;0.769398;0.000000;0.000000;0.000000;0.000000;1.000000;242.147949;-570.316895;2087.897461;0.192998;0.000000;0.000000;0.000000;0.000000;2.000000;135.104462;-583.425476;2182.386719;0.350873;0.000000;0.000000;0.000000;0.000000;2.000000;-58.995697;-545.983398;2417.257813;0.162642;0.000000;0.000000;0.000000;0.000000;2.000000;-303.532257;-475.572266;2388.655273;0.950962;0.000000;0.000000;0.000000;0.000000;1.000000;-346.617096;-413.840179;2472.980957;0.397740;0.000000;0.000000;0.000000;0.000000;0.000000;-275.620758;-500.485931;2502.325684;0.255943;0.000000;0.000000;0.000000;0.000000;0.000000;-164.613525;-440.377899;2433.493164;0.297646;0.000000;0.000000;0.000000;0.000000;0.000000;67.758179;-109.022766;1939.895142;0.020448;0.000000;0.000000;0.000000;0.000000;2.000000;-214.617371;-119.568726;1607.237305;0.207078;0.000000;0.000000;0.000000;0.000000;2.000000;-530.812378;-13.533508;1356.683105;0.221526;0.000000;0.000000;0.000000;0.000000;2.000000;-548.073486;-119.445557;1182.893799;0.584385;0.000000;0.000000;0.000000;0.000000;2.000000;-61.100525;-186.951050;2054.199219;0.018440;0.000000;0.000000;0.000000;0.000000;2.000000;-213.205505;-528.994019;1830.661133;0.343641;0.000000;0.000000;0.000000;0.000000;2.000000;-370.357819;-141.519104;1884.014160;1.018579;0.000000;0.000000;0.000000;0.000000;2.000000;-500.875397;-49.795288;1784.686279;1.160376;0.000000;0.000000;0.000000;0.000000;2.000000;274.127350;-678.918579;2017.362061;0.332283;0.000000;0.000000;0.000000;0.000000;2.000000;220.069946;-682.862793;1850.762817;0.275186;0.000000;0.000000;0.000000;0.000000;2.000000;262.410614;-723.601563;1867.244141;0.331845;0.000000;0.000000;0.000000;0.000000;2.000000;361.632263;-728.672302;1963.331787;0.550663;0.000000;0.000000;0.000000;0.000000;2.000000;207.444946;-728.399414;1881.566528;0.200083;0.000000;0.000000;0.000000;0.000000;2.000000;192.802094;-760.389221;2020.014404;0.273587;0.000000;0.000000;0.000000;0.000000;2.000000;4985666560.000000
0.000000;-150.000000;2000.000000;0.000000;0.000000;0.000000;0.000000;0.000000;2.000000;143.015228;-253.950928;2086.267090;0.157835;0.000000;0.000000;0.000000;0.000000;2.000000;247.338287;-364.451141;2126.778809;0.452429;0.000000;0.000000;0.000000;0.000000;2.000000;286.664764;-590.366577;2058.019043;0.515246;0.000000;0.000000;0.000000;0.000000;2.000000;306.360321;-541.590210;2045.602539;0.516026;0.000000;0.000000;0.000000;0.000000;2.000000;384.284790;-468.072662;1929.970093;0.708557;0.000000;0.000000;0.000000;0.000000;2.000000;416.169067;-167.882446;1971.484375;0.734163;0.000000;0.000000;0.000000;0.000000;2.000000;174.169891;-113.491882;1909.129272;5.297609;0.000000;0.000000;0.000000;0.000000;2.000000;123.527664;-34.544006;1859.359375;6.066952;0.000000;0.000000;0.000000;0.000000;1.000000;187.224182;-61.086060;1762.224854;4.550695;0.000000;0.000000;0.000000;0.000000;1.000000;289.153442;-29.172119;1870.729004;2.122887;0.000000;0.000000;0.000000;0.000000;1.000000;255.707718;-564.649658;2094.687256;0.486451;0.000000;0.000000;0.000000;0.000000;2.000000;146.395264;-581.870972;2188.408203;0.387325;0.000000;0.000000;0.000000;0.000000;2.000000;-56.020477;-547.695129;2421.347656;0.160438;0.000000;0.000000;0.000000;0.000000;2.000000;-286.503571;-464.368530;2337.617188;1.651383;0.000000;0.000000;0.000000;0.000000;1.000000;-350.266998;-410.569977;2415.788086;1.724833;0.000000;0.000000;0.000000;0.000000;0.000000;-305.585175;-498.207916;2479.345215;1.136738;0.000000;0.000000;0.000000;0.000000;0.000000;-166.276459;-443.138489;2432.378906;0.102462;0.000000;0.000000;0.000000;0.000000;0.000000;67.310165;-109.448425;1937.276123;0.080858;0.000000;0.000000;0.000000;0.000000;2.000000;-218.295868;-127.225464;1601.140503;0.314183;0.000000;0.000000;0.000000;0.000000;2.000000;-540.259155;-7.855530;1356.032715;0.331761;0.000000;0.000000;0.000000;0.000000;2.000000;-550.965942;-138.481750;1196.357422;0.705978;0.000000;0.000000;0.000000;0.000000;2.000000;-60.696533;-186.567139;2056.560791;0.072910;0.000000;0.000000;0.000000;0.000000;2.000000;-237.675323;-522.504517;1832.330078;0.762340;0.000000;0.000000;0.000000;0.000000;2.000000;-413.963959;-138.244324;1887.269043;1.317605;0.000000;0.000000;0.000000;0.000000;2.000000;-524.257080;-74.686462;1746.133545;1.547574;0.000000;0.000000;0.000000;0.000000;2.000000;290.711945;-672.923157;2022.219482;0.549632;0.000000;0.000000;0.000000;0.000000;2.000000;209.226440;-678.817688;1864.988037;0.551037;0.000000;0.000000;0.000000;0.000000;2.000000;255.904617;-718.182922;1873.981445;0.325132;0.000000;0.000000;0.000000;0.000000;2.000000;371.029907;-719.243164;1953.267578;0.501463;0.000000;0.000000;0.000000;0.000000;2.000000;203.714966;-725.462036;1897.371338;0.495869;0.000000;0.000000;0.000000;0.000000;2.000000;213.564026;-758.793030;2037.604126;0.819053;0.000000;0.000000;0.000000;0.000000;2.000000;4985699840.000000
0.000000;-150.000000;2000.000000;0.000000;0.000000;0.000000;0.000000;0.000000;2.000000;143.573868;-254.031250;2086.390137;0.017357;0.000000;0.000000;0.000000;0.000000;2.000000;248.367477;-364.628906;2126.983643;0.031981;0.000000;0.000000;0.000000;0.000000;2.000000;288.495087;-590.433777;2056.220215;0.077139;0.000000;0.000000;0.000000;0.000000;2.000000;308.032928;-541.364624;2044.109863;0.067702;0.000000;0.000000;0.000000;0.000000;2.000000;385.354980;-464.906342;1929.434326;0.101711;0.000000;0.000000;0.000000;0.000000;2.000000;414.717468;-165.722717;1983.807129;0.378441;0.000000;0.000000;0.000000;0.000000;2.000000;172.148956;-111.791443;1920.587280;0.353319;0.000000;0.000000;0.000000;0.000000;2.000000;118.101791;-30.445129;1878.233765;0.602824;0.000000;0.000000;0.000000;0.000000;2.000000;181.987671;-50.332520;1779.276245;0.625844;0.000000;0.000000;0.000000;0.000000;1.000000;291.140167;-38.453735;1898.271240;0.875359;0.000000;0.000000;0.000000;0.000000;2.000000;257.439240;-565.051941;2093.243164;0.068819;0.000000;0.000000;0.000000;0.000000;2.000000;148.460312;-583.135864;2187.761230;0.075318;0.000000;0.000000;0.000000;0.000000;2.000000;-52.534729;-548.754211;2422.948486;0.119570;0.000000;0.000000;0.000000;0.000000;2.000000;-277.830200;-465.354584;2324.427979;0.475249;0.000000;0.000000;0.000000;0.000000;1.000000;-345.594238;-409.294037;2397.932617;0.555914;0.000000;0.000000;0.000000;0.000000;0.000000;-308.283691;-494.292755;2469.833008;0.319546;0.000000;0.000000;0.000000;0.000000;0.000000;-164.624847;-443.110260;2429.364746;0.103279;0.000000;0.000000;0.000000;0.000000;0.000000;67.391312;-109.236023;1937.088867;0.008851;0.000000;0.000000;0.000000;0.000000;2.000000;-219.502167;-127.198853;1600.576172;0.040025;0.000000;0.000000;0.000000;0.000000;2.000000;-543.028931;-6.606750;1356.268555;0.091569;0.000000;0.000000;0.000000;0.000000;2.000000;-557.397461;-137.067078;1196.062134;0.198073;0.000000;0.000000;0.000000;0.000000;2.000000;-60.769714;-186.758667;2056.729980;0.007988;0.000000;0.000000;0.000000;0.000000;2.000000;-239.848083;-524.963684;1835.374390;0.134501;0.000000;0.000000;0.000000;0.000000;2.000000;-431.725464;-145.614807;1879.640503;0.621632;0.000000;0.000000;0.000000;0.000000;2.000000;-558.043335;-98.254944;1745.070435;1.238227;0.000000;0.000000;0.000000;0.000000;2.000000;292.786621;-672.906067;2019.682495;0.098477;0.000000;0.000000;0.000000;0.000000;2.000000;209.022369;-676.776855;1863.075928;0.084257;0.000000;0.000000;0.000000;0.000000;2.000000;256.257111;-715.999146;1870.778931;0.116953;0.000000;0.000000;0.000000;0.000000;2.000000;372.744385;-717.467896;1948.688110;0.156315;0.000000;0.000000;0.000000;0.000000;2.000000;204.316681;-724.138672;1894.795288;0.088880;0.000000;0.000000;0.000000;0.000000;2.000000;216.360352;-759.893555;2034.640137;0.126829;0.000000;0.000000;0.000000;0.000000;2.000000;4985733120.000000
0.000000;-150.000000;2000.000000;0.000000;0.000000;0.000000;0.000000;0.000000;2.000000;156.308792;-236.947815;2061.378418;0.972342;0.000000;0.000000;0.000000;0.000000;2.000000;260.576385;-345.987213;2071.047363;1.781830;0.000000;0.000000;0.000000;0.000000;2.000000;315.497192;-565.294861;2028.104980;1.372655;0.000000;0.000000;0.000000;0.000000;2.000000;329.974060;-518.639404;2010.416748;1.366750;0.000000;0.000000;0.000000;0.000000;2.000000;417.110291;-442.932800;1912.258179;1.250714;0.000000;0.000000;0.000000;0.000000;2.000000;416.199341;-162.665649;1997.383057;0.414138;0.000000;0.000000;0.000000;0.000000;2.000000;179.819092;-100.655579;1970.592529;1.532942;0.000000;0.000000;0.000000;0.000000;2.000000;141.077103;-52.544250;1889.340576;0.998992;0.000000;0.000000;0.000000;0.000000;2.000000;188.160461;-29.635620;1787.477173;0.683664;0.000000;0.000000;0.000000;0.000000;1.000000;271.404144;-1.295471;1980.500610;2.733439;0.000000;0.000000;0.000000;0.000000;2.000000;284.581482;-539.326965;2061.404297;1.453422;0.000000;0.000000;0.000000;0.000000;2.000000;177.323639;-563.602051;2147.063721;1.585619;0.000000;0.000000;0.000000;0.000000;2.000000;50.628906;-512.596741;2412.432861;3.249914;0.000000;0.000000;0.000000;0.000000;2.000000;-183.298492;-584.518311;2458.080566;5.992031;0.000000;0.000000;0.000000;0.000000;2.000000;-212.818359;-594.555908;2563.461426;8.336098;0.000000;0.000000;0.000000;0.000000;0.000000;-174.834106;-555.454773;2464.961914;4.346549;0.000000;0.000000;0.000000;0.000000;0.000000;-156.610962;-590.101685;2565.688477;5.937386;0.000000;0.000000;0.000000;0.000000;0.000000;51.249832;-107.188477;1930.131348;0.523673;0.000000;0.000000;0.000000;0.000000;2.000000;-216.210327;-101.972778;1600.737305;0.752854;0.000000;0.000000;0.000000;0.000000;2.000000;-527.557007;-13.613892;1356.369873;0.502634;0.000000;0.000000;0.000000;0.000000;2.000000;-564.113403;-128.800049;1198.805908;0.325488;0.000000;0.000000;0.000000;0.000000;2.000000;-46.214233;-188.604980;2063.003662;0.472216;0.000000;0.000000;0.000000;0.000000;2.000000;-258.122894;-485.305420;1846.812134;1.335802;0.000000;0.000000;0.000000;0.000000;2.000000;-476.142181;-139.245422;1872.262695;1.345691;0.000000;0.000000;0.000000;0.000000;2.000000;-621.258057;-89.978638;1772.804077;2.057446;0.000000;0.000000;0.000000;0.000000;2.000000;325.430084;-647.427979;2002.563110;1.326009;0.000000;0.000000;0.000000;0.000000;2.000000;214.665955;-651.123535;1873.227539;0.833340;0.000000;0.000000;0.000000;0.000000;2.000000;257.758606;-691.901306;1873.105713;0.717816;0.000000;0.000000;0.000000;0.000000;2.000000;382.515503;-699.080017;1922.504150;0.990006;0.000000;0.000000;0.000000;0.000000;2.000000;213.651505;-694.671021;1906.543701;0.978581;0.000000;0.000000;0.000000;0.000000;2.000000;251.333649;-723.964600;2036.960938;1.485372;0.000000;0.000000;0.000000;0.000000;2.000000;4985766912.000000
0.000000;-150.000000;2000.000000;0.000000;0.000000;0.000000;0.000000;0.000000;2.000000;157.159012;-235.213867;2058.705566;0.099084;0.000000;0.000000;0.000000;0.000000;2.000000;262.247681;-342.487213;2067.539063;0.157147;0.000000;0.000000;0.000000;0.000000;2.000000;325.253693;-559.559204;2030.885254;0.350182;0.000000;0.000000;0.000000;0.000000;2.000000;337.932587;-513.118042;2012.043579;0.295130;0.000000;0.000000;0.000000;0.000000;2.000000;428.768555;-451.193237;1908.860107;0.441305;0.000000;0.000000;0.000000;0.000000;2.000000;427.741577;-171.433105;1990.610474;0.480731;0.000000;0.000000;0.000000;0.000000;2.000000;189.817307;-115.604675;1979.781494;0.606850;0.000000;0.000000;0.000000;0.000000;2.000000;138.330338;-113.777039;1892.257568;1.843862;0.000000;0.000000;0.000000;0.000000;2.000000;190.352829;-66.893494;1802.347046;1.207196;0.000000;0.000000;0.000000;0.000000;1.000000;189.645432;19.207642;1977.834351;2.534030;0.000000;0.000000;0.000000;0.000000;2.000000;293.444977;-534.013306;2063.250977;0.315443;0.000000;0.000000;0.000000;0.000000;2.000000;190.016861;-566.407288;2149.810547;0.399235;0.000000;0.000000;0.000000;0.000000;2.000000;76.674164;-533.032776;2422.270020;1.037750;0.000000;0.000000;0.000000;0.000000;2.000000;-157.456421;-604.142944;2460.908203;0.978726;0.000000;0.000000;0.000000;0.000000;2.000000;-189.727112;-603.593933;2565.389648;0.747352;0.000000;0.000000;0.000000;0.000000;0.000000;-152.200806;-573.898376;2464.104492;0.877675;0.000000;0.000000;0.000000;0.000000;0.000000;-209.106293;-559.148376;2583.417480;1.907091;0.000000;0.000000;0.000000;0.000000;0.000000;49.494644;-107.323059;1929.446777;0.056754;0.000000;0.000000;0.000000;0.000000;2.000000;-216.376404;-105.100464;1601.433228;0.096408;0.000000;0.000000;0.000000;0.000000;2.000000;-528.483765;-22.852051;1359.234375;0.291958;0.000000;0.000000;0.000000;0.000000;2.000000;-554.879578;-131.363708;1196.231689;0.298162;0.000000;0.000000;0.000000;0.000000;2.000000;-44.631531;-188.483643;2063.620850;0.051175;0.000000;0.000000;0.000000;0.000000;2.000000;-273.922485;-474.977570;1855.657959;0.626371;0.000000;0.000000;0.000000;0.000000;2.000000;-513.478271;-145.039368;1861.477051;1.180658;0.000000;0.000000;0.000000;0.000000;2.000000;-652.760742;-133.843811;1745.186768;1.822630;0.000000;0.000000;0.000000;0.000000;2.000000;338.299683;-641.514221;2007.732056;0.453036;0.000000;0.000000;0.000000;0.000000;2.000000;227.225830;-643.041138;1879.732178;0.489503;0.000000;0.000000;0.000000;0.000000;2.000000;271.502472;-682.018860;1877.409668;0.524836;0.000000;0.000000;0.000000;0.000000;2.000000;396.216705;-687.056213;1925.355225;0.554404;0.000000;0.000000;0.000000;0.000000;2.000000;228.012817;-687.893677;1910.801880;0.494025;0.000000;0.000000;0.000000;0.000000;2.000000;267.576233;-721.767517;2038.800415;0.495595;0.000000;0.000000;0.000000;0.000000;2.000000;4985800192.000000
0.000000;-150.000000;2000.000000;0.000000;0.000000;0.000000;0.000000;0.000000;2.000000;157.987045;-232.177368;2053.390625;0.185605;0.000000;0.000000;0.000000;0.000000;2.000000;262.634033;-337.502655;2060.169678;0.267585;0.000000;0.000000;0.000000;0.000000;2.000000;334.019226;-549.846252;2028.558594;0.399300;0.000000;0.000000;0.000000;0.000000;2.000000;344.693115;-503.858276;2009.062988;0.355955;0.000000;0.000000;0.000000;0.000000;2.000000;439.781097;-449.669250;1908.002563;0.335052;0.000000;0.000000;0.000000;0.000000;2.000000;428.053101;-169.895203;1975.203125;0.465356;0.000000;0.000000;0.000000;0.000000;2.000000;189.484222;-167.670410;2013.893921;1.870383;0.000000;0.000000;0.000000;0.000000;2.000000;132.180222;-184.854309;1933.333130;2.473635;0.000000;0.000000;0.000000;0.000000;2.000000;171.069550;-116.034119;1853.143066;2.201292;0.000000;0.000000;0.000000;0.000000;1.000000;68.178391;-103.834534;2004.314453;5.255821;0.000000;0.000000;0.000000;0.000000;2.000000;301.407745;-525.314575;2059.895996;0.368416;0.000000;0.000000;0.000000;0.000000;2.000000;199.833496;-566.272827;2142.274658;0.371885;0.000000;0.000000;0.000000;0.000000;2.000000;90.307419;-516.297119;2409.858154;0.748192;0.000000;0.000000;0.000000;0.000000;2.000000;-131.230072;-613.755981;2446.303955;0.947118;0.000000;0.000000;0.000000;0.000000;2.000000;-164.859619;-613.340820;2548.979492;0.941942;0.000000;0.000000;0.000000;0.000000;0.000000;-130.085938;-583.879150;2448.119141;0.873058;0.000000;0.000000;0.000000;0.000000;0.000000;-185.267853;-556.920715;2564.023682;0.925829;0.000000;0.000000;0.000000;0.000000;0.000000;45.751251;-109.216797;1927.390625;0.140383;0.000000;0.000000;0.000000;0.000000;2.000000;-215.519806;-105.597839;1602.176636;0.037214;0.000000;0.000000;0.000000;0.000000;2.000000;-521.751099;-23.566895;1360.408447;0.206477;0.000000;0.000000;0.000000;0.000000;2.000000;-558.299316;-126.771484;1198.776855;0.188277;0.000000;0.000000;0.000000;0.000000;2.000000;-41.255890;-186.775940;2065.475098;0.126593;0.000000;0.000000;0.000000;0.000000;2.000000;-286.633392;-451.515198;1857.224365;0.803191;0.000000;0.000000;0.000000;0.000000;2.000000;-555.584473;-151.836670;1843.860718;1.386604;0.000000;0.000000;0.000000;0.000000;2.000000;-690.347778;-156.244202;1725.198120;1.445468;0.000000;0.000000;0.000000;0.000000;2.000000;350.410278;-630.648560;2007.381958;0.489010;0.000000;0.000000;0.000000;0.000000;2.000000;250.414444;-636.184387;1873.180908;0.752790;0.000000;0.000000;0.000000;0.000000;2.000000;290.095581;-678.596130;1878.541626;0.569092;0.000000;0.000000;0.000000;0.000000;2.000000;408.472229;-689.614685;1936.140625;0.496538;0.000000;0.000000;0.000000;0.000000;2.000000;244.508850;-676.649231;1908.316406;0.604507;0.000000;0.000000;0.000000;0.000000;2.000000;270.859680;-699.170044;2040.377075;0.687775;0.000000;0.000000;0.000000;0.000000;2.000000;4985833472.000000
0.000000;-150.000000;2000.000000;0.000000;0.000000;0.000000;0.000000;0.000000;2.000000;157.217148;-231.882446;2051.924316;0.050547;0.000000;0.000000;0.000000;0.000000;2.000000;262.224457;-335.425293;2059.539551;0.066380;0.000000;0.000000;0.000000;0.000000;2.000000;335.309235;-546.917419;2038.211182;0.305568;0.000000;0.000000;0.000000;0.000000;2.000000;345.320374;-502.128632;2016.554443;0.231793;0.000000;0.000000;0.000000;0.000000;2.000000;438.342957;-461.157135;1908.974243;0.349106;0.000000;0.000000;0.000000;0.000000;2.000000;443.457031;-179.108398;1956.729614;0.773955;0.000000;0.000000;0.000000;0.000000;2.000000;211.787476;-117.501343;1970.797119;2.097284;0.000000;0.000000;0.000000;0.000000;2.000000;138.617722;-167.729431;1925.380859;0.599413;0.000000;0.000000;0.000000;0.000000;2.000000;205.810577;-144.482300;1839.007813;1.414509;0.000000;0.000000;0.000000;0.000000;1.000000;136.032333;-209.366089;1922.861450;4.494740;0.000000;0.000000;0.000000;0.000000;2.000000;302.790802;-521.384521;2068.275146;0.281184;0.000000;0.000000;0.000000;0.000000;2.000000;207.345383;-562.339783;2156.320313;0.492988;0.000000;0.000000;0.000000;0.000000;2.000000;69.893219;-526.078857;2410.833252;0.680821;0.000000;0.000000;0.000000;0.000000;2.000000;-141.682983;-645.845581;2415.806641;1.366805;0.000000;0.000000;0.000000;0.000000;2.000000;-194.142059;-641.387146;2509.353760;1.703558;0.000000;0.000000;0.000000;0.000000;0.000000;-144.027374;-616.584351;2414.667969;1.466818;0.000000;0.000000;0.000000;0.000000;0.000000;-204.188416;-568.040710;2514.066162;1.639589;0.000000;0.000000;0.000000;0.000000;0.000000;44.939636;-109.765747;1927.378906;0.029444;0.000000;0.000000;0.000000;0.000000;2.000000;-216.839172;-107.414124;1606.033325;0.134089;0.000000;0.000000;0.000000;0.000000;2.000000;-520.914368;-32.451477;1363.487061;0.283654;0.000000;0.000000;0.000000;0.000000;2.000000;-561.050781;-130.776550;1201.185669;0.162963;0.000000;0.000000;0.000000;0.000000;2.000000;-40.524017;-186.281006;2065.485596;0.026550;0.000000;0.000000;0.000000;0.000000;2.000000;-306.638428;-436.733643;1870.848389;0.852174;0.000000;0.000000;0.000000;0.000000;2.000000;-593.668640;-159.243164;1841.847534;1.167364;0.000000;0.000000;0.000000;0.000000;2.000000;-723.887634;-175.221802;1720.879272;1.165201;0.000000;0.000000;0.000000;0.000000;2.000000;352.374420;-627.959656;2021.074097;0.423414;0.000000;0.000000;0.000000;0.000000;2.000000;260.090912;-641.965881;1883.357300;0.456314;0.000000;0.000000;0.000000;0.000000;2.000000;303.002777;-680.267822;1890.412354;0.529311;0.000000;0.000000;0.000000;0.000000;2.000000;418.420746;-680.506653;1952.908447;0.646620;0.000000;0.000000;0.000000;0.000000;2.000000;256.440247;-682.735718;1917.908936;0.495037;0.000000;0.000000;0.000000;0.000000;2.000000;278.653076;-703.301697;2050.139648;0.395353;0.000000;0.000000;0.000000;0.000000;2.000000;4985866752.000000
0.000000;-150.000000;2000.000000;0.000000;0.000000;0.000000;0.000000;0.000000;2.000000;159.471848;-227.514526;2050.782227;0.151636;0.000000;0.000000;0.000000;0.000000;2.000000;266.070557;-329.081512;2058.712891;0.224295;0.000000;0.000000;0.000000;0.000000;2.000000;352.246277;-535.814575;2044.118286;0.633887;0.000000;0.000000;0.000000;0.000000;2.000000;359.396057;-491.274994;2021.034302;0.550787;0.000000;0.000000;0.000000;0.000000;2.000000;447.948639;-454.017578;1908.732056;0.359701;0.000000;0.000000;0.000000;0.000000;2.000000;440.630615;-169.390015;1932.248413;0.795999;0.000000;0.000000;0.000000;0.000000;2.000000;208.729034;-109.405823;1943.179199;0.869652;0.000000;0.000000;0.000000;0.000000;2.000000;127.669312;-161.649170;1918.475586;0.429719;0.000000;0.000000;0.000000;0.000000;2.000000;202.222900;-134.413513;1839.868408;0.322219;0.000000;0.000000;0.000000;0.000000;1.000000;124.624466;-204.280334;1913.395874;0.470904;0.000000;0.000000;0.000000;0.000000;2.000000;318.230255;-511.459167;2073.364258;0.572326;0.000000;0.000000;0.000000;0.000000;2.000000;224.425873;-556.037842;2161.105225;0.565633;0.000000;0.000000;0.000000;0.000000;2.000000;57.591827;-550.069336;2399.574707;0.877909;0.000000;0.000000;0.000000;0.000000;2.000000;-152.090546;-671.862427;2386.903809;1.209624;0.000000;0.000000;0.000000;0.000000;2.000000;-208.611420;-674.794495;2477.931641;1.445048;0.000000;0.000000;0.000000;0.000000;0.000000;-154.718018;-642.055481;2388.040527;1.152879;0.000000;0.000000;0.000000;0.000000;0.000000;-228.226349;-620.319946;2489.959961;1.874588;0.000000;0.000000;0.000000;0.000000;0.000000;42.655365;-111.048340;1925.505127;0.096781;0.000000;0.000000;0.000000;0.000000;2.000000;-219.201813;-104.097168;1605.070923;0.125738;0.000000;0.000000;0.000000;0.000000;2.000000;-520.895264;-33.960876;1359.074829;0.140123;0.000000;0.000000;0.000000;0.000000;2.000000;-551.598267;-132.051208;1194.921265;0.342887;0.000000;0.000000;0.000000;0.000000;2.000000;-38.464172;-185.124512;2067.175293;0.087272;0.000000;0.000000;0.000000;0.000000;2.000000;-324.868744;-407.551392;1868.615967;1.036085;0.000000;0.000000;0.000000;0.000000;2.000000;-631.958984;-153.418274;1839.070679;1.166775;0.000000;0.000000;0.000000;0.000000;2.000000;-769.446167;-163.533020;1726.165039;1.422181;0.000000;0.000000;0.000000;0.000000;2.000000;374.365295;-616.013794;2029.602173;0.794447;0.000000;0.000000;0.000000;0.000000;2.000000;272.945251;-642.046143;1900.629639;0.646958;0.000000;0.000000;0.000000;0.000000;2.000000;316.094391;-679.831055;1908.304321;0.666298;0.000000;0.000000;0.000000;0.000000;2.000000;435.362762;-675.207825;1962.439209;0.605411;0.000000;0.000000;0.000000;0.000000;2.000000;271.593323;-679.306091;1938.980957;0.786668;0.000000;0.000000;0.000000;0.000000;2.000000;302.759003;-687.551514;2070.542236;1.060416;0.000000;0.000000;0.000000;0.000000;2.000000;4985900032.000000
0.000000;-150.000000;2000.000000;0.000000;0.000000;0.000000;0.000000;0.000000;2.000000;162.901093;-218.395630;2047.193359;0.311971;0.000000;0.000000;0.000000;0.000000;2.000000;273.936493;-313.001404;2056.909668;0.540610;0.000000;0.000000;0.000000;0.000000;2.000000;371.410645;-512.811279;2046.973999;0.903733;0.000000;0.000000;0.000000;0.000000;2.000000;375.633453;-468.939178;2022.856567;0.831557;0.000000;0.000000;0.000000;0.000000;2.000000;463.880066;-426.839996;1913.717041;0.958379;0.000000;0.000000;0.000000;0.000000;2.000000;413.829346;-148.037476;1913.912598;1.167800;0.000000;0.000000;0.000000;0.000000;2.000000;185.711517;-103.140747;1864.234741;2.478062;0.000000;0.000000;0.000000;0.000000;2.000000;94.644119;-105.711487;1826.255127;3.389484;0.000000;0.000000;0.000000;0.000000;2.000000;203.160919;-118.645447;1844.266235;0.492690;0.000000;0.000000;0.000000;0.000000;2.000000;83.328751;-164.681335;1850.685547;2.550726;0.000000;0.000000;0.000000;0.000000;2.000000;336.548431;-489.950958;2075.669922;0.851732;0.000000;0.000000;0.000000;0.000000;2.000000;251.616837;-540.622070;2167.270996;0.957309;0.000000;0.000000;0.000000;0.000000;2.000000;54.340454;-552.899414;2377.584961;0.673325;0.000000;0.000000;0.000000;0.000000;2.000000;-152.838104;-672.875488;2352.204102;1.043346;0.000000;0.000000;0.000000;0.000000;2.000000;-217.415985;-687.338623;2435.360840;1.359538;0.000000;0.000000;0.000000;0.000000;0.000000;-258.402740;-693.467041;2334.688477;3.829228;0.000000;0.000000;0.000000;0.000000;2.000000;-275.878021;-664.049988;2342.354736;4.842339;0.000000;0.000000;0.000000;0.000000;0.000000;37.665558;-113.750366;1922.521851;0.192634;0.000000;0.000000;0.000000;0.000000;2.000000;-221.346771;-95.166809;1604.781006;0.276109;0.000000;0.000000;0.000000;0.000000;2.000000;-514.972778;-27.705078;1353.717529;0.304824;0.000000;0.000000;0.000000;0.000000;2.000000;-541.552124;-126.529236;1191.229736;0.361882;0.000000;0.000000;0.000000;0.000000;2.000000;-33.964691;-182.687866;2069.865234;0.173704;0.000000;0.000000;0.000000;0.000000;2.000000;-331.646759;-381.990082;1870.632202;0.796919;0.000000;0.000000;0.000000;0.000000;2.000000;-644.849365;-141.483032;1837.263062;0.530652;0.000000;0.000000;0.000000;0.000000;2.000000;-782.397461;-165.856934;1729.092163;0.405042;0.000000;0.000000;0.000000;0.000000;2.000000;397.953125;-591.232483;2034.459961;1.038333;0.000000;0.000000;0.000000;0.000000;2.000000;295.500519;-627.989990;1910.838867;0.855470;0.000000;0.000000;0.000000;0.000000;2.000000;339.064606;-664.100281;1920.320679;0.911146;0.000000;0.000000;0.000000;0.000000;2.000000;458.197998;-653.682739;1971.158081;0.978662;0.000000;0.000000;0.000000;0.000000;2.000000;295.513580;-662.052856;1951.485962;0.962584;0.000000;0.000000;0.000000;0.000000;2.000000;328.974060;-660.114746;2081.537109;1.187143;0.000000;0.000000;0.000000;0.000000;2.000000;4985933312.000000
0.000000;-150.000000;2000.000000;0.000000;0.000000;0.000000;0.000000;0.000000;2.000000;162.694229;-219.361511;2052.574463;0.164393;0.000000;0.000000;0.000000;0.000000;2.000000;277.813660;-310.136230;2068.886230;0.387934;0.000000;0.000000;0.000000;0.000000;2.000000;386.512207;-506.473236;2061.632324;0.660439;0.000000;0.000000;0.000000;0.000000;2.000000;388.812134;-462.214783;2037.022827;0.615493;0.000000;0.000000;0.000000;0.000000;2.000000;471.479218;-414.893707;1923.952271;0.524957;0.000000;0.000000;0.000000;0.000000;2.000000;395.886841;-141.414001;1889.655029;0.928205;0.000000;0.000000;0.000000;0.000000;2.000000;164.593552;-108.585266;1835.199463;1.091146;0.000000;0.000000;0.000000;0.000000;2.000000;73.315842;-109.947144;1795.395142;1.134360;0.000000;0.000000;0.000000;0.000000;2.000000;180.067581;-131.023560;1820.860229;1.055693;0.000000;0.000000;0.000000;0.000000;2.000000;46.393402;-160.008850;1792.744629;2.069438;0.000000;0.000000;0.000000;0.000000;2.000000;349.821899;-485.050964;2089.960449;0.604268;0.000000;0.000000;0.000000;0.000000;2.000000;269.349548;-538.826172;2185.519531;0.766481;0.000000;0.000000;0.000000;0.000000;2.000000;32.011719;-562.514526;2352.585938;1.047801;0.000000;0.000000;0.000000;0.000000;2.000000;-166.896027;-695.269226;2309.952637;1.497676;0.000000;0.000000;0.000000;0.000000;2.000000;-232.643097;-717.106628;2391.797363;1.650122;0.000000;0.000000;0.000000;0.000000;0.000000;-318.031158;-733.448608;2324.657227;2.178164;0.000000;0.000000;0.000000;0.000000;0.000000;-279.576019;-685.234314;2345.131348;0.651538;0.000000;0.000000;0.000000;0.000000;0.000000;40.799377;-111.917969;1923.985962;0.117619;0.000000;0.000000;0.000000;0.000000;2.000000;-222.976410;-94.040710;1605.350220;0.061930;0.000000;0.000000;0.000000;0.000000;2.000000;-516.032837;-29.612000;1347.400146;0.200827;0.000000;0.000000;0.000000;0.000000;2.000000;-535.994629;-133.585083;1185.133545;0.326176;0.000000;0.000000;0.000000;0.000000;2.000000;-36.790558;-184.340271;2068.545410;0.106057;0.000000;0.000000;0.000000;0.000000;2.000000;-360.220490;-357.808716;1877.864746;1.145579;0.000000;0.000000;0.000000;0.000000;2.000000;-687.665039;-133.416138;1829.793823;1.328263;0.000000;0.000000;0.000000;0.000000;2.000000;-821.045288;-166.484985;1716.246094;1.223909;0.000000;0.000000;0.000000;0.000000;2.000000;417.485657;-584.199219;2049.943848;0.778203;0.000000;0.000000;0.000000;0.000000;2.000000;335.120880;-617.526184;1909.501709;1.231990;0.000000;0.000000;0.000000;0.000000;2.000000;378.884888;-652.765747;1923.425781;1.247545;0.000000;0.000000;0.000000;0.000000;2.000000;489.764771;-640.811401;1992.365723;1.206383;0.000000;0.000000;0.000000;0.000000;2.000000;330.804443;-654.311523;1948.119507;1.090338;0.000000;0.000000;0.000000;0.000000;2.000000;345.075867;-659.088989;2082.786133;0.486260;0.000000;0.000000;0.000000;0.000000;2.000000;4985966592.000000
0.000000;-150.000000;2000.000000;0.000000;0.000000;0.000000;0.000000;0.000000;2.000000;161.470947;-219.430481;2052.036133;0.040213;0.000000;0.000000;0.000000;0.000000;2.000000;277.498016;-306.732574;2071.818848;0.135332;0.000000;0.000000;0.000000;0.000000;2.000000;398.875793;-493.888092;2071.826172;0.612243;0.000000;0.000000;0.000000;0.000000;2.000000;398.284912;-450.707031;2045.916748;0.521543;0.000000;0.000000;0.000000;0.000000;2.000000;479.143616;-406.992249;1931.354980;0.398606;0.000000;0.000000;0.000000;0.000000;2.000000;385.210846;-147.889099;1863.088989;0.882032;0.000000;0.000000;0.000000;0.000000;2.000000;148.609940;-121.720947;1851.874634;0.798444;0.000000;0.000000;0.000000;0.000000;2.000000;61.740967;-137.609497;1807.264648;0.969053;0.000000;0.000000;0.000000;0.000000;2.000000;168.051453;-141.641968;1839.010864;0.727749;0.000000;0.000000;0.000000;0.000000;2.000000;35.533630;-177.406555;1807.701782;0.762731;0.000000;0.000000;0.000000;0.000000;2.000000;360.806793;-474.280029;2099.027588;0.536587;0.000000;0.000000;0.000000;0.000000;2.000000;279.098022;-527.890625;2192.343262;0.485611;0.000000;0.000000;0.000000;0.000000;2.000000;28.931946;-565.471436;2332.706787;0.610951;0.000000;0.000000;0.000000;0.000000;2.000000;-161.899384;-692.797791;2257.814941;1.575567;0.000000;0.000000;0.000000;0.000000;2.000000;-235.076538;-720.889832;2329.955566;1.863136;0.000000;0.000000;0.000000;0.000000;2.000000;-321.038086;-750.230896;2269.469238;1.735625;0.000000;0.000000;0.000000;0.000000;2.000000;-249.317566;-691.757324;2321.782471;1.165034;0.000000;0.000000;0.000000;0.000000;2.000000;40.175629;-113.957947;1923.422852;0.066294;0.000000;0.000000;0.000000;0.000000;2.000000;-227.871887;-90.385681;1612.313843;0.278358;0.000000;0.000000;0.000000;0.000000;2.000000;-512.098083;-33.947449;1346.677124;0.177261;0.000000;0.000000;0.000000;0.000000;2.000000;-534.243652;-138.930237;1186.868652;0.176869;0.000000;0.000000;0.000000;0.000000;2.000000;-36.228119;-182.500671;2069.053223;0.059782;0.000000;0.000000;0.000000;0.000000;2.000000;-365.611267;-350.062653;1889.443481;0.448843;0.000000;0.000000;0.000000;0.000000;2.000000;-700.535645;-149.300842;1816.496216;0.732830;0.000000;0.000000;0.000000;0.000000;2.000000;-850.897034;-183.916016;1729.568848;1.113184;0.000000;0.000000;0.000000;0.000000;2.000000;435.046875;-569.109497;2063.007568;0.798825;0.000000;0.000000;0.000000;0.000000;2.000000;347.184418;-618.148010;1932.108887;0.770193;0.000000;0.000000;0.000000;0.000000;2.000000;394.041718;-648.808594;1945.211792;0.806285;0.000000;0.000000;0.000000;0.000000;2.000000;507.142456;-624.010620;2004.872803;0.817770;0.000000;0.000000;0.000000;0.000000;2.000000;348.221649;-652.015015;1973.069824;0.916910;0.000000;0.000000;0.000000;0.000000;2.000000;371.336060;-645.958740;2105.552246;1.116357;0.000000;0.000000;0.000000;0.000000;2.000000;4985999872.000000
0.000000;-150.000000;2000.000000;0.000000;0.000000;0.000000;0.000000;0.000000;2.000000;162.421463;-217.243164;2054.404297;0.100990;0.000000;0.000000;0.000000;0.000000;2.000000;279.151886;-303.809845;2077.258789;0.192098;0.000000;0.000000;0.000000;0.000000;2.000000;411.263733;-484.594452;2080.361816;0.531341;0.000000;0.000000;0.000000;0.000000;2.000000;408.933594;-441.292542;2054.372070;0.496948;0.000000;0.000000;0.000000;0.000000;2.000000;486.494202;-386.573639;1941.539063;0.720318;0.000000;0.000000;0.000000;0.000000;2.000000;330.101990;-163.159180;1858.643555;1.723493;0.000000;0.000000;0.000000;0.000000;2.000000;119.401001;-75.509399;1786.850586;2.552636;0.000000;0.000000;0.000000;0.000000;1.000000;37.282928;-130.920593;1793.991089;0.859986;0.000000;0.000000;0.000000;0.000000;1.000000;136.641785;-83.504333;1811.348145;2.152537;0.000000;0.000000;0.000000;0.000000;1.000000;28.451202;-189.717224;1809.261719;0.429327;0.000000;0.000000;0.000000;0.000000;1.000000;371.302673;-467.131836;2106.664063;0.445255;0.000000;0.000000;0.000000;0.000000;2.000000;291.555298;-522.707886;2201.277344;0.486243;0.000000;0.000000;0.000000;0.000000;2.000000;23.392487;-577.335327;2298.498535;1.100614;0.000000;0.000000;0.000000;0.000000;2.000000;-173.757507;-695.780945;2222.391846;1.126025;0.000000;0.000000;0.000000;0.000000;2.000000;-241.016205;-737.359009;2294.392090;1.191085;0.000000;0.000000;0.000000;0.000000;2.000000;-328.137054;-754.398804;2230.197266;1.205694;0.000000;0.000000;0.000000;0.000000;2.000000;-295.357269;-725.580566;2249.011963;2.779928;0.000000;0.000000;0.000000;0.000000;2.000000;40.016937;-116.720581;1921.664307;0.098518;0.000000;0.000000;0.000000;0.000000;2.000000;-235.518036;-86.014526;1615.648315;0.282978;0.000000;0.000000;0.000000;0.000000;2.000000;-514.923340;-36.274048;1341.437622;0.192043;0.000000;0.000000;0.000000;0.000000;2.000000;-533.131104;-147.023315;1184.143555;0.258766;0.000000;0.000000;0.000000;0.000000;2.000000;-36.085052;-180.009521;2070.638672;0.088832;0.000000;0.000000;0.000000;0.000000;2.000000;-382.962677;-336.285553;1911.280396;0.934747;0.000000;0.000000;0.000000;0.000000;2.000000;-720.634277;-155.391296;1800.457153;0.794032;0.000000;0.000000;0.000000;0.000000;2.000000;-876.408569;-204.137085;1729.994751;0.978254;0.000000;0.000000;0.000000;0.000000;2.000000;451.957062;-557.943726;2072.422852;0.671409;0.000000;0.000000;0.000000;0.000000;2.000000;379.049835;-604.475891;1931.036499;1.042405;0.000000;0.000000;0.000000;0.000000;2.000000;426.386536;-633.412720;1947.003662;1.077730;0.000000;0.000000;0.000000;0.000000;2.000000;532.387329;-605.897827;2018.450928;1.018866;0.000000;0.000000;0.000000;0.000000;2.000000;378.296173;-640.572144;1970.333862;0.970372;0.000000;0.000000;0.000000;0.000000;2.000000;388.915161;-640.569641;2105.057861;0.552682;0.000000;0.000000;0.000000;0.000000;2.000000;4986033152.000000
0.000000;-150.000000;2000.000000;0.000000;0.000000;0.000000;0.000000;0.000000;2.000000;163.116806;-214.316162;2057.814941;0.136655;0.000000;0.000000;0.000000;0.000000;2.000000;285.756470;-290.586365;2088.271973;0.553873;0.000000;0.000000;0.000000;0.000000;2.000000;425.334686;-466.591064;2092.545654;0.778100;0.000000;0.000000;0.000000;0.000000;2.000000;421.142853;-423.565552;2066.010742;0.735270;0.000000;0.000000;0.000000;0.000000;2.000000;479.260315;-353.584229;1949.349365;1.041603;0.000000;0.000000;0.000000;0.000000;2.000000;297.397797;-154.096252;1854.944458;1.025773;0.000000;0.000000;0.000000;0.000000;2.000000;93.112122;-88.736328;1747.214844;1.483368;0.000000;0.000000;0.000000;0.000000;2.000000;7.270050;-134.220581;1769.403687;1.170026;0.000000;0.000000;0.000000;0.000000;2.000000;115.380234;-118.574951;1745.501343;2.330965;0.000000;0.000000;0.000000;0.000000;2.000000;-27.066833;-158.093750;1769.601807;2.259648;0.000000;0.000000;0.000000;0.000000;2.000000;384.738953;-450.360291;2118.990479;0.744416;0.000000;0.000000;0.000000;0.000000;2.000000;297.975983;-499.104370;2211.823486;0.800415;0.000000;0.000000;0.000000;0.000000;2.000000;15.924164;-554.876343;2259.169922;1.379243;0.000000;0.000000;0.000000;0.000000;2.000000;-171.664764;-685.819580;2177.058594;1.396092;0.000000;0.000000;0.000000;0.000000;2.000000;-243.048248;-706.113831;2254.548584;1.522668;0.000000;0.000000;0.000000;0.000000;2.000000;-298.152069;-744.710205;2167.631104;2.104973;0.000000;0.000000;0.000000;0.000000;2.000000;-298.063446;-737.683350;2176.201416;2.219326;0.000000;0.000000;0.000000;0.000000;2.000000;41.371643;-114.171570;1923.132690;0.097315;0.000000;0.000000;0.000000;0.000000;2.000000;-231.604523;-78.895630;1613.494507;0.252535;0.000000;0.000000;0.000000;0.000000;2.000000;-507.449554;-25.105286;1334.605225;0.452999;0.000000;0.000000;0.000000;0.000000;2.000000;-531.024658;-142.984314;1182.506104;0.145452;0.000000;0.000000;0.000000;0.000000;2.000000;-37.306610;-182.308044;2069.314697;0.087750;0.000000;0.000000;0.000000;0.000000;2.000000;-394.975189;-324.379578;1917.144409;0.537885;0.000000;0.000000;0.000000;0.000000;2.000000;-734.254028;-138.992432;1814.187378;0.761907;0.000000;0.000000;0.000000;0.000000;2.000000;-891.133057;-197.654236;1752.839233;0.839578;0.000000;0.000000;0.000000;0.000000;2.000000;468.971313;-538.611511;2085.132324;0.862935;0.000000;0.000000;0.000000;0.000000;2.000000;398.295044;-595.237244;1945.666016;0.777632;0.000000;0.000000;0.000000;0.000000;2.000000;445.936279;-622.545776;1964.095703;0.845852;0.000000;0.000000;0.000000;0.000000;2.000000;550.975708;-588.991333;2035.172241;0.906914;0.000000;0.000000;0.000000;0.000000;2.000000;397.477600;-628.869141;1987.317627;0.846341;0.000000;0.000000;0.000000;0.000000;2.000000;406.348907;-620.095459;2122.330566;0.960352;0.000000;0.000000;0.000000;0.000000;2.000000;4986066432.000000
0.000000;-150.000000;2000.000000;0.000000;0.000000;0.000000;0.000000;0.000000;2.000000;164.986786;-210.102539;2059.063477;0.141336;0.000000;0.000000;0.000000;0.000000;2.000000;289.379395;-284.400146;2089.754395;0.216640;0.000000;0.000000;0.000000;0.000000;2.000000;435.333038;-455.824036;2101.489258;0.509034;0.000000;0.000000;0.000000;0.000000;2.000000;430.614136;-413.127930;2074.187012;0.482191;0.000000;0.000000;0.000000;0.000000;2.000000;482.099365;-341.300079;1954.914429;0.407834;0.000000;0.000000;0.000000;0.000000;2.000000;284.692627;-159.848511;1852.679688;0.418128;0.000000;0.000000;0.000000;0.000000;2.000000;84.466751;-94.539124;1735.837646;0.456397;0.000000;0.000000;0.000000;0.000000;2.000000;-7.120209;-123.207764;1763.917480;0.560282;0.000000;0.000000;0.000000;0.000000;2.000000;101.337555;-120.811340;1735.257813;0.518616;0.000000;0.000000;0.000000;0.000000;2.000000;-44.937561;-157.760986;1756.864990;0.649493;0.000000;0.000000;0.000000;0.000000;2.000000;393.071289;-440.711884;2126.275391;0.434510;0.000000;0.000000;0.000000;0.000000;2.000000;297.575623;-484.446442;2213.553223;0.436940;0.000000;0.000000;0.000000;0.000000;2.000000;11.157013;-535.526672;2242.647949;0.766054;0.000000;0.000000;0.000000;0.000000;2.000000;-167.707062;-668.482483;2143.571777;1.122034;0.000000;0.000000;0.000000;0.000000;2.000000;-253.219940;-699.342590;2201.250000;1.618175;0.000000;0.000000;0.000000;0.000000;2.000000;-286.328827;-734.548218;2102.111084;1.993055;0.000000;0.000000;0.000000;0.000000;2.000000;-286.043732;-684.427368;2132.357910;2.072114;0.000000;0.000000;0.000000;0.000000;2.000000;40.974762;-113.217346;1922.971436;0.030953;0.000000;0.000000;0.000000;0.000000;2.000000;-239.558014;-81.318909;1617.841309;0.277644;0.000000;0.000000;0.000000;0.000000;2.000000;-519.675537;-33.912109;1340.115356;0.474774;0.000000;0.000000;0.000000;0.000000;2.000000;-540.056763;-146.321777;1182.656250;0.284984;0.000000;0.000000;0.000000;0.000000;2.000000;-36.948730;-183.168579;2069.460205;0.027914;0.000000;0.000000;0.000000;0.000000;2.000000;-409.529999;-322.762512;1950.525513;1.078720;0.000000;0.000000;0.000000;0.000000;2.000000;-747.458008;-145.254395;1826.111938;0.558162;0.000000;0.000000;0.000000;0.000000;2.000000;-904.269409;-204.209351;1763.104858;0.530130;0.000000;0.000000;0.000000;0.000000;2.000000;481.898407;-526.556763;2096.597900;0.623479;0.000000;0.000000;0.000000;0.000000;2.000000;401.931458;-585.576904;1962.563599;0.585963;0.000000;0.000000;0.000000;0.000000;2.000000;452.951599;-610.029297;1975.878418;0.549430;0.000000;0.000000;0.000000;0.000000;2.000000;562.199707;-570.607910;2037.850952;0.642310;0.000000;0.000000;0.000000;0.000000;2.000000;407.260254;-620.020691;2003.449341;0.616659;0.000000;0.000000;0.000000;0.000000;2.000000;428.322723;-612.981445;2137.679688;0.820662;0.000000;0.000000;0.000000;0.000000;1.000000;4986100224.000000
0.000000;-150.000000;2000.000000;0.000000;0.000000;0.000000;0.000000;0.000000;2.000000;170.560379;-200.034668;2058.407227;0.346346;0.000000;0.000000;0.000000;0.000000;2.000000;304.438660;-255.161499;2095.964600;1.005712;0.000000;0.000000;0.000000;0.000000;2.000000;450.256683;-429.946838;2101.144531;0.897660;0.000000;0.000000;0.000000;0.000000;2.000000;445.381958;-386.202148;2074.594482;0.922849;0.000000;0.000000;0.000000;0.000000;2.000000;497.680664;-317.192902;1952.210693;0.866325;0.000000;0.000000;0.000000;0.000000;2.000000;291.839813;-140.507385;1850.232544;0.623923;0.000000;0.000000;0.000000;0.000000;2.000000;83.996414;-85.162537;1736.644043;0.283141;0.000000;0.000000;0.000000;0.000000;2.000000;-10.036011;-48.750183;1742.114380;2.332901;0.000000;0.000000;0.000000;0.000000;2.000000;84.753128;-102.367249;1710.786377;1.046984;0.000000;0.000000;0.000000;0.000000;2.000000;-40.856506;-128.937988;1718.369751;1.450206;0.000000;0.000000;0.000000;0.000000;2.000000;408.247437;-414.803253;2127.357422;0.902815;0.000000;0.000000;0.000000;0.000000;2.000000;310.173431;-459.373871;2213.475342;0.843139;0.000000;0.000000;0.000000;0.000000;2.000000;19.550934;-507.737152;2233.357910;0.915860;0.000000;0.000000;0.000000;0.000000;2.000000;-148.109192;-625.924377;2097.000000;1.985039;0.000000;0.000000;0.000000;0.000000;2.000000;-228.967682;-655.106384;2163.580566;1.891836;0.000000;0.000000;0.000000;0.000000;2.000000;-230.108978;-691.765137;2058.407227;2.496178;0.000000;0.000000;0.000000;0.000000;2.000000;-252.912384;-672.314941;2043.796021;2.864451;0.000000;0.000000;0.000000;0.000000;2.000000;38.466675;-109.438354;1922.417114;0.137299;0.000000;0.000000;0.000000;0.000000;2.000000;-241.650299;-72.386108;1611.889038;0.328614;0.000000;0.000000;0.000000;0.000000;2.000000;-523.049072;-20.976868;1330.528564;0.494296;0.000000;0.000000;0.000000;0.000000;2.000000;-545.931396;-137.926941;1174.329102;0.396733;0.000000;0.000000;0.000000;0.000000;2.000000;-34.687073;-186.576172;2069.959961;0.123806;0.000000;0.000000;0.000000;0.000000;2.000000;-424.359528;-294.988800;1959.104858;0.980553;0.000000;0.000000;0.000000;0.000000;2.000000;-774.724487;-126.919312;1843.372925;1.115256;0.000000;0.000000;0.000000;0.000000;2.000000;-913.339966;-199.483154;1752.850708;0.435189;0.000000;0.000000;0.000000;0.000000;2.000000;496.436432;-501.719971;2093.737305;0.869010;0.000000;0.000000;0.000000;0.000000;2.000000;409.762878;-574.771118;1969.038940;0.445712;0.000000;0.000000;0.000000;0.000000;2.000000;464.843109;-593.133789;1977.675293;0.623159;0.000000;0.000000;0.000000;0.000000;2.000000;575.679749;-539.150940;2027.438721;1.074893;0.000000;0.000000;0.000000;0.000000;2.000000;423.170197;-607.217224;2010.408813;0.648293;0.000000;0.000000;0.000000;0.000000;2.000000;457.007141;-592.850708;2142.804932;1.064190;0.000000;0.000000;0.000000;0.000000;2.000000;4986133504.000000
0.000000;-150.000000;2000.000000;0.000000;0.000000;0.000000;0.000000;0.000000;2.000000;170.114075;-198.056580;2058.849609;0.062365;0.000000;0.000000;0.000000;0.000000;2.000000;304.866486;-245.931641;2100.498535;0.309262;0.000000;0.000000;0.000000;0.000000;2.000000;452.721497;-417.372559;2112.779297;0.520062;0.000000;0.000000;0.000000;0.000000;2.000000;447.958923;-374.301605;2085.534668;0.491864;0.000000;0.000000;0.000000;0.000000;2.000000;501.812317;-314.535248;1959.780396;0.271156;0.000000;0.000000;0.000000;0.000000;2.000000;289.963226;-141.446899;1867.898682;0.534566;0.000000;0.000000;0.000000;0.000000;2.000000;81.201874;-184.944214;1753.034912;3.039590;0.000000;0.000000;0.000000;0.000000;2.000000;-6.050934;-167.542175;1799.899536;3.971185;0.000000;0.000000;0.000000;0.000000;2.000000;74.211060;-184.286987;1722.369507;2.506115;0.000000;0.000000;0.000000;0.000000;1.000000;-26.979553;-173.859192;1829.250488;3.618894;0.000000;0.000000;0.000000;0.000000;2.000000;409.859863;-402.622803;2137.355469;0.475979;0.000000;0.000000;0.000000;0.000000;2.000000;308.248779;-448.335968;2217.648926;0.359270;0.000000;0.000000;0.000000;0.000000;2.000000;18.346680;-497.418274;2220.907959;0.487234;0.000000;0.000000;0.000000;0.000000;2.000000;-143.520935;-596.630432;2065.609863;1.297481;0.000000;0.000000;0.000000;0.000000;2.000000;-228.633667;-624.345947;2126.527588;1.447070;0.000000;0.000000;0.000000;0.000000;2.000000;-232.143616;-656.316101;2020.376953;1.563388;0.000000;0.000000;0.000000;0.000000;2.000000;-246.521912;-609.980591;2013.188843;2.095454;0.000000;0.000000;0.000000;0.000000;2.000000;38.075378;-110.566833;1922.137939;0.036857;0.000000;0.000000;0.000000;0.000000;2.000000;-241.343018;-75.693298;1613.117310;0.106408;0.000000;0.000000;0.000000;0.000000;2.000000;-522.529053;-25.839844;1333.675293;0.174747;0.000000;0.000000;0.000000;0.000000;2.000000;-544.176880;-139.204590;1175.705078;0.077218;0.000000;0.000000;0.000000;0.000000;2.000000;-34.334259;-185.558594;2070.211426;0.033232;0.000000;0.000000;0.000000;0.000000;2.000000;-427.709900;-281.285797;1967.739746;0.496983;0.000000;0.000000;0.000000;0.000000;2.000000;-785.182129;-129.623474;1857.162476;0.526336;0.000000;0.000000;0.000000;0.000000;2.000000;-926.555054;-189.454651;1763.176392;0.587153;0.000000;0.000000;0.000000;0.000000;2.000000;500.096191;-488.147858;2107.916748;0.599949;0.000000;0.000000;0.000000;0.000000;2.000000;436.948090;-561.055176;1970.597534;0.916142;0.000000;0.000000;0.000000;0.000000;2.000000;493.320557;-570.932312;1982.481689;1.094580;0.000000;0.000000;0.000000;0.000000;2.000000;588.896362;-505.197388;2046.285522;1.232603;0.000000;0.000000;0.000000;0.000000;2.000000;452.522400;-594.753235;2009.854370;0.958345;0.000000;0.000000;0.000000;0.000000;2.000000;473.387817;-588.547668;2144.937500;0.512926;0.000000;0.000000;0.000000;0.000000;1.000000;4986166784.000000
0.000000;-150.000000;2000.000000;0.000000;0.000000;0.000000;0.000000;0.000000;2.000000;169.889313;-197.339661;2060.960938;0.067339;0.000000;0.000000;0.000000;0.000000;2.000000;304.441833;-245.850281;2103.344238;0.086489;0.000000;0.000000;0.000000;0.000000;2.000000;468.314484;-402.133057;2120.243652;0.692476;0.000000;0.000000;0.000000;0.000000;2.000000;460.400269;-359.290131;2093.223633;0.629758;0.000000;0.000000;0.000000;0.000000;2.000000;515.455444;-294.893280;1970.025513;0.781772;0.000000;0.000000;0.000000;0.000000;2.000000;297.124939;-144.499695;1854.895386;0.455400;0.000000;0.000000;0.000000;0.000000;2.000000;90.558029;-99.173889;1736.044678;2.642310;0.000000;0.000000;0.000000;0.000000;2.000000;2.952881;-91.680237;1785.165649;2.337808;0.000000;0.000000;0.000000;0.000000;2.000000;84.620605;-89.368042;1707.075928;2.905800;0.000000;0.000000;0.000000;0.000000;2.000000;-18.073486;-149.981201;1761.527954;2.174248;0.000000;0.000000;0.000000;0.000000;2.000000;423.130646;-392.065674;2143.135254;0.538333;0.000000;0.000000;0.000000;0.000000;2.000000;316.598969;-438.051086;2217.004150;0.398542;0.000000;0.000000;0.000000;0.000000;2.000000;25.139862;-475.753082;2197.966309;0.969881;0.000000;0.000000;0.000000;0.000000;2.000000;-155.911194;-554.913940;2052.009766;1.369990;0.000000;0.000000;0.000000;0.000000;2.000000;-243.028534;-573.410889;2113.882813;1.635201;0.000000;0.000000;0.000000;0.000000;2.000000;-263.037018;-598.496704;2007.529297;2.007281;0.000000;0.000000;0.000000;0.000000;2.000000;-274.162750;-576.349060;2002.812134;1.344722;0.000000;0.000000;0.000000;0.000000;2.000000;38.981415;-108.923279;1923.262817;0.065746;0.000000;0.000000;0.000000;0.000000;2.000000;-241.040497;-76.949463;1613.594238;0.041385;0.000000;0.000000;0.000000;0.000000;2.000000;-524.207764;-27.515686;1335.190186;0.084570;0.000000;0.000000;0.000000;0.000000;2.000000;-542.484009;-143.498840;1178.320801;0.159420;0.000000;0.000000;0.000000;0.000000;2.000000;-35.151245;-187.040710;2069.197266;0.059284;0.000000;0.000000;0.000000;0.000000;2.000000;-434.537750;-254.165100;1964.618408;0.845572;0.000000;0.000000;0.000000;0.000000;2.000000;-797.346558;-105.042236;1866.357666;0.869196;0.000000;0.000000;0.000000;0.000000;2.000000;-911.388916;-186.654968;1753.069702;0.554055;0.000000;0.000000;0.000000;0.000000;2.000000;522.777649;-467.867126;2116.691406;0.951510;0.000000;0.000000;0.000000;0.000000;2.000000;451.381805;-549.732361;1988.440918;0.768975;0.000000;0.000000;0.000000;0.000000;2.000000;508.499695;-558.875061;1997.454956;0.736014;0.000000;0.000000;0.000000;0.000000;2.000000;607.785400;-489.063873;2050.841309;0.758880;0.000000;0.000000;0.000000;0.000000;2.000000;469.483276;-580.833191;2028.856201;0.872175;0.000000;0.000000;0.000000;0.000000;2.000000;498.679413;-565.733582;2161.895020;1.143291;0.000000;0.000000;0.000000;0.000000;1.000000;4986200064.000000
0.000000;-150.000000;2000.000000;0.000000;0.000000;0.000000;0.000000;0.000000;2.000000;168.241684;-207.021362;2052.440430;0.390682;0.000000;0.000000;0.000000;0.000000;2.000000;302.743256;-252.604248;2094.365234;0.341444;0.000000;0.000000;0.000000;0.000000;2.000000;471.349976;-398.867310;2125.724121;0.212291;0.000000;0.000000;0.000000;0.000000;2.000000;461.787689;-359.605774;2094.795166;0.063701;0.000000;0.000000;0.000000;0.000000;2.000000;505.576172;-296.515259;1967.796753;0.308192;0.000000;0.000000;0.000000;0.000000;2.000000;281.486359;-130.975403;1899.306030;1.471981;0.000000;0.000000;0.000000;0.000000;2.000000;79.159760;-251.458984;1949.610352;7.889035;0.000000;0.000000;0.000000;0.000000;2.000000;56.581726;-209.671936;2037.578003;8.525932;0.000000;0.000000;0.000000;0.000000;2.000000;37.401337;-250.717896;1934.951782;8.509010;0.000000;0.000000;0.000000;0.000000;2.000000;-19.719086;-270.268250;2029.042969;8.813668;0.000000;0.000000;0.000000;0.000000;2.000000;426.195526;-388.359833;2147.595215;0.197080;0.000000;0.000000;0.000000;0.000000;2.000000;314.633667;-432.752594;2212.593506;0.215406;0.000000;0.000000;0.000000;0.000000;2.000000;25.572449;-469.490234;2189.173340;0.324640;0.000000;0.000000;0.000000;0.000000;2.000000;-161.057373;-540.468384;2049.203613;0.468434;0.000000;0.000000;0.000000;0.000000;2.000000;-252.342560;-522.757568;2103.424805;1.579134;0.000000;0.000000;0.000000;0.000000;2.000000;-283.986664;-552.141052;2001.964478;1.537658;0.000000;0.000000;0.000000;0.000000;2.000000;-269.756378;-497.488403;2052.327148;2.801112;0.000000;0.000000;0.000000;0.000000;2.000000;36.564819;-116.132141;1919.517456;0.254675;0.000000;0.000000;0.000000;0.000000;2.000000;-246.472260;-88.103638;1616.448608;0.382529;0.000000;0.000000;0.000000;0.000000;2.000000;-528.626221;-38.350220;1341.328857;0.397036;0.000000;0.000000;0.000000;0.000000;2.000000;-550.739136;-149.461548;1183.234863;0.339755;0.000000;0.000000;0.000000;0.000000;2.000000;-32.972107;-180.540161;2072.574707;0.229652;0.000000;0.000000;0.000000;0.000000;2.000000;-425.660431;-251.276489;1957.827393;0.346881;0.000000;0.000000;0.000000;0.000000;2.000000;-782.327637;-92.890137;1863.932373;0.585069;0.000000;0.000000;0.000000;0.000000;2.000000;-916.618774;-160.461182;1766.867065;0.903360;0.000000;0.000000;0.000000;0.000000;2.000000;527.898926;-462.009430;2128.475098;0.424301;0.000000;0.000000;0.000000;0.000000;2.000000;474.701904;-551.101074;1997.845337;0.756677;0.000000;0.000000;0.000000;0.000000;2.000000;529.899170;-558.669800;2014.361206;0.819493;0.000000;0.000000;0.000000;0.000000;2.000000;620.131958;-484.923401;2075.532227;0.838779;0.000000;0.000000;0.000000;0.000000;2.000000;487.771851;-579.495728;2041.527222;0.669752;0.000000;0.000000;0.000000;0.000000;2.000000;499.564819;-557.080566;2175.174316;0.476997;0.000000;0.000000;0.000000;0.000000;1.000000;4986233344.000000
0.000000;-150.000000;2000.000000;0.000000;0.000000;0.000000;0.000000;0.000000;2.000000;168.630020;-205.325195;2052.050537;0.053582;0.000000;0.000000;0.000000;0.000000;2.000000;303.908966;-246.605774;2095.148926;0.185118;0.000000;0.000000;0.000000;0.000000;2.000000;478.813721;-382.863800;2133.849365;0.584077;0.000000;0.000000;0.000000;0.000000;2.000000;467.970428;-344.977417;2101.771973;0.521220;0.000000;0.000000;0.000000;0.000000;2.000000;507.510803;-286.376648;1971.524292;0.329748;0.000000;0.000000;0.000000;0.000000;2.000000;269.555145;-150.516296;1887.926270;0.768256;0.000000;0.000000;0.000000;0.000000;2.000000;87.800446;-268.276184;1992.381348;1.405157;0.000000;0.000000;0.000000;0.000000;2.000000;9.833405;-256.833069;2053.660645;2.053018;0.000000;0.000000;0.000000;0.000000;2.000000;51.907227;-302.596436;1960.475830;1.791148;0.000000;0.000000;0.000000;0.000000;1.000000;-9.713196;-297.052399;2077.593262;1.693027;0.000000;0.000000;0.000000;0.000000;2.000000;432.752014;-374.207947;2154.425293;0.511624;0.000000;0.000000;0.000000;0.000000;2.000000;323.205536;-421.189514;2220.601074;0.494930;0.000000;0.000000;0.000000;0.000000;2.000000;35.336823;-466.496094;2237.429199;1.482115;0.000000;0.000000;0.000000;0.000000;2.000000;109.675690;-601.280518;2048.768555;8.337716;0.000000;0.000000;0.000000;0.000000;2.000000;211.919739;-568.146484;2047.795776;14.116017;0.000000;0.000000;0.000000;0.000000;2.000000;288.982208;-551.420898;1970.952271;17.241827;0.000000;0.000000;0.000000;0.000000;2.000000;211.791687;-619.280518;2022.673218;14.951786;0.000000;0.000000;0.000000;0.000000;2.000000;36.125732;-115.312073;1919.832153;0.029508;0.000000;0.000000;0.000000;0.000000;2.000000;-251.852448;-84.084961;1622.622192;0.274096;0.000000;0.000000;0.000000;0.000000;2.000000;-540.216064;-28.224426;1356.086914;0.640705;0.000000;0.000000;0.000000;0.000000;2.000000;-551.506226;-149.396179;1204.734375;0.646433;0.000000;0.000000;0.000000;0.000000;2.000000;-32.576172;-181.279663;2072.291016;0.026608;0.000000;0.000000;0.000000;0.000000;2.000000;-425.910065;-237.476379;1953.968628;0.430638;0.000000;0.000000;0.000000;0.000000;2.000000;-784.143433;-88.644226;1853.171875;0.351849;0.000000;0.000000;0.000000;0.000000;2.000000;-904.953491;-167.788086;1747.962524;0.702858;0.000000;0.000000;0.000000;0.000000;2.000000;538.380005;-442.795776;2139.438232;0.735538;0.000000;0.000000;0.000000;0.000000;2.000000;493.106293;-528.808472;2004.153687;0.889076;0.000000;0.000000;0.000000;0.000000;2.000000;548.539734;-532.933960;2020.797974;0.974242;0.000000;0.000000;0.000000;0.000000;2.000000;632.295410;-455.793488;2086.417480;1.003349;0.000000;0.000000;0.000000;0.000000;2.000000;508.042938;-558.261841;2046.416260;0.894251;0.000000;0.000000;0.000000;0.000000;2.000000;517.230347;-541.878662;2180.937744;0.721395;0.000000;0.000000;0.000000;0.000000;2.000000;4986266624.000000
0.000000;-150.000000;2000.000000;0.000000;0.000000;0.000000;0.000000;0.000000;2.000000;171.963379;-200.191528;2051.247314;0.185499;0.000000;0.000000;0.000000;0.000000;2.000000;310.114166;-234.819031;2094.877930;0.400334;0.000000;0.000000;0.000000;0.000000;2.000000;493.448486;-363.023438;2131.811523;0.743330;0.000000;0.000000;0.000000;0.000000;2.000000;480.106445;-325.738953;2099.372070;0.687281;0.000000;0.000000;0.000000;0.000000;2.000000;511.588623;-267.809265;1965.421143;0.599928;0.000000;0.000000;0.000000;0.000000;2.000000;262.540619;-154.979797;1873.011963;0.513077;0.000000;0.000000;0.000000;0.000000;2.000000;86.612427;-255.024963;2006.114990;0.574554;0.000000;0.000000;0.000000;0.000000;2.000000;21.648743;-268.607178;2081.672852;0.979639;0.000000;0.000000;0.000000;0.000000;2.000000;58.154083;-307.931488;1982.394287;0.703346;0.000000;0.000000;0.000000;0.000000;1.000000;41.645447;-336.353668;2095.820557;2.018939;0.000000;0.000000;0.000000;0.000000;2.000000;447.054504;-356.361725;2153.312988;0.688020;0.000000;0.000000;0.000000;0.000000;2.000000;339.377350;-407.796295;2221.317139;0.631309;0.000000;0.000000;0.000000;0.000000;2.000000;47.660858;-435.259033;2196.344482;1.594415;0.000000;0.000000;0.000000;0.000000;2.000000;118.550354;-569.741028;2003.833862;1.671015;0.000000;0.000000;0.000000;0.000000;2.000000;212.449097;-606.402161;2043.382690;1.157242;0.000000;0.000000;0.000000;0.000000;2.000000;286.542175;-633.021545;1965.242432;2.459031;0.000000;0.000000;0.000000;0.000000;2.000000;249.820816;-569.515015;2043.937134;1.987488;0.000000;0.000000;0.000000;0.000000;2.000000;34.548706;-114.810852;1918.533936;0.063198;0.000000;0.000000;0.000000;0.000000;2.000000;-263.558350;-84.612854;1626.931519;0.375152;0.000000;0.000000;0.000000;0.000000;2.000000;-560.493835;-32.148376;1364.747559;0.672964;0.000000;0.000000;0.000000;0.000000;2.000000;-578.105835;-148.522949;1208.454346;0.807472;0.000000;0.000000;0.000000;0.000000;2.000000;-31.154053;-181.731506;2073.461426;0.056984;0.000000;0.000000;0.000000;0.000000;2.000000;-425.833130;-238.186157;1949.055176;0.149190;0.000000;0.000000;0.000000;0.000000;2.000000;-776.534119;-77.209473;1830.161255;0.805235;0.000000;0.000000;0.000000;0.000000;2.000000;-898.082947;-152.831787;1721.020752;0.948660;0.000000;0.000000;0.000000;0.000000;2.000000;556.410278;-420.369629;2136.862305;0.868103;0.000000;0.000000;0.000000;0.000000;2.000000;494.112274;-511.685944;2010.591064;0.550489;0.000000;0.000000;0.000000;0.000000;2.000000;552.091614;-512.510010;2018.000244;0.628559;0.000000;0.000000;0.000000;0.000000;2.000000;641.611572;-429.203156;2068.750977;0.999270;0.000000;0.000000;0.000000;0.000000;2.000000;517.566284;-539.765503;2050.354492;0.636224;0.000000;0.000000;0.000000;0.000000;2.000000;547.893677;-520.474243;2182.386230;1.124492;0.000000;0.000000;0.000000;0.000000;1.000000;4986299904.000000
0.000000;-150.000000;2000.000000;0.000000;0.000000;0.000000;0.000000;0.000000;2.000000;178.569870;-189.954163;2060.398193;0.457864;0.000000;0.000000;0.000000;0.000000;2.000000;321.085632;-203.146240;2117.378906;1.213076;0.000000;0.000000;0.000000;0.000000;2.000000;505.518921;-346.952454;2134.461670;0.609165;0.000000;0.000000;0.000000;0.000000;2.000000;489.790863;-308.345642;2101.829102;0.602726;0.000000;0.000000;0.000000;0.000000;2.000000;476.555450;-243.293457;1962.426636;1.287978;0.000000;0.000000;0.000000;0.000000;2.000000;181.701416;-201.173401;1981.792969;4.302454;0.000000;0.000000;0.000000;0.000000;2.000000;-35.367126;-297.157440;2061.951660;4.225137;0.000000;0.000000;0.000000;0.000000;2.000000;-128.986206;-317.480103;2102.443848;4.799317;0.000000;0.000000;0.000000;0.000000;2.000000;-225.855316;-376.133453;2074.209717;9.199959;0.000000;0.000000;0.000000;0.000000;2.000000;-162.410522;-371.532745;2068.426270;6.276155;0.000000;0.000000;0.000000;0.000000;2.000000;461.442566;-336.434845;2162.580566;0.789290;0.000000;0.000000;0.000000;0.000000;2.000000;351.413574;-393.154083;2232.244141;0.657404;0.000000;0.000000;0.000000;0.000000;2.000000;50.440918;-415.751984;2194.886719;0.593690;0.000000;0.000000;0.000000;0.000000;2.000000;98.264435;-566.647278;1996.645508;0.653338;0.000000;0.000000;0.000000;0.000000;2.000000;209.603302;-576.509216;2003.502808;1.500026;0.000000;0.000000;0.000000;0.000000;2.000000;302.659912;-627.597656;1960.022949;0.534521;0.000000;0.000000;0.000000;0.000000;2.000000;231.225632;-550.401062;1988.070068;1.860132;0.000000;0.000000;0.000000;0.000000;2.000000;36.675476;-111.156006;1917.263062;0.132676;0.000000;0.000000;0.000000;0.000000;2.000000;-281.893250;-83.263672;1626.220093;0.552832;0.000000;0.000000;0.000000;0.000000;2.000000;-598.655762;-32.928284;1365.650879;1.147253;0.000000;0.000000;0.000000;0.000000;2.000000;-608.708435;-158.191345;1207.059204;0.965261;0.000000;0.000000;0.000000;0.000000;2.000000;-33.071899;-185.027405;2074.607422;0.119644;0.000000;0.000000;0.000000;0.000000;2.000000;-438.493774;-241.605835;1936.767456;0.540009;0.000000;0.000000;0.000000;0.000000;2.000000;-790.820740;-56.576538;1810.236816;0.962856;0.000000;0.000000;0.000000;0.000000;2.000000;-908.801453;-148.460632;1699.348755;0.738271;0.000000;0.000000;0.000000;0.000000;2.000000;566.955933;-410.258453;2132.935547;0.454577;0.000000;0.000000;0.000000;0.000000;2.000000;491.936951;-504.007019;2007.610962;0.255989;0.000000;0.000000;0.000000;0.000000;2.000000;552.357056;-502.004883;2008.113892;0.433535;0.000000;0.000000;0.000000;0.000000;2.000000;646.352295;-412.788513;2052.318115;0.712307;0.000000;0.000000;0.000000;0.000000;2.000000;522.285706;-532.957397;2044.537476;0.304156;0.000000;0.000000;0.000000;0.000000;2.000000;568.764282;-515.438171;2177.049316;0.664753;0.000000;0.000000;0.000000;0.000000;1.000000;4986333184.000000
0.000000;-150.000000;2000.000000;0.000000;0.000000;0.000000;0.000000;0.000000;2.000000;177.618835;-180.747986;2057.975586;0.287469;0.000000;0.000000;0.000000;0.000000;2.000000;319.562836;-198.896179;2107.354736;0.330346;0.000000;0.000000;0.000000;0.000000;2.000000;508.912720;-325.548889;2142.041504;0.689853;0.000000;0.000000;0.000000;0.000000;2.000000;493.406219;-289.345215;2108.052734;0.610516;0.000000;0.000000;0.000000;0.000000;2.000000;507.422119;-220.445313;1973.602295;1.201805;0.000000;0.000000;0.000000;0.000000;2.000000;239.241180;-125.599854;1902.125610;3.725122;0.000000;0.000000;0.000000;0.000000;2.000000;-0.327271;-88.858826;1859.034424;8.801138;0.000000;0.000000;0.000000;0.000000;2.000000;-46.801392;-66.029541;1947.149658;9.217367;0.000000;0.000000;0.000000;0.000000;2.000000;-122.472870;-141.775879;1906.051147;9.207110;0.000000;0.000000;0.000000;0.000000;2.000000;-60.028687;-176.236938;1924.235352;7.916599;0.000000;0.000000;0.000000;0.000000;2.000000;462.748901;-318.227722;2165.738770;0.556644;0.000000;0.000000;0.000000;0.000000;2.000000;356.310150;-372.449951;2237.944336;0.661829;0.000000;0.000000;0.000000;0.000000;2.000000;59.907379;-373.159698;2199.783203;1.319276;0.000000;0.000000;0.000000;0.000000;2.000000;110.241806;-522.128662;2006.344849;1.415593;0.000000;0.000000;0.000000;0.000000;2.000000;194.777359;-575.889587;2051.875488;1.520358;0.000000;0.000000;0.000000;0.000000;2.000000;284.831024;-612.402588;1994.736938;1.258373;0.000000;0.000000;0.000000;0.000000;2.000000;254.741241;-553.103088;1981.207275;0.740539;0.000000;0.000000;0.000000;0.000000;2.000000;33.510971;-111.080261;1917.974487;0.097487;0.000000;0.000000;0.000000;0.000000;2.000000;-286.691223;-79.547668;1640.451416;0.464882;0.000000;0.000000;0.000000;0.000000;2.000000;-603.868286;-27.213379;1392.342896;0.835042;0.000000;0.000000;0.000000;0.000000;2.000000;-625.640747;-148.777771;1236.510254;1.059246;0.000000;0.000000;0.000000;0.000000;2.000000;-30.218292;-185.095642;2073.965820;0.087910;0.000000;0.000000;0.000000;0.000000;2.000000;-426.577881;-212.523499;1924.630005;1.012352;0.000000;0.000000;0.000000;0.000000;2.000000;-782.648499;-50.822876;1800.323242;0.422994;0.000000;0.000000;0.000000;0.000000;2.000000;-902.078064;-134.737122;1690.042603;0.537637;0.000000;0.000000;0.000000;0.000000;2.000000;573.739014;-382.920746;2146.828613;0.943709;0.000000;0.000000;0.000000;0.000000;2.000000;506.984863;-479.683502;2023.263672;0.979715;0.000000;0.000000;0.000000;0.000000;2.000000;566.233704;-476.332886;2026.012207;1.028664;0.000000;0.000000;0.000000;0.000000;2.000000;654.853149;-385.523926;2070.783936;1.021904;0.000000;0.000000;0.000000;0.000000;2.000000;535.978394;-506.546448;2061.383789;1.027287;0.000000;0.000000;0.000000;0.000000;2.000000;576.096497;-485.126099;2192.798584;1.049802;0.000000;0.000000;0.000000;0.000000;1.000000;4986366464.000000
0.000000;-150.000000;2000.000000;0.000000;0.000000;0.000000;0.000000;0.000000;2.000000;177.907562;-174.903870;2054.809082;0.196884;0.000000;0.000000;0.000000;0.000000;2.000000;320.081055;-198.762085;2096.794434;0.312910;0.000000;0.000000;0.000000;0.000000;2.000000;512.742798;-312.411224;2143.744385;0.408088;0.000000;0.000000;0.000000;0.000000;2.000000;497.429199;-277.363617;2109.106445;0.375320;0.000000;0.000000;0.000000;0.000000;2.000000;509.036133;-211.706848;1974.188721;0.263542;0.000000;0.000000;0.000000;0.000000;2.000000;267.805908;-118.732300;1840.777710;2.012892;0.000000;0.000000;0.000000;0.000000;2.000000;45.493439;-115.205750;1739.858154;3.858053;0.000000;0.000000;0.000000;0.000000;2.000000;-5.605469;-61.403687;1808.928223;4.270362;0.000000;0.000000;0.000000;0.000000;2.000000;-39.325745;-129.648193;1724.395630;5.922943;0.000000;0.000000;0.000000;0.000000;2.000000;-57.813293;-160.355652;1791.458252;3.957796;0.000000;0.000000;0.000000;0.000000;2.000000;465.096222;-308.197784;2164.089355;0.308717;0.000000;0.000000;0.000000;0.000000;2.000000;357.831757;-353.998779;2238.685059;0.548314;0.000000;0.000000;0.000000;0.000000;2.000000;62.547485;-350.080475;2213.008789;0.791040;0.000000;0.000000;0.000000;0.000000;2.000000;86.868713;-509.238312;2025.348755;0.969638;0.000000;0.000000;0.000000;0.000000;2.000000;178.033569;-558.065430;2060.257813;0.765029;0.000000;0.000000;0.000000;0.000000;2.000000;262.867432;-600.507080;2001.061890;0.762500;0.000000;0.000000;0.000000;0.000000;2.000000;227.190491;-539.781128;1987.880127;0.926895;0.000000;0.000000;0.000000;0.000000;2.000000;30.768555;-112.083740;1917.355225;0.088340;0.000000;0.000000;0.000000;0.000000;2.000000;-290.539337;-84.363831;1646.031128;0.246059;0.000000;0.000000;0.000000;0.000000;2.000000;-608.359619;-34.086487;1403.761475;0.416193;0.000000;0.000000;0.000000;0.000000;2.000000;-642.160767;-151.573181;1249.000610;0.618436;0.000000;0.000000;0.000000;0.000000;2.000000;-27.745331;-184.190735;2074.524414;0.079661;0.000000;0.000000;0.000000;0.000000;2.000000;-416.215607;-212.855957;1914.802979;0.422730;0.000000;0.000000;0.000000;0.000000;2.000000;-770.486328;-61.389404;1783.603027;0.687124;0.000000;0.000000;0.000000;0.000000;2.000000;-894.444458;-141.942200;1678.382324;0.464284;0.000000;0.000000;0.000000;0.000000;2.000000;580.064148;-365.150421;2152.787598;0.585385;0.000000;0.000000;0.000000;0.000000;2.000000;503.806152;-475.410492;2049.614746;0.795569;0.000000;0.000000;0.000000;0.000000;2.000000;561.693604;-467.283936;2042.188721;0.564731;0.000000;0.000000;0.000000;0.000000;2.000000;647.121582;-367.369232;2065.223389;0.606681;0.000000;0.000000;0.000000;0.000000;2.000000;540.605835;-496.646027;2083.695313;0.735210;0.000000;0.000000;0.000000;0.000000;2.000000;598.924316;-462.108582;2203.826660;1.013325;0.000000;0.000000;0.000000;0.000000;1.000000;4986400256.000000
0.000000;-150.000000;2000.000000;0.000000;0.000000;0.000000;0.000000;0.000000;2.000000;177.833084;-175.795837;2054.764648;0.026928;0.000000;0.000000;0.000000;0.000000;2.000000;319.991333;-197.113464;2098.247070;0.066079;0.000000;0.000000;0.000000;0.000000;2.000000;521.342041;-297.080200;2139.768066;0.541531;0.000000;0.000000;0.000000;0.000000;2.000000;501.261169;-267.241150;2102.753906;0.377104;0.000000;0.000000;0.000000;0.000000;2.000000;505.789551;-210.702393;1963.325928;0.342007;0.000000;0.000000;0.000000;0.000000;2.000000;247.091293;-94.708374;1897.839111;1.961715;0.000000;0.000000;0.000000;0.000000;2.000000;25.043518;-173.525391;1833.604736;3.373932;0.000000;0.000000;0.000000;0.000000;2.000000;-16.820313;-168.661682;1925.823120;4.778916;0.000000;0.000000;0.000000;0.000000;2.000000;-37.610626;-149.660095;1815.587402;2.805814;0.000000;0.000000;0.000000;0.000000;1.000000;-77.876556;-202.760010;1912.629028;3.904287;0.000000;0.000000;0.000000;0.000000;2.000000;475.619995;-292.014893;2163.991211;0.580049;0.000000;0.000000;0.000000;0.000000;2.000000;379.233887;-341.728851;2250.093750;0.816711;0.000000;0.000000;0.000000;0.000000;2.000000;93.376083;-263.166412;2253.983398;3.032233;0.000000;0.000000;0.000000;0.000000;2.000000;-78.995605;-379.617065;2120.229004;6.938107;0.000000;0.000000;0.000000;0.000000;2.000000;-16.038971;-461.331238;2084.484375;6.556307;0.000000;0.000000;0.000000;0.000000;1.000000;45.477661;-548.745911;2051.598633;6.884322;0.000000;0.000000;0.000000;0.000000;1.000000;39.561569;-419.311829;2087.521484;7.338493;0.000000;0.000000;0.000000;0.000000;1.000000;30.919083;-114.447754;1916.345093;0.077379;0.000000;0.000000;0.000000;0.000000;2.000000;-290.716064;-90.506470;1644.920654;0.187642;0.000000;0.000000;0.000000;0.000000;2.000000;-614.953674;-27.017944;1414.410645;0.432161;0.000000;0.000000;0.000000;0.000000;2.000000;-679.931763;-137.224915;1264.263916;1.297816;0.000000;0.000000;0.000000;0.000000;2.000000;-27.881073;-182.059021;2075.435303;0.069776;0.000000;0.000000;0.000000;0.000000;2.000000;-413.171814;-208.450134;1907.608398;0.269493;0.000000;0.000000;0.000000;0.000000;2.000000;-768.700745;-66.945068;1768.670654;0.481735;0.000000;0.000000;0.000000;0.000000;2.000000;-895.240112;-150.255798;1668.741699;0.383264;0.000000;0.000000;0.000000;0.000000;2.000000;591.634521;-345.858032;2148.596680;0.687591;0.000000;0.000000;0.000000;0.000000;2.000000;503.513123;-454.615540;2053.544922;0.635971;0.000000;0.000000;0.000000;0.000000;2.000000;561.005615;-449.130829;2041.795776;0.545985;0.000000;0.000000;0.000000;0.000000;2.000000;651.995850;-352.572144;2056.480957;0.536796;0.000000;0.000000;0.000000;0.000000;2.000000;541.787231;-476.796478;2085.339600;0.599535;0.000000;0.000000;0.000000;0.000000;2.000000;610.105286;-442.608398;2200.216797;0.684082;0.000000;0.000000;0.000000;0.000000;1.000000;4986433536.000000
0.000000;-150.000000;2000.000000;0.000000;0.000000;0.000000;0.000000;0.000000;2.000000;177.997116;-166.674805;2053.921387;0.275282;0.000000;0.000000;0.000000;0.000000;2.000000;320.379852;-184.778564;2094.965820;0.383707;0.000000;0.000000;0.000000;0.000000;2.000000;525.331177;-269.912109;2143.789551;0.833904;0.000000;0.000000;0.000000;0.000000;2.000000;504.009399;-244.180725;2104.863770;0.700699;0.000000;0.000000;0.000000;0.000000;2.000000;509.327087;-194.671814;1963.769043;0.493457;0.000000;0.000000;0.000000;0.000000;2.000000;242.603683;-93.190186;1916.665405;0.583330;0.000000;0.000000;0.000000;0.000000;2.000000;35.971710;-220.243530;1926.315308;3.136717;0.000000;0.000000;0.000000;0.000000;2.000000;-4.930588;-222.260681;2018.406982;3.234322;0.000000;0.000000;0.000000;0.000000;2.000000;5.428299;-245.890137;1908.292236;4.218172;0.000000;0.000000;0.000000;0.000000;1.000000;-107.132309;-244.355530;1977.765747;2.483084;0.000000;0.000000;0.000000;0.000000;2.000000;479.550415;-265.551910;2167.365234;0.810252;0.000000;0.000000;0.000000;0.000000;2.000000;384.662476;-315.859253;2253.459961;0.800677;0.000000;0.000000;0.000000;0.000000;2.000000;92.188873;-283.811829;2236.541992;0.812880;0.000000;0.000000;0.000000;0.000000;2.000000;-114.280106;-376.024017;2140.098633;1.221560;0.000000;0.000000;0.000000;0.000000;2.000000;-67.524460;-447.630249;2073.294434;1.635810;0.000000;0.000000;0.000000;0.000000;2.000000;-2.557098;-527.188171;2030.776123;1.701276;0.000000;0.000000;0.000000;0.000000;1.000000;-11.025162;-400.693848;2064.415527;1.762245;0.000000;0.000000;0.000000;0.000000;1.000000;28.679138;-113.471558;1916.624878;0.073900;0.000000;0.000000;0.000000;0.000000;2.000000;-289.031494;-98.061340;1643.864990;0.234737;0.000000;0.000000;0.000000;0.000000;2.000000;-616.899597;-24.076294;1426.172974;0.368983;0.000000;0.000000;0.000000;0.000000;2.000000;-695.066406;-121.202148;1274.830566;0.734453;0.000000;0.000000;0.000000;0.000000;2.000000;-25.861221;-182.939209;2075.183105;0.066637;0.000000;0.000000;0.000000;0.000000;2.000000;-406.755676;-200.937378;1902.575928;0.333160;0.000000;0.000000;0.000000;0.000000;2.000000;-768.708557;-83.737671;1764.709717;0.518432;0.000000;0.000000;0.000000;0.000000;2.000000;-886.972656;-157.115173;1649.925537;0.651045;0.000000;0.000000;0.000000;0.000000;2.000000;597.648499;-313.788849;2156.243896;1.006983;0.000000;0.000000;0.000000;0.000000;2.000000;526.230530;-438.836823;2069.355225;0.957310;0.000000;0.000000;0.000000;0.000000;2.000000;580.573730;-423.266846;2053.976563;1.040995;0.000000;0.000000;0.000000;0.000000;2.000000;652.302185;-311.869965;2061.175293;1.231164;0.000000;0.000000;0.000000;0.000000;2.000000;569.519043;-452.581635;2098.844482;1.178327;0.000000;0.000000;0.000000;0.000000;2.000000;636.581116;-403.427887;2207.897949;1.439514;0.000000;0.000000;0.000000;0.000000;1.000000;4986466816.000000
0.000000;-150.000000;2000.000000;0.000000;0.000000;0.000000;0.000000;0.000000;2.000000;177.725082;-165.424377;2054.686279;0.044797;0.000000;0.000000;0.000000;0.000000;2.000000;319.854980;-179.566162;2097.697754;0.177533;0.000000;0.000000;0.000000;0.000000;2.000000;527.681824;-253.262695;2151.860840;0.560438;0.000000;0.000000;0.000000;0.000000;2.000000;505.816040;-229.595886;2111.990723;0.490783;0.000000;0.000000;0.000000;0.000000;2.000000;511.952026;-182.455627;1970.241699;0.422836;0.000000;0.000000;0.000000;0.000000;2.000000;240.268204;-94.719299;1925.299316;0.272656;0.000000;0.000000;0.000000;0.000000;2.000000;47.042648;-237.760437;1957.620117;1.128064;0.000000;0.000000;0.000000;0.000000;2.000000;24.542343;-215.137878;2053.140869;1.385419;0.000000;0.000000;0.000000;0.000000;2.000000;10.558563;-259.941956;1950.339111;1.341004;0.000000;0.000000;0.000000;0.000000;2.000000;-91.651779;-262.449463;1994.828247;0.880243;0.000000;0.000000;0.000000;0.000000;2.000000;481.385162;-250.571899;2174.575195;0.502576;0.000000;0.000000;0.000000;0.000000;2.000000;390.929291;-303.106781;2263.880615;0.529468;0.000000;0.000000;0.000000;0.000000;2.000000;97.939682;-306.789795;2234.494629;0.714393;0.000000;0.000000;0.000000;0.000000;2.000000;-93.731674;-402.806946;2114.563721;1.271852;0.000000;0.000000;0.000000;0.000000;1.000000;-42.002945;-473.520844;2050.674316;1.286584;0.000000;0.000000;0.000000;0.000000;1.000000;27.455429;-550.971985;2011.740967;1.284976;0.000000;0.000000;0.000000;0.000000;1.000000;15.487686;-414.650391;2042.704712;1.111809;0.000000;0.000000;0.000000;0.000000;1.000000;28.893906;-116.262451;1915.613525;0.089430;0.000000;0.000000;0.000000;0.000000;2.000000;-288.030090;-109.396423;1642.087524;0.346070;0.000000;0.000000;0.000000;0.000000;2.000000;-621.579956;-26.754272;1437.079590;0.365590;0.000000;0.000000;0.000000;0.000000;2.000000;-699.976440;-125.074707;1286.827393;0.406515;0.000000;0.000000;0.000000;0.000000;2.000000;-26.054916;-180.422607;2076.094971;0.080640;0.000000;0.000000;0.000000;0.000000;2.000000;-401.838989;-213.861206;1895.552979;0.466008;0.000000;0.000000;0.000000;0.000000;2.000000;-757.721985;-76.374451;1761.595703;0.408277;0.000000;0.000000;0.000000;0.000000;2.000000;-857.020020;-176.231995;1649.060425;1.068023;0.000000;0.000000;0.000000;0.000000;2.000000;601.766724;-293.190308;2166.557617;0.703172;0.000000;0.000000;0.000000;0.000000;2.000000;539.927979;-419.372742;2074.375977;0.730903;0.000000;0.000000;0.000000;0.000000;2.000000;593.739136;-400.518158;2061.121582;0.818435;0.000000;0.000000;0.000000;0.000000;2.000000;659.011047;-285.767639;2073.400879;0.889243;0.000000;0.000000;0.000000;0.000000;2.000000;582.964417;-431.569000;2104.823242;0.770810;0.000000;0.000000;0.000000;0.000000;2.000000;643.916748;-381.921112;2217.059082;0.736196;0.000000;0.000000;0.000000;0.000000;1.000000;4986500096.000000
0.000000;-150.000000;2000.000000;0.000000;0.000000;0.000000;0.000000;0.000000;2.000000;178.641632;-161.974121;2057.041992;0.128519;0.000000;0.000000;0.000000;0.000000;2.000000;320.939392;-163.958008;2105.154541;0.520790;0.000000;0.000000;0.000000;0.000000;2.000000;528.018127;-244.055054;2159.863770;0.366710;0.000000;0.000000;0.000000;0.000000;2.000000;506.804565;-219.247742;2119.866211;0.391876;0.000000;0.000000;0.000000;0.000000;2.000000;517.074402;-173.702393;1976.720093;0.361611;0.000000;0.000000;0.000000;0.000000;2.000000;244.943115;-110.462402;1895.092041;1.033138;0.000000;0.000000;0.000000;0.000000;2.000000;95.065720;-252.347412;2025.798096;2.543855;0.000000;0.000000;0.000000;0.000000;2.000000;41.365601;-224.459656;2107.192871;1.723916;0.000000;0.000000;0.000000;0.000000;2.000000;-42.859573;-290.855133;2145.279785;6.144151;0.000000;0.000000;0.000000;0.000000;2.000000;-53.133347;-270.005859;2068.245605;2.501559;0.000000;0.000000;0.000000;0.000000;2.000000;481.367737;-240.397339;2182.554688;0.388533;0.000000;0.000000;0.000000;0.000000;2.000000;389.497925;-299.395538;2267.794678;0.167683;0.000000;0.000000;0.000000;0.000000;2.000000;93.199860;-310.874115;2262.371582;0.858488;0.000000;0.000000;0.000000;0.000000;2.000000;-119.323166;-395.460571;2168.147705;1.797904;0.000000;0.000000;0.000000;0.000000;2.000000;-75.936752;-465.281982;2096.258789;1.725431;0.000000;0.000000;0.000000;0.000000;1.000000;-19.288483;-544.133301;2040.689453;1.664830;0.000000;0.000000;0.000000;0.000000;1.000000;-29.331833;-416.939392;2063.060303;1.480727;0.000000;0.000000;0.000000;0.000000;1.000000;29.549286;-119.490967;1913.863037;0.112096;0.000000;0.000000;0.000000;0.000000;2.000000;-296.556213;-120.175171;1646.556152;0.434239;0.000000;0.000000;0.000000;0.000000;2.000000;-633.777039;-43.861816;1439.554443;0.635687;0.000000;0.000000;0.000000;0.000000;2.000000;-722.010864;-135.601013;1288.778076;0.736101;0.000000;0.000000;0.000000;0.000000;2.000000;-26.645889;-177.511353;2077.673340;0.101079;0.000000;0.000000;0.000000;0.000000;2.000000;-406.944153;-229.027100;1904.078857;0.544822;0.000000;0.000000;0.000000;0.000000;2.000000;-751.036987;-82.173828;1743.268066;0.611553;0.000000;0.000000;0.000000;0.000000;2.000000;-881.281067;-168.003601;1650.381836;0.770809;0.000000;0.000000;0.000000;0.000000;2.000000;601.508850;-286.307251;2174.577393;0.317658;0.000000;0.000000;0.000000;0.000000;2.000000;535.329102;-411.164154;2081.431152;0.353376;0.000000;0.000000;0.000000;0.000000;2.000000;590.540222;-394.686127;2068.950439;0.308687;0.000000;0.000000;0.000000;0.000000;2.000000;661.102112;-282.056610;2081.778809;0.282410;0.000000;0.000000;0.000000;0.000000;2.000000;577.528076;-425.132416;2112.953613;0.351815;0.000000;0.000000;0.000000;0.000000;2.000000;639.037842;-377.091919;2226.764160;0.357197;0.000000;0.000000;0.000000;0.000000;1.000000;4986533376.000000
0.000000;-150.000000;2000.000000;0.000000;0.000000;0.000000;0.000000;0.000000;2.000000;178.800568;-162.075134;2055.015137;0.061165;0.000000;0.000000;0.000000;0.000000;2.000000;320.876709;-160.039063;2102.663086;0.139552;0.000000;0.000000;0.000000;0.000000;2.000000;530.588013;-227.885559;2161.481689;0.494357;0.000000;0.000000;0.000000;0.000000;2.000000;508.997498;-203.548706;2121.555176;0.479002;0.000000;0.000000;0.000000;0.000000;2.000000;519.177979;-154.080505;1980.091064;0.601567;0.000000;0.000000;0.000000;0.000000;2.000000;246.494293;-99.310425;1896.671021;0.341632;0.000000;0.000000;0.000000;0.000000;2.000000;100.706528;-244.719543;2027.043335;0.287511;0.000000;0.000000;0.000000;0.000000;2.000000;49.254211;-218.483398;2110.121094;0.310122;0.000000;0.000000;0.000000;0.000000;2.000000;-28.133881;-290.038574;2152.337158;0.491283;0.000000;0.000000;0.000000;0.000000;2.000000;-47.771454;-273.273193;2056.021973;0.412921;0.000000;0.000000;0.000000;0.000000;2.000000;483.291107;-227.798340;2182.804199;0.383035;0.000000;0.000000;0.000000;0.000000;2.000000;394.568359;-283.979187;2272.623291;0.508771;0.000000;0.000000;0.000000;0.000000;2.000000;100.652466;-317.623077;2268.494629;0.353728;0.000000;0.000000;0.000000;0.000000;2.000000;-69.843414;-438.269745;2137.027588;2.177052;0.000000;0.000000;0.000000;0.000000;1.000000;-52.234131;-504.753998;2052.538086;1.907841;0.000000;0.000000;0.000000;0.000000;1.000000;-8.203476;-574.401489;1977.268433;2.137698;0.000000;0.000000;0.000000;0.000000;1.000000;-19.491241;-416.647095;2015.335083;1.464245;0.000000;0.000000;0.000000;0.000000;1.000000;28.628708;-120.713806;1913.383667;0.048195;0.000000;0.000000;0.000000;0.000000;2.000000;-298.534912;-120.375183;1648.966064;0.093887;0.000000;0.000000;0.000000;0.000000;2.000000;-637.163818;-49.247375;1444.294434;0.238389;0.000000;0.000000;0.000000;0.000000;2.000000;-719.440063;-133.956360;1286.799561;0.109288;0.000000;0.000000;0.000000;0.000000;2.000000;-25.815796;-176.408691;2078.105957;0.043462;0.000000;0.000000;0.000000;0.000000;2.000000;-401.153107;-252.254211;1905.069458;0.719911;0.000000;0.000000;0.000000;0.000000;2.000000;-743.742798;-101.438599;1747.195068;0.630120;0.000000;0.000000;0.000000;0.000000;2.000000;-880.118042;-167.666992;1648.114380;0.077238;0.000000;0.000000;0.000000;0.000000;1.000000;606.039063;-265.606384;2177.347168;0.642158;0.000000;0.000000;0.000000;0.000000;2.000000;552.270874;-398.113617;2087.570068;0.668545;0.000000;0.000000;0.000000;0.000000;2.000000;606.239136;-377.896515;2075.834473;0.720989;0.000000;0.000000;0.000000;0.000000;2.000000;667.437256;-260.027222;2086.120605;0.701015;0.000000;0.000000;0.000000;0.000000;2.000000;594.460999;-407.620789;2120.510254;0.766364;0.000000;0.000000;0.000000;0.000000;2.000000;648.916260;-351.103333;2233.620605;0.860446;0.000000;0.000000;0.000000;0.000000;1.000000;4986566656.000000
0.000000;-150.000000;2000.000000;0.000000;0.000000;0.000000;0.000000;0.000000;2.000000;178.053696;-160.294250;2057.523438;0.095120;0.000000;0.000000;0.000000;0.000000;2.000000;320.111053;-165.002380;2104.875977;0.164902;0.000000;0.000000;0.000000;0.000000;2.000000;531.722412;-220.796387;2169.013672;0.312665;0.000000;0.000000;0.000000;0.000000;2.000000;509.626953;-199.222900;2127.817383;0.229478;0.000000;0.000000;0.000000;0.000000;2.000000;522.288635;-147.818481;1987.301636;0.301802;0.000000;0.000000;0.000000;0.000000;2.000000;246.732925;-107.325562;1905.529785;0.359043;0.000000;0.000000;0.000000;0.000000;2.000000;100.294044;-248.105408;2040.032104;0.403520;0.000000;0.000000;0.000000;0.000000;2.000000;41.797958;-251.525513;2122.476807;1.083416;0.000000;0.000000;0.000000;0.000000;2.000000;-26.369446;-316.007965;2186.333008;1.286549;0.000000;0.000000;0.000000;0.000000;2.000000;-15.790695;-262.905518;2133.147461;2.528077;0.000000;0.000000;0.000000;0.000000;2.000000;484.202820;-221.878235;2189.762695;0.275886;0.000000;0.000000;0.000000;0.000000;2.000000;404.394653;-282.213287;2285.013672;0.478129;0.000000;0.000000;0.000000;0.000000;2.000000;110.993805;-316.419708;2299.892334;0.993954;0.000000;0.000000;0.000000;0.000000;2.000000;-72.475693;-445.248871;2196.895508;1.812824;0.000000;0.000000;0.000000;0.000000;2.000000;-176.422958;-416.801910;2181.200195;5.987970;0.000000;0.000000;0.000000;0.000000;2.000000;-279.483154;-406.751709;2139.678711;10.753527;0.000000;0.000000;0.000000;0.000000;2.000000;-177.617935;-344.588562;2183.906250;7.274658;0.000000;0.000000;0.000000;0.000000;2.000000;29.231125;-114.961365;1915.790527;0.188242;0.000000;0.000000;0.000000;0.000000;2.000000;-295.179077;-123.184814;1648.354370;0.132790;0.000000;0.000000;0.000000;0.000000;2.000000;-635.276855;-56.780396;1444.804688;0.233849;0.000000;0.000000;0.000000;0.000000;2.000000;-714.790771;-138.154053;1284.246338;0.203254;0.000000;0.000000;0.000000;0.000000;2.000000;-26.358994;-181.595886;2075.935303;0.169748;0.000000;0.000000;0.000000;0.000000;2.000000;-404.963440;-246.794250;1906.055664;0.202245;0.000000;0.000000;0.000000;0.000000;2.000000;-747.198181;-96.684814;1747.100220;0.176613;0.000000;0.000000;0.000000;0.000000;2.000000;-874.357422;-173.293640;1643.463501;0.279422;0.000000;0.000000;0.000000;0.000000;2.000000;608.512207;-254.382263;2187.389648;0.458614;0.000000;0.000000;0.000000;0.000000;2.000000;571.078308;-393.945129;2100.151855;0.691365;0.000000;0.000000;0.000000;0.000000;2.000000;623.659851;-369.524780;2090.379883;0.726851;0.000000;0.000000;0.000000;0.000000;2.000000;673.954407;-246.545105;2099.238281;0.598186;0.000000;0.000000;0.000000;0.000000;2.000000;612.098816;-398.638550;2135.489014;0.745856;0.000000;0.000000;0.000000;0.000000;2.000000;655.440063;-333.868530;2248.921875;0.719730;0.000000;0.000000;0.000000;0.000000;1.000000;4986599936.000000
0.000000;-150.000000;2000.000000;0.000000;0.000000;0.000000;0.000000;0.000000;2.000000;179.082062;-151.046387;2053.935303;0.299661;0.000000;0.000000;0.000000;0.000000;2.000000;321.594269;-147.145996;2099.011719;0.566500;0.000000;0.000000;0.000000;0.000000;2.000000;534.975647;-195.469360;2161.745850;0.797754;0.000000;0.000000;0.000000;0.000000;2.000000;511.995300;-174.142212;2121.034180;0.783939;0.000000;0.000000;0.000000;0.000000;2.000000;526.331848;-128.598572;1978.980469;0.640943;0.000000;0.000000;0.000000;0.000000;2.000000;263.094727;-39.905334;1896.718384;2.101398;0.000000;0.000000;0.000000;0.000000;2.000000;20.173401;-40.906067;1907.201904;7.777447;0.000000;0.000000;0.000000;0.000000;2.000000;-48.770645;25.680542;1938.879639;10.354770;0.000000;0.000000;0.000000;0.000000;2.000000;-127.662491;-22.593201;1873.475586;13.242726;0.000000;0.000000;0.000000;0.000000;2.000000;-76.847855;1.563965;1976.751953;9.412852;0.000000;0.000000;0.000000;0.000000;2.000000;487.675476;-198.779785;2182.506836;0.734948;0.000000;0.000000;0.000000;0.000000;2.000000;407.995453;-262.800720;2275.027344;0.664830;0.000000;0.000000;0.000000;0.000000;2.000000;114.194115;-286.775848;2290.484863;0.939453;0.000000;0.000000;0.000000;0.000000;2.000000;-74.386642;-420.410522;2205.590576;0.792836;0.000000;0.000000;0.000000;0.000000;2.000000;-178.871994;-392.112854;2195.781982;0.864725;0.000000;0.000000;0.000000;0.000000;2.000000;-286.931213;-390.203735;2169.000000;1.036135;0.000000;0.000000;0.000000;0.000000;2.000000;-188.398605;-387.505035;2173.694092;1.364571;0.000000;0.000000;0.000000;0.000000;2.000000;25.476563;-111.820557;1916.150513;0.147484;0.000000;0.000000;0.000000;0.000000;2.000000;-297.682190;-108.368103;1648.390137;0.451524;0.000000;0.000000;0.000000;0.000000;2.000000;-635.972656;-45.751831;1442.199219;0.341151;0.000000;0.000000;0.000000;0.000000;2.000000;-708.998962;-122.423828;1276.790771;0.551258;0.000000;0.000000;0.000000;0.000000;2.000000;-22.973328;-184.428101;2075.610840;0.132993;0.000000;0.000000;0.000000;0.000000;2.000000;-402.074524;-219.464478;1900.069092;0.845148;0.000000;0.000000;0.000000;0.000000;2.000000;-752.513489;-87.274841;1745.160034;0.329933;0.000000;0.000000;0.000000;0.000000;2.000000;-876.863525;-157.372803;1634.372559;0.556010;0.000000;0.000000;0.000000;0.000000;2.000000;612.925110;-226.223572;2179.398193;0.889468;0.000000;0.000000;0.000000;0.000000;2.000000;563.545959;-367.425079;2101.927002;0.830111;0.000000;0.000000;0.000000;0.000000;2.000000;615.910950;-345.599579;2086.937500;0.762719;0.000000;0.000000;0.000000;0.000000;2.000000;671.104858;-224.704102;2086.230713;0.768636;0.000000;0.000000;0.000000;0.000000;2.000000;607.021973;-372.264313;2133.993652;0.808294;0.000000;0.000000;0.000000;0.000000;2.000000;661.677185;-304.726959;2240.379395;0.931542;0.000000;0.000000;0.000000;0.000000;1.000000;4986633216.000000
0.000000;-150.000000;2000.000000;0.000000;0.000000;0.000000;0.000000;0.000000;2.000000;178.813843;-150.532166;2056.894043;0.090596;0.000000;0.000000;0.000000;0.000000;2.000000;321.153839;-146.674622;2104.105957;0.154295;0.000000;0.000000;0.000000;0.000000;2.000000;535.583435;-191.789124;2168.364502;0.228287;0.000000;0.000000;0.000000;0.000000;2.000000;512.334961;-172.210938;2126.722900;0.180805;0.000000;0.000000;0.000000;0.000000;2.000000;524.877563;-128.816772;1983.310791;0.137416;0.000000;0.000000;0.000000;0.000000;2.000000;250.497391;-70.552734;1907.136353;1.043707;0.000000;0.000000;0.000000;0.000000;2.000000;21.413223;-148.557312;1937.925415;3.364078;0.000000;0.000000;0.000000;0.000000;2.000000;-40.636139;-219.254883;1975.469849;7.445522;0.000000;0.000000;0.000000;0.000000;2.000000;11.961212;-216.294678;1874.764893;7.174931;0.000000;0.000000;0.000000;0.000000;2.000000;6.159958;-267.583557;1978.757080;8.463468;0.000000;0.000000;0.000000;0.000000;2.000000;488.201538;-194.372192;2189.465820;0.248021;0.000000;0.000000;0.000000;0.000000;2.000000;403.213135;-257.970642;2278.153076;0.224800;0.000000;0.000000;0.000000;0.000000;2.000000;109.118515;-287.961212;2295.971191;0.227388;0.000000;0.000000;0.000000;0.000000;2.000000;-70.382431;-432.397461;2206.830566;0.381573;0.000000;0.000000;0.000000;0.000000;2.000000;-178.567886;-418.682312;2206.740967;0.863655;0.000000;0.000000;0.000000;0.000000;2.000000;-287.926086;-429.283997;2186.541992;1.287509;0.000000;0.000000;0.000000;0.000000;2.000000;-190.058884;-402.342010;2176.029785;0.454062;0.000000;0.000000;0.000000;0.000000;2.000000;26.835983;-112.274536;1916.009277;0.043274;0.000000;0.000000;0.000000;0.000000;2.000000;-301.337158;-108.772156;1652.204590;0.159204;0.000000;0.000000;0.000000;0.000000;2.000000;-640.018188;-50.267944;1442.893433;0.183376;0.000000;0.000000;0.000000;0.000000;2.000000;-695.061890;-122.905273;1268.192993;0.492271;0.000000;0.000000;0.000000;0.000000;2.000000;-24.199188;-184.018677;2075.738281;0.039023;0.000000;0.000000;0.000000;0.000000;2.000000;-407.960083;-227.220398;1909.057495;0.398163;0.000000;0.000000;0.000000;0.000000;2.000000;-756.216431;-94.857361;1746.081177;0.255064;0.000000;0.000000;0.000000;0.000000;2.000000;-880.334351;-167.683899;1635.821167;0.329796;0.000000;0.000000;0.000000;0.000000;2.000000;613.942078;-221.626099;2187.117188;0.271688;0.000000;0.000000;0.000000;0.000000;2.000000;574.690430;-372.980591;2122.957031;0.734382;0.000000;0.000000;0.000000;0.000000;2.000000;623.577271;-347.129761;2102.765625;0.530452;0.000000;0.000000;0.000000;0.000000;2.000000;665.765625;-221.302307;2089.848145;0.219094;0.000000;0.000000;0.000000;0.000000;2.000000;620.536560;-371.014343;2152.206543;0.682505;0.000000;0.000000;0.000000;0.000000;2.000000;674.640442;-290.274780;2249.905273;0.649799;0.000000;0.000000;0.000000;0.000000;1.000000;4986666496.000000
0.000000;-150.000000;2000.000000;0.000000;0.000000;0.000000;0.000000;0.000000;2.000000;179.625565;-145.067749;2062.940918;0.246107;0.000000;0.000000;0.000000;0.000000;2.000000;321.929810;-134.415100;2115.902832;0.511757;0.000000;0.000000;0.000000;0.000000;2.000000;540.296753;-178.686035;2179.464355;0.535086;0.000000;0.000000;0.000000;0.000000;2.000000;516.222412;-159.372986;2137.230469;0.511995;0.000000;0.000000;0.000000;0.000000;2.000000;511.530762;-126.155090;1988.403320;0.436634;0.000000;0.000000;0.000000;0.000000;2.000000;228.778595;-56.966614;1941.072632;1.277648;0.000000;0.000000;0.000000;0.000000;2.000000;27.033447;-199.867493;1928.924194;1.574400;0.000000;0.000000;0.000000;0.000000;2.000000;-34.057724;-251.413818;1993.511963;1.125496;0.000000;0.000000;0.000000;0.000000;2.000000;8.159897;-227.863831;1888.816284;0.558714;0.000000;0.000000;0.000000;0.000000;1.000000;-1.510895;-300.045074;2002.427124;1.228986;0.000000;0.000000;0.000000;0.000000;1.000000;492.442047;-181.243835;2201.373047;0.547599;0.000000;0.000000;0.000000;0.000000;2.000000;402.972107;-253.143494;2282.142578;0.188312;0.000000;0.000000;0.000000;0.000000;2.000000;104.961555;-289.333069;2295.490234;0.132326;0.000000;0.000000;0.000000;0.000000;2.000000;-69.038605;-426.988678;2178.848633;0.857318;0.000000;0.000000;0.000000;0.000000;1.000000;-178.082794;-417.564453;2195.092773;0.351916;0.000000;0.000000;0.000000;0.000000;1.000000;-290.297272;-433.203949;2191.719727;0.207740;0.000000;0.000000;0.000000;0.000000;1.000000;-195.909943;-403.752655;2178.067871;0.190938;0.000000;0.000000;0.000000;0.000000;1.000000;28.553940;-111.164001;1915.467041;0.063590;0.000000;0.000000;0.000000;0.000000;2.000000;-305.978577;-97.719543;1650.052734;0.365962;0.000000;0.000000;0.000000;0.000000;2.000000;-646.092590;-45.706360;1430.195679;0.444609;0.000000;0.000000;0.000000;0.000000;2.000000;-665.391235;-120.617065;1245.835938;1.118427;0.000000;0.000000;0.000000;0.000000;2.000000;-25.748322;-185.020142;2076.227295;0.057343;0.000000;0.000000;0.000000;0.000000;2.000000;-421.832031;-227.732117;1923.131592;0.593990;0.000000;0.000000;0.000000;0.000000;2.000000;-772.373901;-91.581726;1753.339111;0.541259;0.000000;0.000000;0.000000;0.000000;2.000000;-891.267883;-175.589600;1640.895630;0.433143;0.000000;0.000000;0.000000;0.000000;2.000000;620.097534;-208.462402;2198.042480;0.546292;0.000000;0.000000;0.000000;0.000000;2.000000;573.516418;-356.947174;2125.991943;0.491596;0.000000;0.000000;0.000000;0.000000;2.000000;618.721802;-327.330139;2100.545898;0.616189;0.000000;0.000000;0.000000;0.000000;2.000000;656.377075;-197.612793;2092.819824;0.770877;0.000000;0.000000;0.000000;0.000000;2.000000;624.097168;-355.996826;2148.114258;0.479783;0.000000;0.000000;0.000000;0.000000;2.000000;692.361084;-281.333740;2244.640137;0.617036;0.000000;0.000000;0.000000;0.000000;1.000000;4986699776.000000
0.000000;-150.000000;2000.000000;0.000000;0.000000;0.000000;0.000000;0.000000;2.000000;178.651978;-139.867004;2062.946045;0.156578;0.000000;0.000000;0.000000;0.000000;2.000000;320.634583;-128.085999;2114.895020;0.193490;0.000000;0.000000;0.000000;0.000000;2.000000;538.153625;-158.890930;2185.754639;0.617921;0.000000;0.000000;0.000000;0.000000;2.000000;514.506775;-139.437622;2143.584473;0.621262;0.000000;0.000000;0.000000;0.000000;2.000000;519.843323;-115.975098;1993.508789;0.417245;0.000000;0.000000;0.000000;0.000000;2.000000;263.492096;-50.419556;1865.777344;2.461237;0.000000;0.000000;0.000000;0.000000;2.000000;43.964600;-129.863708;1786.343994;4.727103;0.000000;0.000000;0.000000;0.000000;2.000000;-19.058319;-157.020020;1862.322876;4.803319;0.000000;0.000000;0.000000;0.000000;2.000000;-41.278091;-255.441528;1807.380859;2.934969;0.000000;0.000000;0.000000;0.000000;1.000000;3.717224;-199.752380;1889.993164;4.461291;0.000000;0.000000;0.000000;0.000000;2.000000;489.959473;-166.071533;2205.291992;0.469510;0.000000;0.000000;0.000000;0.000000;2.000000;398.270813;-249.384827;2270.127441;0.397683;0.000000;0.000000;0.000000;0.000000;2.000000;103.292435;-297.364960;2252.469482;1.296044;0.000000;0.000000;0.000000;0.000000;1.000000;-86.223404;-411.248566;2136.378906;1.433571;0.000000;0.000000;0.000000;0.000000;1.000000;-190.235703;-408.345459;2172.782715;0.799784;0.000000;0.000000;0.000000;0.000000;1.000000;-298.280884;-432.811310;2194.694092;0.252389;0.000000;0.000000;0.000000;0.000000;1.000000;-206.309433;-399.995667;2176.562500;0.330236;0.000000;0.000000;0.000000;0.000000;1.000000;26.756088;-107.283264;1917.185059;0.136397;0.000000;0.000000;0.000000;0.000000;2.000000;-302.963928;-85.139832;1648.906372;0.384309;0.000000;0.000000;0.000000;0.000000;2.000000;-637.556396;-18.624695;1427.314941;0.844605;0.000000;0.000000;0.000000;0.000000;2.000000;-713.045410;-90.093323;1257.406982;1.709355;0.000000;0.000000;0.000000;0.000000;2.000000;-24.127136;-188.519470;2074.677734;0.122996;0.000000;0.000000;0.000000;0.000000;2.000000;-425.770386;-203.447327;1935.936523;0.820755;0.000000;0.000000;0.000000;0.000000;2.000000;-782.444885;-97.407837;1761.242798;0.416236;0.000000;0.000000;0.000000;0.000000;2.000000;-909.769165;-180.350830;1658.803589;0.774892;0.000000;0.000000;0.000000;0.000000;2.000000;618.874512;-183.411743;2206.400391;0.782329;0.000000;0.000000;0.000000;0.000000;2.000000;576.626526;-336.310974;2142.942627;0.795629;0.000000;0.000000;0.000000;0.000000;2.000000;617.540955;-304.956787;2113.200684;0.761464;0.000000;0.000000;0.000000;0.000000;2.000000;645.921448;-173.986511;2098.732910;0.784341;0.000000;0.000000;0.000000;0.000000;2.000000;628.424255;-331.486725;2160.823975;0.827015;0.000000;0.000000;0.000000;0.000000;2.000000;698.817871;-249.773438;2248.994141;0.961971;0.000000;0.000000;0.000000;0.000000;1.000000;4986733568.000000
0.000000;-150.000000;2000.000000;0.000000;0.000000;0.000000;0.000000;0.000000;2.000000;178.684875;-139.483459;2062.579590;0.015970;0.000000;0.000000;0.000000;0.000000;2.000000;320.299591;-125.795410;2114.901611;0.069560;0.000000;0.000000;0.000000;0.000000;2.000000;538.187317;-150.928772;2186.587402;0.240555;0.000000;0.000000;0.000000;0.000000;2.000000;514.232666;-132.548706;2144.134033;0.207820;0.000000;0.000000;0.000000;0.000000;2.000000;521.301819;-110.032349;1994.041260;0.184562;0.000000;0.000000;0.000000;0.000000;2.000000;270.211365;-46.304993;1855.628662;0.386061;0.000000;0.000000;0.000000;0.000000;2.000000;51.544830;-116.951355;1766.393555;0.749523;0.000000;0.000000;0.000000;0.000000;2.000000;-16.537048;-143.235596;1838.146362;0.839666;0.000000;0.000000;0.000000;0.000000;2.000000;45.561951;-142.402832;1741.541504;4.718003;0.000000;0.000000;0.000000;0.000000;2.000000;4.576157;-186.588318;1866.641846;0.805891;0.000000;0.000000;0.000000;0.000000;2.000000;490.131714;-158.900696;2206.107422;0.216920;0.000000;0.000000;0.000000;0.000000;2.000000;401.612152;-240.969849;2276.578613;0.334053;0.000000;0.000000;0.000000;0.000000;2.000000;104.908096;-271.454529;2301.031738;1.654624;0.000000;0.000000;0.000000;0.000000;2.000000;-86.943192;-385.861298;2189.581055;1.771435;0.000000;0.000000;0.000000;0.000000;1.000000;-195.458969;-396.347626;2205.633789;1.062540;0.000000;0.000000;0.000000;0.000000;1.000000;-301.942566;-433.796692;2204.242920;0.308720;0.000000;0.000000;0.000000;0.000000;1.000000;-210.355118;-397.115906;2184.648926;0.285142;0.000000;0.000000;0.000000;0.000000;1.000000;26.596924;-107.719238;1916.952026;0.015605;0.000000;0.000000;0.000000;0.000000;2.000000;-302.824890;-87.302307;1648.417236;0.066751;0.000000;0.000000;0.000000;0.000000;2.000000;-637.549561;-20.892944;1427.267334;0.068172;0.000000;0.000000;0.000000;0.000000;2.000000;-722.194702;-92.414001;1261.840576;0.313354;0.000000;0.000000;0.000000;0.000000;2.000000;-23.983612;-188.126404;2074.888184;0.014074;0.000000;0.000000;0.000000;0.000000;2.000000;-426.276733;-202.363159;1938.452759;0.083722;0.000000;0.000000;0.000000;0.000000;2.000000;-783.892517;-94.841980;1766.972412;0.193589;0.000000;0.000000;0.000000;0.000000;2.000000;-913.690247;-173.619507;1664.469360;0.289440;0.000000;0.000000;0.000000;0.000000;2.000000;619.342957;-173.408936;2207.712402;0.303466;0.000000;0.000000;0.000000;0.000000;2.000000;582.449036;-326.902283;2142.541504;0.332688;0.000000;0.000000;0.000000;0.000000;2.000000;623.423584;-294.492737;2114.084961;0.361682;0.000000;0.000000;0.000000;0.000000;2.000000;649.143127;-162.887878;2100.918945;0.353417;0.000000;0.000000;0.000000;0.000000;2.000000;633.583862;-320.966187;2161.875488;0.353508;0.000000;0.000000;0.000000;0.000000;2.000000;699.555847;-238.073914;2252.255859;0.365628;0.000000;0.000000;0.000000;0.000000;1.000000;4986766848.000000
0.000000;-150.000000;2000.000000;0.000000;0.000000;0.000000;0.000000;0.000000;2.000000;177.698120;-137.838318;2066.904053;0.142154;0.000000;0.000000;0.000000;0.000000;2.000000;317.481506;-118.892090;2123.810303;0.349078;0.000000;0.000000;0.000000;0.000000;2.000000;537.964355;-145.571289;2189.269043;0.180147;0.000000;0.000000;0.000000;0.000000;2.000000;512.813293;-128.855164;2146.602051;0.140128;0.000000;0.000000;0.000000;0.000000;2.000000;502.249542;-116.944641;1994.980713;0.609651;0.000000;0.000000;0.000000;0.000000;2.000000;260.222534;-42.537720;1844.178101;0.470408;0.000000;0.000000;0.000000;0.000000;2.000000;34.506760;-77.933105;1749.396729;1.377504;0.000000;0.000000;0.000000;0.000000;2.000000;-47.833725;-115.597717;1797.847046;1.743661;0.000000;0.000000;0.000000;0.000000;2.000000;20.196548;-129.139404;1705.824829;1.375337;0.000000;0.000000;0.000000;0.000000;1.000000;-12.781128;-167.719910;1822.501099;1.533835;0.000000;0.000000;0.000000;0.000000;2.000000;490.322876;-151.324097;2210.946777;0.270200;0.000000;0.000000;0.000000;0.000000;2.000000;400.715271;-229.563416;2285.242188;0.431238;0.000000;0.000000;0.000000;0.000000;2.000000;103.292374;-270.873840;2287.570557;0.407759;0.000000;0.000000;0.000000;0.000000;1.000000;-88.053909;-392.842224;2181.489746;0.322840;0.000000;0.000000;0.000000;0.000000;1.000000;-196.838776;-403.819031;2197.971191;0.324243;0.000000;0.000000;0.000000;0.000000;1.000000;-305.033691;-437.137695;2201.698730;0.156684;0.000000;0.000000;0.000000;0.000000;1.000000;-215.308502;-398.653473;2181.254883;0.186249;0.000000;0.000000;0.000000;0.000000;1.000000;29.146133;-111.507263;1915.590332;0.143168;0.000000;0.000000;0.000000;0.000000;2.000000;-301.325256;-93.391541;1645.879883;0.203277;0.000000;0.000000;0.000000;0.000000;2.000000;-633.520630;-11.001221;1423.740845;0.337977;0.000000;0.000000;0.000000;0.000000;2.000000;-726.741211;-86.824158;1264.123535;0.227115;0.000000;0.000000;0.000000;0.000000;2.000000;-26.282349;-184.710571;2076.115967;0.129100;0.000000;0.000000;0.000000;0.000000;2.000000;-434.415619;-188.438293;1952.405151;0.640815;0.000000;0.000000;0.000000;0.000000;2.000000;-793.587158;-90.216614;1775.325928;0.408876;0.000000;0.000000;0.000000;0.000000;2.000000;-937.768311;-159.089844;1684.453979;1.036658;0.000000;0.000000;0.000000;0.000000;2.000000;619.585327;-168.949036;2208.784180;0.138019;0.000000;0.000000;0.000000;0.000000;2.000000;574.004944;-319.875305;2141.616211;0.331262;0.000000;0.000000;0.000000;0.000000;2.000000;613.689453;-287.374390;2111.086670;0.373388;0.000000;0.000000;0.000000;0.000000;2.000000;641.726624;-155.574585;2100.068115;0.314017;0.000000;0.000000;0.000000;0.000000;2.000000;626.741699;-315.712708;2157.299805;0.293413;0.000000;0.000000;0.000000;0.000000;2.000000;701.519409;-237.055481;2245.310547;0.219022;0.000000;0.000000;0.000000;0.000000;1.000000;4986800128.000000
0.000000;-150.000000;2000.000000;0.000000;0.000000;0.000000;0.000000;0.000000;2.000000;176.358536;-137.304199;2068.946289;0.075123;0.000000;0.000000;0.000000;0.000000;2.000000;313.790894;-112.942444;2128.429199;0.252034;0.000000;0.000000;0.000000;0.000000;2.000000;534.778992;-130.260803;2193.250000;0.484888;0.000000;0.000000;0.000000;0.000000;2.000000;508.988556;-118.274231;2149.548828;0.349474;0.000000;0.000000;0.000000;0.000000;2.000000;496.005402;-117.041565;1998.041382;0.208972;0.000000;0.000000;0.000000;0.000000;2.000000;249.819611;-56.582947;1849.207031;0.546495;0.000000;0.000000;0.000000;0.000000;2.000000;23.057495;-71.917236;1753.199463;0.405078;0.000000;0.000000;0.000000;0.000000;2.000000;-63.923401;-120.362671;1777.280273;0.797591;0.000000;0.000000;0.000000;0.000000;2.000000;32.746063;-84.523438;1726.458984;1.524431;0.000000;0.000000;0.000000;0.000000;2.000000;-30.567810;-171.897034;1805.036987;0.759456;0.000000;0.000000;0.000000;0.000000;2.000000;487.589783;-134.328369;2215.950684;0.538660;0.000000;0.000000;0.000000;0.000000;2.000000;403.652283;-201.941956;2305.134766;1.026610;0.000000;0.000000;0.000000;0.000000;2.000000;109.363586;-257.612244;2308.300781;0.761629;0.000000;0.000000;0.000000;0.000000;1.000000;-77.043625;-395.548187;2215.291992;1.071306;0.000000;0.000000;0.000000;0.000000;1.000000;-186.031921;-407.695862;2203.534180;0.383351;0.000000;0.000000;0.000000;0.000000;1.000000;-295.717987;-433.307465;2194.696045;0.368614;0.000000;0.000000;0.000000;0.000000;1.000000;-206.150116;-394.919525;2177.413086;0.318818;0.000000;0.000000;0.000000;0.000000;1.000000;30.948074;-116.026733;1914.581787;0.149305;0.000000;0.000000;0.000000;0.000000;2.000000;-295.732941;-92.422363;1642.403198;0.199996;0.000000;0.000000;0.000000;0.000000;2.000000;-623.031006;-16.979675;1412.560181;0.494454;0.000000;0.000000;0.000000;0.000000;2.000000;-739.204712;-82.248535;1264.377686;0.399017;0.000000;0.000000;0.000000;0.000000;2.000000;-27.907257;-180.635254;2077.025391;0.134633;0.000000;0.000000;0.000000;0.000000;2.000000;-436.855011;-183.138611;1959.875122;0.284804;0.000000;0.000000;0.000000;0.000000;2.000000;-796.392700;-83.713806;1786.687134;0.402279;0.000000;0.000000;0.000000;0.000000;2.000000;-940.885742;-154.290955;1698.603271;0.458615;0.000000;0.000000;0.000000;0.000000;2.000000;616.704834;-150.545288;2213.927490;0.580674;0.000000;0.000000;0.000000;0.000000;2.000000;577.281616;-308.594421;2162.108643;0.709755;0.000000;0.000000;0.000000;0.000000;2.000000;615.467590;-277.722168;2128.435547;0.598938;0.000000;0.000000;0.000000;0.000000;2.000000;638.055664;-146.928833;2104.583984;0.313161;0.000000;0.000000;0.000000;0.000000;2.000000;629.697632;-300.827850;2176.983887;0.746838;0.000000;0.000000;0.000000;0.000000;2.000000;701.179810;-211.271729;2256.328125;0.842582;0.000000;0.000000;0.000000;0.000000;1.000000;4986833408.000000
0.000000;-150.000000;2000.000000;0.000000;0.000000;0.000000;0.000000;0.000000;2.000000;179.022095;-139.993530;2069.400391;0.114551;0.000000;0.000000;0.000000;0.000000;2.000000;317.154419;-111.197083;2130.356689;0.127748;0.000000;0.000000;0.000000;0.000000;2.000000;540.859924;-134.727600;2194.730225;0.231040;0.000000;0.000000;0.000000;0.000000;2.000000;514.817810;-121.593567;2150.690430;0.204463;0.000000;0.000000;0.000000;0.000000;2.000000;499.999756;-121.935425;1997.348389;0.190953;0.000000;0.000000;0.000000;0.000000;2.000000;253.077026;-57.491699;1843.836548;0.190702;0.000000;0.000000;0.000000;0.000000;2.000000;23.261612;-70.758789;1746.443726;0.206051;0.000000;0.000000;0.000000;0.000000;2.000000;-65.584579;-120.519653;1766.418945;0.330191;0.000000;0.000000;0.000000;0.000000;2.000000;36.355598;-85.779541;1722.130737;0.173501;0.000000;0.000000;0.000000;0.000000;2.000000;-33.845856;-168.526367;1803.001709;0.153949;0.000000;0.000000;0.000000;0.000000;2.000000;493.081665;-137.866516;2217.939941;0.205201;0.000000;0.000000;0.000000;0.000000;2.000000;405.572693;-202.644714;2308.671631;0.122761;0.000000;0.000000;0.000000;0.000000;2.000000;106.061592;-251.276123;2310.983154;0.229322;0.000000;0.000000;0.000000;0.000000;1.000000;-72.427658;-399.463501;2209.739258;0.246815;0.000000;0.000000;0.000000;0.000000;1.000000;-182.887924;-410.932892;2197.429443;0.228110;0.000000;0.000000;0.000000;0.000000;1.000000;-294.780762;-433.275482;2188.374023;0.192043;0.000000;0.000000;0.000000;0.000000;1.000000;-204.083969;-394.047272;2170.416016;0.220784;0.000000;0.000000;0.000000;0.000000;1.000000;32.229904;-119.219055;1912.422974;0.122035;0.000000;0.000000;0.000000;0.000000;2.000000;-298.144104;-89.061890;1636.601196;0.214101;0.000000;0.000000;0.000000;0.000000;2.000000;-632.765442;-22.343567;1405.123413;0.401832;0.000000;0.000000;0.000000;0.000000;2.000000;-715.807922;-100.344177;1238.450195;1.181886;0.000000;0.000000;0.000000;0.000000;2.000000;-29.063126;-177.756592;2078.971924;0.110042;0.000000;0.000000;0.000000;0.000000;2.000000;-443.235596;-180.336304;1959.857910;0.209401;0.000000;0.000000;0.000000;0.000000;2.000000;-807.909363;-78.134827;1786.167725;0.384836;0.000000;0.000000;0.000000;0.000000;2.000000;-954.065796;-160.808533;1706.753296;0.505143;0.000000;0.000000;0.000000;0.000000;2.000000;623.433167;-157.464478;2215.086426;0.292083;0.000000;0.000000;0.000000;0.000000;2.000000;571.352051;-307.934479;2147.008789;0.487854;0.000000;0.000000;0.000000;0.000000;2.000000;611.611389;-275.951843;2115.468506;0.409965;0.000000;0.000000;0.000000;0.000000;2.000000;643.480347;-143.527893;2104.832520;0.192531;0.000000;0.000000;0.000000;0.000000;2.000000;625.115173;-305.404419;2161.565674;0.502500;0.000000;0.000000;0.000000;0.000000;2.000000;705.096313;-228.975952;2249.308105;0.584247;0.000000;0.000000;0.000000;0.000000;1.000000;4986866688.000000
0.000000;-150.000000;2000.000000;0.000000;0.000000;0.000000;0.000000;0.000000;2.000000;180.596680;-137.814026;2070.372070;0.085907;0.000000;0.000000;0.000000;0.000000;2.000000;319.420197;-108.151917;2133.246826;0.143351;0.000000;0.000000;0.000000;0.000000;2.000000;545.206665;-120.228027;2202.005615;0.504649;0.000000;0.000000;0.000000;0.000000;2.000000;518.938965;-107.033325;2157.477539;0.498336;0.000000;0.000000;0.000000;0.000000;2.000000;505.182587;-106.657959;2002.474487;0.508638;0.000000;0.000000;0.000000;0.000000;2.000000;254.158478;-55.310974;1844.865479;0.079408;0.000000;0.000000;0.000000;0.000000;2.000000;29.611786;-74.480591;1731.040405;0.512968;0.000000;0.000000;0.000000;0.000000;2.000000;-62.936783;-108.534851;1766.571899;0.368833;0.000000;0.000000;0.000000;0.000000;2.000000;35.457222;-92.366577;1704.181152;0.575155;0.000000;0.000000;0.000000;0.000000;1.000000;-33.838928;-162.135376;1798.727173;0.231031;0.000000;0.000000;0.000000;0.000000;2.000000;496.819000;-127.205383;2224.337891;0.390118;0.000000;0.000000;0.000000;0.000000;2.000000;408.311035;-197.729919;2312.011719;0.196602;0.000000;0.000000;0.000000;0.000000;2.000000;105.874786;-247.278687;2307.140137;0.166715;0.000000;0.000000;0.000000;0.000000;1.000000;-68.758270;-399.639557;2199.166016;0.336336;0.000000;0.000000;0.000000;0.000000;1.000000;-181.351471;-405.374908;2193.887207;0.203351;0.000000;0.000000;0.000000;0.000000;1.000000;-294.839996;-426.666199;2188.038574;0.198860;0.000000;0.000000;0.000000;0.000000;1.000000;-202.808289;-386.406158;2168.932129;0.237010;0.000000;0.000000;0.000000;0.000000;1.000000;31.175842;-112.581909;1913.513306;0.204573;0.000000;0.000000;0.000000;0.000000;2.000000;-304.545776;-76.656128;1637.989990;0.421545;0.000000;0.000000;0.000000;0.000000;2.000000;-641.009888;-16.778992;1399.950806;0.336875;0.000000;0.000000;0.000000;0.000000;2.000000;-711.284546;-98.996277;1227.065308;0.370328;0.000000;0.000000;0.000000;0.000000;2.000000;-28.112640;-183.741577;2077.988770;0.184472;0.000000;0.000000;0.000000;0.000000;2.000000;-445.537567;-163.620117;1956.104980;0.519419;0.000000;0.000000;0.000000;0.000000;2.000000;-824.471313;-57.318787;1806.994873;1.015152;0.000000;0.000000;0.000000;0.000000;2.000000;-961.393066;-146.774597;1715.050293;0.537080;0.000000;0.000000;0.000000;0.000000;2.000000;629.496399;-138.720093;2223.459961;0.643219;0.000000;0.000000;0.000000;0.000000;2.000000;575.627808;-292.179565;2159.074951;0.609977;0.000000;0.000000;0.000000;0.000000;2.000000;615.591187;-260.541504;2125.693359;0.568429;0.000000;0.000000;0.000000;0.000000;2.000000;647.416565;-127.023071;2111.419434;0.546917;0.000000;0.000000;0.000000;0.000000;2.000000;630.224731;-289.278290;2172.589844;0.606712;0.000000;0.000000;0.000000;0.000000;2.000000;712.756836;-210.148865;2257.846680;0.662456;0.000000;0.000000;0.000000;0.000000;1.000000;4986899968.000000
0.000000;-150.000000;2000.000000;0.000000;0.000000;0.000000;0.000000;0.000000;2.000000;180.273300;-136.819275;2066.327881;0.125519;0.000000;0.000000;0.000000;0.000000;2.000000;319.100220;-105.741272;2125.103271;0.255375;0.000000;0.000000;0.000000;0.000000;2.000000;540.621887;-120.608948;2199.977051;0.151080;0.000000;0.000000;0.000000;0.000000;2.000000;516.127686;-108.163513;2154.773682;0.122024;0.000000;0.000000;0.000000;0.000000;2.000000;504.494507;-107.211121;2000.937988;0.053248;0.000000;0.000000;0.000000;0.000000;2.000000;259.407837;-50.942322;1840.592529;0.242067;0.000000;0.000000;0.000000;0.000000;2.000000;36.435364;-72.480652;1728.899658;0.223134;0.000000;0.000000;0.000000;0.000000;2.000000;-55.328842;-104.518555;1765.677734;0.259896;0.000000;0.000000;0.000000;0.000000;2.000000;41.547646;-92.461914;1701.891968;0.195527;0.000000;0.000000;0.000000;0.000000;1.000000;-28.404053;-159.003906;1796.749390;0.197623;0.000000;0.000000;0.000000;0.000000;2.000000;491.903870;-125.920166;2220.900391;0.184317;0.000000;0.000000;0.000000;0.000000;2.000000;399.670959;-189.625366;2307.956055;0.376241;0.000000;0.000000;0.000000;0.000000;2.000000;99.217369;-234.213562;2298.946045;0.504738;0.000000;0.000000;0.000000;0.000000;1.000000;-65.306412;-393.682831;2190.531738;0.331822;0.000000;0.000000;0.000000;0.000000;1.000000;-176.781815;-403.010498;2187.957031;0.235909;0.000000;0.000000;0.000000;0.000000;1.000000;-289.097046;-425.707489;2184.962891;0.197863;0.000000;0.000000;0.000000;0.000000;1.000000;-198.821671;-385.248566;2164.852539;0.174890;0.000000;0.000000;0.000000;0.000000;1.000000;29.998398;-117.649597;1912.038452;0.162490;0.000000;0.000000;0.000000;0.000000;2.000000;-301.156006;-77.355469;1637.481323;0.105118;0.000000;0.000000;0.000000;0.000000;2.000000;-631.835632;-14.243591;1398.398193;0.289782;0.000000;0.000000;0.000000;0.000000;2.000000;-713.394897;-93.519226;1231.243530;0.216491;0.000000;0.000000;0.000000;0.000000;2.000000;-27.050858;-179.171692;2079.318848;0.146530;0.000000;0.000000;0.000000;0.000000;2.000000;-441.257019;-159.221069;1959.727051;0.214153;0.000000;0.000000;0.000000;0.000000;2.000000;-821.322449;-58.736023;1819.899170;0.401392;0.000000;0.000000;0.000000;0.000000;2.000000;-965.065369;-135.353638;1730.065552;0.577504;0.000000;0.000000;0.000000;0.000000;2.000000;623.134583;-140.126587;2224.115234;0.196764;0.000000;0.000000;0.000000;0.000000;2.000000;576.017029;-288.391113;2147.486572;0.366530;0.000000;0.000000;0.000000;0.000000;2.000000;616.835388;-254.329224;2118.805664;0.281204;0.000000;0.000000;0.000000;0.000000;2.000000;646.770813;-120.877258;2115.213623;0.217893;0.000000;0.000000;0.000000;0.000000;2.000000;629.268066;-285.660156;2164.056885;0.279976;0.000000;0.000000;0.000000;0.000000;2.000000;704.922546;-211.902283;2258.027344;0.241290;0.000000;0.000000;0.000000;0.000000;1.000000;4986933248.000000
0.000000;-150.000000;2000.000000;0.000000;0.000000;0.000000;0.000000;0.000000;2.000000;180.853729;-134.886780;2062.829102;0.121362;0.000000;0.000000;0.000000;0.000000;2.000000;320.170105;-104.612122;2119.818359;0.165537;0.000000;0.000000;0.000000;0.000000;2.000000;540.169922;-116.050964;2197.859375;0.151628;0.000000;0.000000;0.000000;0.000000;2.000000;516.220215;-103.657532;2152.506592;0.151593;0.000000;0.000000;0.000000;0.000000;2.000000;504.983826;-104.012756;1999.030762;0.112856;0.000000;0.000000;0.000000;0.000000;2.000000;259.265747;-45.736023;1841.802612;0.160666;0.000000;0.000000;0.000000;0.000000;2.000000;36.008041;-67.034546;1732.070435;0.189795;0.000000;0.000000;0.000000;0.000000;2.000000;-54.717957;-99.862427;1769.967529;0.191119;0.000000;0.000000;0.000000;0.000000;2.000000;39.407852;-90.324768;1702.294800;0.091676;0.000000;0.000000;0.000000;0.000000;1.000000;-27.491135;-155.168701;1798.891968;0.134825;0.000000;0.000000;0.000000;0.000000;2.000000;491.361572;-122.453979;2217.904785;0.138620;0.000000;0.000000;0.000000;0.000000;2.000000;398.895264;-185.611633;2304.524902;0.160369;0.000000;0.000000;0.000000;0.000000;2.000000;97.163284;-213.282959;2296.372559;0.636659;0.000000;0.000000;0.000000;0.000000;1.000000;-59.224182;-374.901520;2180.832520;0.660925;0.000000;0.000000;0.000000;0.000000;1.000000;-168.153030;-399.215057;2180.202148;0.366783;0.000000;0.000000;0.000000;0.000000;1.000000;-279.639648;-423.789032;2186.461914;0.293442;0.000000;0.000000;0.000000;0.000000;1.000000;-194.348923;-381.503448;2162.933350;0.184532;0.000000;0.000000;0.000000;0.000000;1.000000;26.509735;-110.430664;1914.173462;0.249312;0.000000;0.000000;0.000000;0.000000;2.000000;-305.240356;-75.581055;1641.315796;0.176579;0.000000;0.000000;0.000000;0.000000;2.000000;-638.133057;-24.359924;1404.273682;0.399220;0.000000;0.000000;0.000000;0.000000;2.000000;-704.248596;-91.773621;1226.075928;0.319989;0.000000;0.000000;0.000000;0.000000;2.000000;-23.904984;-185.681335;2077.393555;0.224817;0.000000;0.000000;0.000000;0.000000;2.000000;-435.939697;-150.383850;1957.786499;0.315342;0.000000;0.000000;0.000000;0.000000;2.000000;-826.116821;-58.556641;1845.771729;0.790674;0.000000;0.000000;0.000000;0.000000;2.000000;-956.327576;-134.858765;1737.834595;0.351642;0.000000;0.000000;0.000000;0.000000;2.000000;622.436157;-134.216675;2223.056152;0.181627;0.000000;0.000000;0.000000;0.000000;2.000000;572.479187;-282.455566;2149.220459;0.214067;0.000000;0.000000;0.000000;0.000000;2.000000;613.527222;-249.585754;2119.807373;0.176359;0.000000;0.000000;0.000000;0.000000;2.000000;645.515869;-117.046936;2113.984863;0.126617;0.000000;0.000000;0.000000;0.000000;2.000000;625.753418;-280.350494;2165.324707;0.195087;0.000000;0.000000;0.000000;0.000000;2.000000;703.092407;-206.614990;2257.383545;0.169231;0.000000;0.000000;0.000000;0.000000;1.000000;4986966528.000000
0.000000;-150.000000;2000.000000;0.000000;0.000000;0.000000;0.000000;0.000000;2.000000;180.733704;-136.235291;2062.118408;0.045945;0.000000;0.000000;0.000000;0.000000;2.000000;320.244690;-108.552856;2118.989746;0.121022;0.000000;0.000000;0.000000;0.000000;2.000000;538.623230;-110.826172;2200.680420;0.184371;0.000000;0.000000;0.000000;0.000000;2.000000;515.067139;-99.832092;2154.905273;0.140029;0.000000;0.000000;0.000000;0.000000;2.000000;510.998871;-98.399963;2001.436401;0.257558;0.000000;0.000000;0.000000;0.000000;2.000000;262.891968;-51.144226;1845.572754;0.226085;0.000000;0.000000;0.000000;0.000000;2.000000;40.644882;-64.739990;1733.899414;0.164883;0.000000;0.000000;0.000000;0.000000;2.000000;-51.157089;-96.510986;1769.370728;0.148025;0.000000;0.000000;0.000000;0.000000;2.000000;42.482010;-90.304077;1701.101807;0.099086;0.000000;0.000000;0.000000;0.000000;1.000000;-25.100555;-152.134705;1797.764404;0.120909;0.000000;0.000000;0.000000;0.000000;2.000000;489.865265;-118.862854;2219.916748;0.131606;0.000000;0.000000;0.000000;0.000000;2.000000;401.547974;-176.841919;2313.658203;0.388727;0.000000;0.000000;0.000000;0.000000;2.000000;100.599724;-204.064514;2301.949707;0.339814;0.000000;0.000000;0.000000;0.000000;1.000000;-54.515320;-366.059723;2186.505859;0.345928;0.000000;0.000000;0.000000;0.000000;1.000000;-160.636902;-399.257263;2180.558838;0.226103;0.000000;0.000000;0.000000;0.000000;1.000000;-272.136627;-422.967773;2184.718018;0.232773;0.000000;0.000000;0.000000;0.000000;1.000000;-189.215393;-380.813232;2161.487305;0.161592;0.000000;0.000000;0.000000;0.000000;1.000000;25.461594;-106.174988;1916.208252;0.145197;0.000000;0.000000;0.000000;0.000000;2.000000;-305.608002;-70.943481;1644.153687;0.163744;0.000000;0.000000;0.000000;0.000000;2.000000;-637.422363;-23.706604;1406.433594;0.071089;0.000000;0.000000;0.000000;0.000000;2.000000;-715.788574;-82.959961;1230.850586;0.459302;0.000000;0.000000;0.000000;0.000000;2.000000;-22.959824;-189.518982;2075.558594;0.130935;0.000000;0.000000;0.000000;0.000000;2.000000;-439.922882;-151.460571;1979.862793;0.674837;0.000000;0.000000;0.000000;0.000000;2.000000;-842.225952;-84.058044;1902.253906;1.924030;0.000000;0.000000;0.000000;0.000000;1.000000;-966.480225;-166.754456;1792.756592;1.932640;0.000000;0.000000;0.000000;0.000000;1.000000;620.877075;-125.561279;2227.399170;0.294729;0.000000;0.000000;0.000000;0.000000;2.000000;579.644775;-277.601624;2156.922607;0.348129;0.000000;0.000000;0.000000;0.000000;2.000000;619.655396;-243.716125;2127.519287;0.344546;0.000000;0.000000;0.000000;0.000000;2.000000;645.469604;-110.329041;2118.641846;0.245623;0.000000;0.000000;0.000000;0.000000;2.000000;632.271790;-272.549255;2174.022461;0.402015;0.000000;0.000000;0.000000;0.000000;2.000000;703.862305;-192.938965;2265.333984;0.475895;0.000000;0.000000;0.000000;0.000000;1.000000;4986999808.000000
0.000000;-150.000000;2000.000000;0.000000;0.000000;0.000000;0.000000;0.000000;2.000000;183.188400;-135.121887;2057.649414;0.154442;0.000000;0.000000;0.000000;0.000000;2.000000;324.453064;-106.640930;2111.930176;0.249710;0.000000;0.000000;0.000000;0.000000;2.000000;542.735596;-112.975647;2197.123047;0.173027;0.000000;0.000000;0.000000;0.000000;2.000000;519.842773;-100.722412;2151.010742;0.184253;0.000000;0.000000;0.000000;0.000000;2.000000;517.216736;-98.931335;1996.700806;0.231827;0.000000;0.000000;0.000000;0.000000;2.000000;267.097473;-52.301941;1840.863281;0.189961;0.000000;0.000000;0.000000;0.000000;2.000000;42.806137;-59.545288;1729.734619;0.207153;0.000000;0.000000;0.000000;0.000000;2.000000;-50.022430;-89.274963;1765.898438;0.239874;0.000000;0.000000;0.000000;0.000000;2.000000;40.658112;-90.287415;1692.505493;0.260052;0.000000;0.000000;0.000000;0.000000;1.000000;-25.001877;-146.934021;1792.652222;0.215827;0.000000;0.000000;0.000000;0.000000;2.000000;493.361816;-120.926147;2215.585449;0.175681;0.000000;0.000000;0.000000;0.000000;2.000000;400.047668;-180.504761;2304.488281;0.295565;0.000000;0.000000;0.000000;0.000000;2.000000;96.978271;-197.741272;2288.019531;0.465227;0.000000;0.000000;0.000000;0.000000;1.000000;-55.951202;-361.151520;2168.788818;0.545701;0.000000;0.000000;0.000000;0.000000;1.000000;-161.714554;-397.744232;2166.333740;0.424535;0.000000;0.000000;0.000000;0.000000;1.000000;-273.043945;-423.610504;2175.638916;0.270683;0.000000;0.000000;0.000000;0.000000;1.000000;-190.772110;-381.420044;2150.760254;0.321271;0.000000;0.000000;0.000000;0.000000;1.000000;22.237885;-102.030457;1916.956299;0.156951;0.000000;0.000000;0.000000;0.000000;2.000000;-307.237854;-66.289001;1639.478394;0.201098;0.000000;0.000000;0.000000;0.000000;2.000000;-638.380310;-16.407288;1397.625122;0.339721;0.000000;0.000000;0.000000;0.000000;2.000000;-706.980652;-80.036987;1218.301758;0.461872;0.000000;0.000000;0.000000;0.000000;2.000000;-20.052887;-193.256287;2074.884277;0.141528;0.000000;0.000000;0.000000;0.000000;2.000000;-434.606262;-148.262573;1962.879883;0.535060;0.000000;0.000000;0.000000;0.000000;2.000000;-836.131592;-77.828125;1873.091797;0.900702;0.000000;0.000000;0.000000;0.000000;2.000000;-951.543518;-103.232910;1729.334106;2.692864;0.000000;0.000000;0.000000;0.000000;2.000000;624.866943;-129.226196;2224.851074;0.177170;0.000000;0.000000;0.000000;0.000000;2.000000;578.629761;-277.458557;2147.462158;0.281600;0.000000;0.000000;0.000000;0.000000;2.000000;619.789612;-243.342041;2119.284912;0.243962;0.000000;0.000000;0.000000;0.000000;2.000000;649.763855;-109.826904;2116.207764;0.146828;0.000000;0.000000;0.000000;0.000000;2.000000;631.708618;-274.743317;2164.655273;0.285191;0.000000;0.000000;0.000000;0.000000;2.000000;706.300415;-201.068848;2259.625000;0.302704;0.000000;0.000000;0.000000;0.000000;1.000000;4987033600.000000
0.000000;-150.000000;2000.000000;0.000000;0.000000;0.000000;0.000000;0.000000;2.000000;173.351013;-122.490601;2042.297119;0.666510;0.000000;0.000000;0.000000;0.000000;2.000000;310.515991;-96.403076;2078.879883;1.120829;0.000000;0.000000;0.000000;0.000000;2.000000;504.891907;-103.739441;2181.036133;1.266390;0.000000;0.000000;0.000000;0.000000;2.000000;488.210114;-90.224487;2136.320801;1.094437;0.000000;0.000000;0.000000;0.000000;2.000000;493.600067;-93.443237;1991.790527;0.743334;0.000000;0.000000;0.000000;0.000000;2.000000;256.484375;-42.878723;1852.411255;0.549798;0.000000;0.000000;0.000000;0.000000;2.000000;47.177979;-47.637634;1746.296143;0.626839;0.000000;0.000000;0.000000;0.000000;2.000000;-43.487625;-67.604004;1775.911987;0.743716;0.000000;0.000000;0.000000;0.000000;2.000000;39.766335;-96.159607;1711.021606;0.584298;0.000000;0.000000;0.000000;0.000000;1.000000;-36.194443;-129.538147;1795.176392;0.626170;0.000000;0.000000;0.000000;0.000000;2.000000;457.120911;-112.789978;2192.555420;1.313202;0.000000;0.000000;0.000000;0.000000;2.000000;358.064056;-172.274536;2258.597412;1.885222;0.000000;0.000000;0.000000;0.000000;2.000000;75.345810;-195.828857;2231.951904;1.806687;0.000000;0.000000;0.000000;0.000000;1.000000;-107.074036;-308.729279;2129.617432;2.495263;0.000000;0.000000;0.000000;0.000000;1.000000;-178.207489;-382.373688;2152.541504;0.794143;0.000000;0.000000;0.000000;0.000000;1.000000;-267.103271;-420.847290;2199.125488;0.732672;0.000000;0.000000;0.000000;0.000000;1.000000;-204.200684;-380.250793;2161.997314;0.527312;0.000000;0.000000;0.000000;0.000000;1.000000;9.646713;-96.332397;1925.559326;0.489163;0.000000;0.000000;0.000000;0.000000;2.000000;-303.930664;-66.639038;1670.761597;0.945297;0.000000;0.000000;0.000000;0.000000;2.000000;-619.697876;-30.442322;1449.645630;1.713570;0.000000;0.000000;0.000000;0.000000;2.000000;-681.284668;-80.725586;1277.537354;1.940281;0.000000;0.000000;0.000000;0.000000;2.000000;-8.698868;-198.394470;2067.126465;0.441102;0.000000;0.000000;0.000000;0.000000;2.000000;-406.293854;-169.760681;1997.272095;1.486267;0.000000;0.000000;0.000000;0.000000;2.000000;-791.900879;-130.555420;1943.865601;2.966318;0.000000;0.000000;0.000000;0.000000;2.000000;-711.352295;-271.186096;1879.366333;9.893520;0.000000;0.000000;0.000000;0.000000;2.000000;578.751343;-119.255615;2214.766602;1.449725;0.000000;0.000000;0.000000;0.000000;2.000000;568.395508;-269.770691;2154.088379;0.433099;0.000000;0.000000;0.000000;0.000000;2.000000;611.365234;-237.563538;2136.067383;0.590361;0.000000;0.000000;0.000000;0.000000;2.000000;631.626831;-111.539856;2123.172363;0.586047;0.000000;0.000000;0.000000;0.000000;2.000000;610.387451;-260.224976;2183.869141;0.966478;0.000000;0.000000;0.000000;0.000000;2.000000;644.860840;-173.963562;2278.479980;2.095846;0.000000;0.000000;0.000000;0.000000;1.000000;4987066880.000000
0.000000;-150.000000;2000.000000;0.000000;0.000000;0.000000;0.000000;0.000000;2.000000;179.882660;-141.461243;2058.083008;0.767105;0.000000;0.000000;0.000000;0.000000;2.000000;319.488403;-119.662964;2112.105469;1.248159;0.000000;0.000000;0.000000;0.000000;2.000000;531.232056;-120.605652;2202.582031;1.141233;0.000000;0.000000;0.000000;0.000000;2.000000;509.891541;-108.999512;2156.620850;1.055829;0.000000;0.000000;0.000000;0.000000;2.000000;526.228027;-107.182739;2005.896484;1.145118;0.000000;0.000000;0.000000;0.000000;2.000000;284.446503;-57.841919;1847.747803;0.963192;0.000000;0.000000;0.000000;0.000000;2.000000;71.344467;-47.756042;1725.274048;0.962459;0.000000;0.000000;0.000000;0.000000;2.000000;-19.013443;-58.184998;1771.719849;0.797988;0.000000;0.000000;0.000000;0.000000;2.000000;46.480072;-91.849487;1683.904907;0.849339;0.000000;0.000000;0.000000;0.000000;1.000000;-1.139511;-116.929810;1798.952148;1.125129;0.000000;0.000000;0.000000;0.000000;2.000000;482.396973;-129.735779;2219.139648;1.214166;0.000000;0.000000;0.000000;0.000000;2.000000;391.421570;-187.119507;2307.942383;1.844478;0.000000;0.000000;0.000000;0.000000;2.000000;95.457169;-194.129333;2268.687744;1.259469;0.000000;0.000000;0.000000;0.000000;1.000000;-70.940628;-332.821289;2145.675293;1.391295;0.000000;0.000000;0.000000;0.000000;1.000000;-153.889328;-404.420410;2154.920410;0.988892;0.000000;0.000000;0.000000;0.000000;1.000000;-257.328125;-438.610260;2183.576172;0.767761;0.000000;0.000000;0.000000;0.000000;1.000000;-186.335342;-399.072327;2153.278809;0.822589;0.000000;0.000000;0.000000;0.000000;1.000000;23.811890;-102.396118;1919.256470;0.500232;0.000000;0.000000;0.000000;0.000000;2.000000;-309.106384;-80.717896;1656.610596;0.619641;0.000000;0.000000;0.000000;0.000000;2.000000;-641.164307;-45.818176;1425.993408;1.065183;0.000000;0.000000;0.000000;0.000000;2.000000;-694.088318;-109.200928;1245.268555;1.349173;0.000000;0.000000;0.000000;0.000000;2.000000;-21.472229;-192.926575;2072.810059;0.451081;0.000000;0.000000;0.000000;0.000000;2.000000;-429.379333;-152.342529;1963.886963;1.327193;0.000000;0.000000;0.000000;0.000000;2.000000;-822.597473;-81.161255;1871.908569;2.780036;0.000000;0.000000;0.000000;0.000000;2.000000;-958.453125;-125.118347;1757.757202;9.367262;0.000000;0.000000;0.000000;0.000000;2.000000;611.393616;-134.563110;2232.340576;1.205180;0.000000;0.000000;0.000000;0.000000;2.000000;592.996033;-288.943512;2162.522949;0.970848;0.000000;0.000000;0.000000;0.000000;2.000000;631.888611;-252.121094;2136.916504;0.756503;0.000000;0.000000;0.000000;0.000000;2.000000;645.219910;-118.646362;2127.679199;0.480380;0.000000;0.000000;0.000000;0.000000;2.000000;642.178894;-278.590576;2184.545654;1.103402;0.000000;0.000000;0.000000;0.000000;2.000000;695.053040;-192.122620;2279.616211;1.604213;0.000000;0.000000;0.000000;0.000000;1.000000;4987100160.000000
0.000000;-150.000000;2000.000000;0.000000;0.000000;0.000000;0.000000;0.000000;2.000000;182.224838;-145.632996;2059.287109;0.148241;0.000000;0.000000;0.000000;0.000000;2.000000;324.258240;-127.129028;2113.742676;0.270723;0.000000;0.000000;0.000000;0.000000;2.000000;537.664246;-129.198364;2207.877441;0.359636;0.000000;0.000000;0.000000;0.000000;2.000000;516.763184;-118.262024;2160.795654;0.368555;0.000000;0.000000;0.000000;0.000000;2.000000;531.485229;-116.899231;2007.922974;0.337496;0.000000;0.000000;0.000000;0.000000;2.000000;292.073761;-51.175049;1845.100952;0.314614;0.000000;0.000000;0.000000;0.000000;2.000000;74.805626;-42.731445;1723.369507;0.192057;0.000000;0.000000;0.000000;0.000000;2.000000;-16.525864;-57.537170;1769.656006;0.099055;0.000000;0.000000;0.000000;0.000000;2.000000;69.353546;-66.733887;1692.083252;1.049910;0.000000;0.000000;0.000000;0.000000;2.000000;4.003754;-116.291748;1797.167236;0.164707;0.000000;0.000000;0.000000;0.000000;2.000000;487.867432;-137.243591;2224.296631;0.319257;0.000000;0.000000;0.000000;0.000000;2.000000;394.273132;-189.815369;2316.166260;0.273802;0.000000;0.000000;0.000000;0.000000;2.000000;93.459106;-191.667175;2284.183105;0.475255;0.000000;0.000000;0.000000;0.000000;1.000000;-69.222748;-342.352753;2163.742920;0.615978;0.000000;0.000000;0.000000;0.000000;1.000000;-153.350479;-415.095856;2157.470215;0.330197;0.000000;0.000000;0.000000;0.000000;1.000000;-263.616089;-441.818848;2169.662109;0.468822;0.000000;0.000000;0.000000;0.000000;1.000000;-187.083389;-408.470154;2148.845703;0.313036;0.000000;0.000000;0.000000;0.000000;1.000000;25.894424;-104.722107;1917.075806;0.114429;0.000000;0.000000;0.000000;0.000000;2.000000;-309.858276;-83.017639;1649.125366;0.236375;0.000000;0.000000;0.000000;0.000000;2.000000;-643.960876;-46.684265;1412.434082;0.416820;0.000000;0.000000;0.000000;0.000000;2.000000;-699.309875;-124.416321;1235.217529;0.569961;0.000000;0.000000;0.000000;0.000000;2.000000;-23.350128;-190.829041;2074.776611;0.103190;0.000000;0.000000;0.000000;0.000000;2.000000;-434.586853;-150.347961;1957.107300;0.263774;0.000000;0.000000;0.000000;0.000000;2.000000;-832.089722;-81.885132;1857.883179;0.509347;0.000000;0.000000;0.000000;0.000000;2.000000;-950.755920;-137.858337;1727.199951;1.021325;0.000000;0.000000;0.000000;0.000000;2.000000;618.284424;-143.866150;2239.304199;0.405951;0.000000;0.000000;0.000000;0.000000;2.000000;587.105347;-288.219971;2149.888916;0.419429;0.000000;0.000000;0.000000;0.000000;2.000000;628.450684;-250.614319;2127.692383;0.299237;0.000000;0.000000;0.000000;0.000000;2.000000;651.244690;-116.542358;2135.182373;0.295973;0.000000;0.000000;0.000000;0.000000;2.000000;638.023987;-284.063110;2171.793701;0.435256;0.000000;0.000000;0.000000;0.000000;2.000000;699.747437;-213.414246;2276.742920;0.660803;0.000000;0.000000;0.000000;0.000000;1.000000;4987133440.000000
0.000000;-150.000000;2000.000000;0.000000;0.000000;0.000000;0.000000;0.000000;2.000000;181.612122;-145.463135;2061.687500;0.074615;0.000000;0.000000;0.000000;0.000000;2.000000;323.215515;-127.412292;2117.795410;0.126031;0.000000;0.000000;0.000000;0.000000;2.000000;537.677795;-128.277283;2210.073242;0.071550;0.000000;0.000000;0.000000;0.000000;2.000000;516.328369;-117.971008;2162.994873;0.067927;0.000000;0.000000;0.000000;0.000000;2.000000;530.572632;-119.575317;2009.934326;0.104262;0.000000;0.000000;0.000000;0.000000;2.000000;296.990356;-47.364258;1840.999146;0.223893;0.000000;0.000000;0.000000;0.000000;2.000000;78.566620;-42.417542;1720.672363;0.139386;0.000000;0.000000;0.000000;0.000000;2.000000;-13.212219;-54.033875;1767.200928;0.162595;0.000000;0.000000;0.000000;0.000000;2.000000;74.123489;-66.505310;1691.572632;0.144310;0.000000;0.000000;0.000000;0.000000;1.000000;5.963440;-111.946777;1797.406128;0.143403;0.000000;0.000000;0.000000;0.000000;2.000000;487.984924;-136.082336;2227.073730;0.090517;0.000000;0.000000;0.000000;0.000000;2.000000;395.543762;-187.958801;2320.693848;0.151915;0.000000;0.000000;0.000000;0.000000;2.000000;93.493217;-189.961609;2299.506836;0.463293;0.000000;0.000000;0.000000;0.000000;1.000000;-65.998764;-346.723083;2182.096680;0.575132;0.000000;0.000000;0.000000;0.000000;1.000000;-151.096451;-416.508118;2164.204590;0.217567;0.000000;0.000000;0.000000;0.000000;1.000000;-263.000366;-439.314941;2162.443359;0.230332;0.000000;0.000000;0.000000;0.000000;1.000000;-184.616898;-407.288849;2147.772217;0.088279;0.000000;0.000000;0.000000;0.000000;1.000000;26.903473;-104.439392;1917.443848;0.033373;0.000000;0.000000;0.000000;0.000000;2.000000;-308.857788;-82.918457;1648.841553;0.031391;0.000000;0.000000;0.000000;0.000000;2.000000;-642.760803;-47.791382;1411.018555;0.064932;0.000000;0.000000;0.000000;0.000000;2.000000;-698.297974;-128.984131;1235.203613;0.140582;0.000000;0.000000;0.000000;0.000000;2.000000;-24.260056;-191.083984;2074.444336;0.030099;0.000000;0.000000;0.000000;0.000000;2.000000;-435.510254;-149.563416;1955.715820;0.055442;0.000000;0.000000;0.000000;0.000000;2.000000;-833.140320;-80.721375;1855.634033;0.082382;0.000000;0.000000;0.000000;0.000000;2.000000;-951.837830;-136.101440;1724.480835;0.102564;0.000000;0.000000;0.000000;0.000000;2.000000;618.654907;-142.558716;2240.986328;0.064978;0.000000;0.000000;0.000000;0.000000;2.000000;590.265381;-286.135193;2149.110840;0.116133;0.000000;0.000000;0.000000;0.000000;2.000000;632.145508;-248.162842;2128.440674;0.135121;0.000000;0.000000;0.000000;0.000000;2.000000;654.409485;-114.004028;2138.008789;0.148571;0.000000;0.000000;0.000000;0.000000;2.000000;640.603760;-282.099792;2172.464111;0.099474;0.000000;0.000000;0.000000;0.000000;2.000000;699.316406;-212.394104;2279.918945;0.101069;0.000000;0.000000;0.000000;0.000000;1.000000;4987166720.000000
0.000000;-150.000000;2000.000000;0.000000;0.000000;0.000000;0.000000;0.000000;2.000000;182.036911;-146.021240;2061.628906;0.021148;0.000000;0.000000;0.000000;0.000000;2.000000;324.390381;-128.801636;2116.904785;0.060871;0.000000;0.000000;0.000000;0.000000;2.000000;538.045410;-127.443542;2212.145020;0.068008;0.000000;0.000000;0.000000;0.000000;2.000000;517.288147;-118.382751;2164.435791;0.053473;0.000000;0.000000;0.000000;0.000000;2.000000;531.485229;-119.381165;2011.067261;0.044101;0.000000;0.000000;0.000000;0.000000;2.000000;298.080627;-48.690430;1840.242554;0.056374;0.000000;0.000000;0.000000;0.000000;2.000000;78.809044;-42.817017;1720.500244;0.014963;0.000000;0.000000;0.000000;0.000000;2.000000;-13.202469;-49.884216;1767.920044;0.126548;0.000000;0.000000;0.000000;0.000000;2.000000;73.730537;-67.714722;1692.556396;0.048310;0.000000;0.000000;0.000000;0.000000;1.000000;-8.747833;-126.006653;1778.683716;0.830888;0.000000;0.000000;0.000000;0.000000;2.000000;488.025360;-134.722656;2228.735352;0.064525;0.000000;0.000000;0.000000;0.000000;2.000000;392.563263;-180.838501;2322.750977;0.240035;0.000000;0.000000;0.000000;0.000000;2.000000;90.016403;-187.910828;2301.358887;0.133449;0.000000;0.000000;0.000000;0.000000;1.000000;-75.776642;-346.482544;2194.533936;0.475434;0.000000;0.000000;0.000000;0.000000;1.000000;-153.801270;-422.159821;2168.748047;0.232559;0.000000;0.000000;0.000000;0.000000;1.000000;-266.008942;-440.363678;2155.546387;0.228286;0.000000;0.000000;0.000000;0.000000;1.000000;-188.075073;-413.042297;2147.078125;0.202781;0.000000;0.000000;0.000000;0.000000;1.000000;27.604294;-107.699646;1915.732788;0.112623;0.000000;0.000000;0.000000;0.000000;2.000000;-312.121948;-87.065796;1650.735352;0.168488;0.000000;0.000000;0.000000;0.000000;2.000000;-648.500916;-52.347351;1414.972900;0.250217;0.000000;0.000000;0.000000;0.000000;2.000000;-701.608337;-139.000488;1240.572510;0.355675;0.000000;0.000000;0.000000;0.000000;2.000000;-24.891983;-188.144104;2075.987305;0.101556;0.000000;0.000000;0.000000;0.000000;2.000000;-436.129395;-151.489990;1952.686157;0.109475;0.000000;0.000000;0.000000;0.000000;2.000000;-834.324158;-89.111633;1847.404785;0.354922;0.000000;0.000000;0.000000;0.000000;2.000000;-938.155090;-161.273376;1711.382813;0.946587;0.000000;0.000000;0.000000;0.000000;2.000000;618.743896;-141.015137;2244.553223;0.116814;0.000000;0.000000;0.000000;0.000000;2.000000;587.731567;-291.010498;2163.828613;0.472053;0.000000;0.000000;0.000000;0.000000;2.000000;629.981750;-255.180969;2139.989746;0.411249;0.000000;0.000000;0.000000;0.000000;2.000000;654.033691;-120.723938;2139.243408;0.205610;0.000000;0.000000;0.000000;0.000000;2.000000;638.412109;-285.872803;2186.471191;0.440834;0.000000;0.000000;0.000000;0.000000;2.000000;699.019531;-208.894226;2288.110107;0.267803;0.000000;0.000000;0.000000;0.000000;1.000000;4987200000.000000
0.000000;-150.000000;2000.000000;0.000000;0.000000;0.000000;0.000000;0.000000;2.000000;182.483017;-141.107239;2062.089355;0.148908;0.000000;0.000000;0.000000;0.000000;2.000000;323.453308;-116.056824;2119.509521;0.391886;0.000000;0.000000;0.000000;0.000000;2.000000;538.060486;-117.018982;2214.812500;0.323331;0.000000;0.000000;0.000000;0.000000;2.000000;517.257019;-107.702026;2166.949219;0.329703;0.000000;0.000000;0.000000;0.000000;2.000000;527.417847;-113.131592;2012.763428;0.229780;0.000000;0.000000;0.000000;0.000000;2.000000;294.391235;-46.771545;1837.750488;0.145676;0.000000;0.000000;0.000000;0.000000;2.000000;73.278664;-39.533386;1719.481323;0.195672;0.000000;0.000000;0.000000;0.000000;2.000000;-20.655426;-39.317444;1764.463989;0.402182;0.000000;0.000000;0.000000;0.000000;2.000000;67.911507;-66.232056;1693.118286;0.181225;0.000000;0.000000;0.000000;0.000000;1.000000;-18.671982;-125.408997;1769.847900;0.399671;0.000000;0.000000;0.000000;0.000000;2.000000;487.796143;-123.777039;2231.537598;0.339572;0.000000;0.000000;0.000000;0.000000;2.000000;393.294067;-176.810669;2323.673828;0.126092;0.000000;0.000000;0.000000;0.000000;2.000000;89.162506;-183.306091;2309.231445;0.275247;0.000000;0.000000;0.000000;0.000000;1.000000;-74.224869;-342.864532;2197.967285;0.156959;0.000000;0.000000;0.000000;0.000000;1.000000;-154.119644;-416.588562;2170.455078;0.175349;0.000000;0.000000;0.000000;0.000000;1.000000;-265.925842;-437.038696;2153.792480;0.112985;0.000000;0.000000;0.000000;0.000000;1.000000;-187.930069;-405.826385;2145.066895;0.225131;0.000000;0.000000;0.000000;0.000000;1.000000;26.536377;-106.173096;1915.731445;0.055980;0.000000;0.000000;0.000000;0.000000;2.000000;-313.976196;-85.228516;1649.085693;0.092786;0.000000;0.000000;0.000000;0.000000;2.000000;-652.234985;-49.857971;1413.351440;0.143381;0.000000;0.000000;0.000000;0.000000;2.000000;-705.959473;-136.007263;1237.999023;0.176530;0.000000;0.000000;0.000000;0.000000;2.000000;-23.929016;-189.520691;2075.988770;0.050480;0.000000;0.000000;0.000000;0.000000;2.000000;-436.293335;-149.580444;1951.712402;0.064596;0.000000;0.000000;0.000000;0.000000;2.000000;-835.814453;-82.253418;1848.211182;0.212273;0.000000;0.000000;0.000000;0.000000;2.000000;-945.930054;-137.634949;1708.348389;0.753262;0.000000;0.000000;0.000000;0.000000;2.000000;618.959595;-131.520264;2247.232910;0.296518;0.000000;0.000000;0.000000;0.000000;2.000000;591.230957;-283.842163;2168.268066;0.274310;0.000000;0.000000;0.000000;0.000000;2.000000;632.899048;-247.305176;2143.900391;0.278382;0.000000;0.000000;0.000000;0.000000;2.000000;654.125183;-111.868042;2141.298828;0.273190;0.000000;0.000000;0.000000;0.000000;2.000000;641.941223;-277.270020;2190.998047;0.310754;0.000000;0.000000;0.000000;0.000000;2.000000;700.915588;-197.284607;2292.024658;0.372526;0.000000;0.000000;0.000000;0.000000;1.000000;4987233280.000000
0.000000;-150.000000;2000.000000;0.000000;0.000000;0.000000;0.000000;0.000000;2.000000;178.663910;-143.624329;2063.776855;0.146495;0.000000;0.000000;0.000000;0.000000;2.000000;317.740173;-123.058838;2120.888672;0.274690;0.000000;0.000000;0.000000;0.000000;2.000000;529.614929;-120.118530;2212.841797;0.276733;0.000000;0.000000;0.000000;0.000000;2.000000;508.806274;-113.410095;2165.497070;0.309518;0.000000;0.000000;0.000000;0.000000;2.000000;521.384705;-121.473572;2014.140137;0.312099;0.000000;0.000000;0.000000;0.000000;2.000000;295.068024;-48.838318;1841.086304;0.119655;0.000000;0.000000;0.000000;0.000000;2.000000;75.435913;-41.937378;1728.801880;0.296405;0.000000;0.000000;0.000000;0.000000;2.000000;-19.864532;-44.361511;1766.324097;0.163281;0.000000;0.000000;0.000000;0.000000;2.000000;70.684372;-71.229309;1700.783447;0.287295;0.000000;0.000000;0.000000;0.000000;1.000000;-16.892288;-127.850281;1772.190430;0.114871;0.000000;0.000000;0.000000;0.000000;2.000000;480.275757;-125.577820;2230.029785;0.236737;0.000000;0.000000;0.000000;0.000000;2.000000;389.637604;-168.493103;2327.602295;0.297437;0.000000;0.000000;0.000000;0.000000;2.000000;90.359604;-176.918091;2317.295898;0.311219;0.000000;0.000000;0.000000;0.000000;1.000000;-71.171524;-339.974945;2218.476563;0.629077;0.000000;0.000000;0.000000;0.000000;1.000000;-148.674271;-411.851593;2186.927734;0.540397;0.000000;0.000000;0.000000;0.000000;1.000000;-255.621414;-436.405914;2159.933350;0.360942;0.000000;0.000000;0.000000;0.000000;1.000000;-179.063614;-400.024780;2152.849609;0.395042;0.000000;0.000000;0.000000;0.000000;1.000000;28.436554;-109.963318;1916.335571;0.128687;0.000000;0.000000;0.000000;0.000000;2.000000;-316.443054;-99.607788;1666.597412;0.684878;0.000000;0.000000;0.000000;0.000000;2.000000;-681.590820;-24.859192;1502.959229;2.931230;0.000000;0.000000;0.000000;0.000000;1.000000;-798.093140;-91.996887;1355.829346;4.684948;0.000000;0.000000;0.000000;0.000000;1.000000;-25.642502;-186.102905;2075.444092;0.116041;0.000000;0.000000;0.000000;0.000000;2.000000;-432.391113;-151.842224;1955.403198;0.175119;0.000000;0.000000;0.000000;0.000000;2.000000;-824.664368;-87.036682;1849.931885;0.368214;0.000000;0.000000;0.000000;0.000000;2.000000;-958.068054;-148.268738;1740.007935;1.067758;0.000000;0.000000;0.000000;0.000000;2.000000;609.381470;-133.084717;2244.818604;0.300506;0.000000;0.000000;0.000000;0.000000;2.000000;592.206299;-286.996643;2172.398926;0.158903;0.000000;0.000000;0.000000;0.000000;2.000000;636.593079;-252.526367;2152.702637;0.326939;0.000000;0.000000;0.000000;0.000000;2.000000;658.932129;-119.688171;2145.852539;0.307897;0.000000;0.000000;0.000000;0.000000;2.000000;638.373108;-279.371643;2201.390381;0.336148;0.000000;0.000000;0.000000;0.000000;2.000000;682.104370;-195.337952;2303.653809;0.667100;0.000000;0.000000;0.000000;0.000000;1.000000;4987266560.000000
0.000000;-150.000000;2000.000000;0.000000;0.000000;0.000000;0.000000;0.000000;2.000000;180.286469;-142.789307;2064.469727;0.058652;0.000000;0.000000;0.000000;0.000000;2.000000;319.221924;-117.287292;2123.712891;0.198141;0.000000;0.000000;0.000000;0.000000;2.000000;532.759766;-120.042603;2217.306641;0.164115;0.000000;0.000000;0.000000;0.000000;2.000000;512.112915;-112.654724;2169.450928;0.156531;0.000000;0.000000;0.000000;0.000000;2.000000;522.066406;-124.149963;2016.679077;0.112726;0.000000;0.000000;0.000000;0.000000;2.000000;297.386810;-48.304871;1838.221558;0.111899;0.000000;0.000000;0.000000;0.000000;2.000000;73.052765;-32.585632;1731.102417;0.298108;0.000000;0.000000;0.000000;0.000000;2.000000;-25.333160;-34.653503;1762.894775;0.350304;0.000000;0.000000;0.000000;0.000000;2.000000;76.143044;-56.058411;1710.823975;0.570728;0.000000;0.000000;0.000000;0.000000;2.000000;-17.605637;-128.361816;1767.116699;0.154721;0.000000;0.000000;0.000000;0.000000;2.000000;482.765686;-124.275696;2234.468750;0.157859;0.000000;0.000000;0.000000;0.000000;2.000000;390.249390;-170.142456;2330.829102;0.110432;0.000000;0.000000;0.000000;0.000000;2.000000;87.853287;-170.943481;2329.965820;0.427596;0.000000;0.000000;0.000000;0.000000;1.000000;-72.783234;-336.334290;2227.643066;0.300296;0.000000;0.000000;0.000000;0.000000;1.000000;-147.144592;-411.011902;2191.692383;0.152468;0.000000;0.000000;0.000000;0.000000;1.000000;-251.747314;-437.015411;2154.365234;0.204645;0.000000;0.000000;0.000000;0.000000;1.000000;-175.633789;-397.935730;2150.093750;0.146352;0.000000;0.000000;0.000000;0.000000;1.000000;28.583588;-109.515320;1915.539185;0.027810;0.000000;0.000000;0.000000;0.000000;2.000000;-307.971741;-86.379700;1648.985596;0.709110;0.000000;0.000000;0.000000;0.000000;2.000000;-641.153198;-49.257996;1411.395264;3.095749;0.000000;0.000000;0.000000;0.000000;2.000000;-703.170044;-132.291443;1238.943726;4.683674;0.000000;0.000000;0.000000;0.000000;2.000000;-25.775085;-186.506836;2076.161865;0.025067;0.000000;0.000000;0.000000;0.000000;2.000000;-435.004761;-153.654907;1950.028198;0.187668;0.000000;0.000000;0.000000;0.000000;2.000000;-830.591858;-90.321289;1840.905884;0.339147;0.000000;0.000000;0.000000;0.000000;2.000000;-953.737183;-153.348877;1717.905640;0.693763;0.000000;0.000000;0.000000;0.000000;2.000000;612.791138;-135.276917;2249.854004;0.194239;0.000000;0.000000;0.000000;0.000000;2.000000;589.957581;-286.906128;2170.674316;0.085197;0.000000;0.000000;0.000000;0.000000;2.000000;633.806641;-251.447571;2149.854492;0.124037;0.000000;0.000000;0.000000;0.000000;2.000000;657.000854;-117.302185;2147.937988;0.111510;0.000000;0.000000;0.000000;0.000000;2.000000;638.249146;-280.853943;2197.482910;0.125632;0.000000;0.000000;0.000000;0.000000;2.000000;689.029053;-201.252502;2301.814697;0.279165;0.000000;0.000000;0.000000;0.000000;1.000000;4987299840.000000
0.000000;-150.000000;2000.000000;0.000000;0.000000;0.000000;0.000000;0.000000;2.000000;181.507568;-141.696289;2063.794434;0.053261;0.000000;0.000000;0.000000;0.000000;2.000000;321.056763;-115.543030;2123.317871;0.076991;0.000000;0.000000;0.000000;0.000000;2.000000;533.588196;-121.283508;2221.878906;0.144518;0.000000;0.000000;0.000000;0.000000;2.000000;513.913818;-112.849060;2173.496094;0.133179;0.000000;0.000000;0.000000;0.000000;2.000000;525.808105;-122.914673;2019.981934;0.154492;0.000000;0.000000;0.000000;0.000000;2.000000;300.007477;-46.439514;1840.708618;0.122178;0.000000;0.000000;0.000000;0.000000;2.000000;75.121925;-23.539978;1733.105835;0.285249;0.000000;0.000000;0.000000;0.000000;2.000000;-23.961716;-16.457764;1763.691772;0.548821;0.000000;0.000000;0.000000;0.000000;2.000000;79.021133;-53.721008;1723.573853;0.398979;0.000000;0.000000;0.000000;0.000000;2.000000;-14.754486;-126.266418;1777.057983;0.317073;0.000000;0.000000;0.000000;0.000000;2.000000;482.960938;-125.569824;2237.968262;0.112267;0.000000;0.000000;0.000000;0.000000;2.000000;386.210632;-170.658325;2331.546387;0.124227;0.000000;0.000000;0.000000;0.000000;2.000000;82.492920;-159.380493;2331.809082;0.386949;0.000000;0.000000;0.000000;0.000000;1.000000;-81.530914;-321.065826;2225.851074;0.531485;0.000000;0.000000;0.000000;0.000000;1.000000;-148.258820;-406.839264;2199.115723;0.258061;0.000000;0.000000;0.000000;0.000000;1.000000;-251.081482;-436.045837;2157.672363;0.105471;0.000000;0.000000;0.000000;0.000000;1.000000;-178.963165;-399.120636;2153.650635;0.150661;0.000000;0.000000;0.000000;0.000000;1.000000;27.337616;-105.728271;1916.456543;0.122925;0.000000;0.000000;0.000000;0.000000;2.000000;-312.357941;-83.902771;1650.261353;0.156139;0.000000;0.000000;0.000000;0.000000;2.000000;-648.846802;-49.892944;1413.265381;0.238673;0.000000;0.000000;0.000000;0.000000;2.000000;-697.637573;-127.073669;1232.840698;0.292996;0.000000;0.000000;0.000000;0.000000;2.000000;-24.651520;-189.921753;2075.334961;0.110844;0.000000;0.000000;0.000000;0.000000;2.000000;-437.523285;-152.104248;1955.191772;0.178805;0.000000;0.000000;0.000000;0.000000;2.000000;-837.183228;-86.609131;1854.505005;0.467595;0.000000;0.000000;0.000000;0.000000;2.000000;-958.636475;-148.288025;1727.782959;0.364533;0.000000;0.000000;0.000000;0.000000;2.000000;613.221069;-137.658630;2256.010010;0.198758;0.000000;0.000000;0.000000;0.000000;2.000000;591.372070;-289.180603;2174.475586;0.139727;0.000000;0.000000;0.000000;0.000000;2.000000;635.322693;-253.051819;2154.148193;0.145067;0.000000;0.000000;0.000000;0.000000;2.000000;657.913147;-118.091980;2153.967529;0.184769;0.000000;0.000000;0.000000;0.000000;2.000000;639.780029;-283.171448;2201.665039;0.150854;0.000000;0.000000;0.000000;0.000000;2.000000;690.018372;-204.196716;2307.683594;0.199523;0.000000;0.000000;0.000000;0.000000;1.000000;4987333120.000000
0.000000;-150.000000;2000.000000;0.000000;0.000000;0.000000;0.000000;0.000000;2.000000;181.560898;-140.058594;2065.114746;0.062272;0.000000;0.000000;0.000000;0.000000;2.000000;322.953796;-118.751831;2123.384521;0.110328;0.000000;0.000000;0.000000;0.000000;2.000000;534.576172;-113.788391;2225.527832;0.248417;0.000000;0.000000;0.000000;0.000000;2.000000;515.146973;-105.920044;2176.780762;0.229837;0.000000;0.000000;0.000000;0.000000;2.000000;532.358704;-115.986816;2023.311646;0.298862;0.000000;0.000000;0.000000;0.000000;2.000000;307.695007;-42.874878;1839.788208;0.252237;0.000000;0.000000;0.000000;0.000000;2.000000;80.726311;-24.644836;1733.957520;0.170910;0.000000;0.000000;0.000000;0.000000;2.000000;-15.828964;-2.139221;1766.171753;0.492800;0.000000;0.000000;0.000000;0.000000;2.000000;80.141663;-55.673096;1726.074951;0.099573;0.000000;0.000000;0.000000;0.000000;2.000000;-13.773758;-127.404419;1768.975830;0.243270;0.000000;0.000000;0.000000;0.000000;2.000000;483.874817;-121.049500;2240.819336;0.160450;0.000000;0.000000;0.000000;0.000000;2.000000;388.442657;-173.763855;2332.381836;0.115844;0.000000;0.000000;0.000000;0.000000;2.000000;83.708893;-166.701233;2334.813965;0.236929;0.000000;0.000000;0.000000;0.000000;1.000000;-85.209961;-323.826660;2227.895508;0.148959;0.000000;0.000000;0.000000;0.000000;1.000000;-151.744476;-408.291779;2195.686523;0.150949;0.000000;0.000000;0.000000;0.000000;1.000000;-255.154999;-433.545532;2152.219238;0.214587;0.000000;0.000000;0.000000;0.000000;1.000000;-182.116394;-398.382965;2150.887695;0.125972;0.000000;0.000000;0.000000;0.000000;1.000000;27.196716;-103.801086;1917.113403;0.060397;0.000000;0.000000;0.000000;0.000000;2.000000;-311.319061;-79.953064;1647.534424;0.145323;0.000000;0.000000;0.000000;0.000000;2.000000;-648.138367;-43.286438;1409.277832;0.229317;0.000000;0.000000;0.000000;0.000000;2.000000;-695.848267;-119.030457;1227.291260;0.293985;0.000000;0.000000;0.000000;0.000000;2.000000;-24.524475;-191.659607;2074.742432;0.054465;0.000000;0.000000;0.000000;0.000000;2.000000;-437.745300;-147.634949;1953.330688;0.143418;0.000000;0.000000;0.000000;0.000000;2.000000;-838.791931;-80.431641;1854.176025;0.189157;0.000000;0.000000;0.000000;0.000000;2.000000;-945.052612;-122.844482;1706.770752;1.056014;0.000000;0.000000;0.000000;0.000000;2.000000;614.699829;-126.142944;2260.855469;0.372301;0.000000;0.000000;0.000000;0.000000;2.000000;595.766602;-281.196899;2184.291504;0.396371;0.000000;0.000000;0.000000;0.000000;2.000000;637.056519;-243.617065;2160.740479;0.344447;0.000000;0.000000;0.000000;0.000000;2.000000;653.408569;-107.439575;2155.877197;0.346895;0.000000;0.000000;0.000000;0.000000;2.000000;645.288025;-272.233032;2208.876953;0.420591;0.000000;0.000000;0.000000;0.000000;2.000000;697.210144;-187.868591;2310.395020;0.534051;0.000000;0.000000;0.000000;0.000000;1.000000;4987366912.000000
0.000000;-150.000000;2000.000000;0.000000;0.000000;0.000000;0.000000;0.000000;2.000000;181.054871;-139.643372;2065.132324;0.019676;0.000000;0.000000;0.000000;0.000000;2.000000;321.565796;-116.337646;2123.821289;0.084699;0.000000;0.000000;0.000000;0.000000;2.000000;533.317566;-114.246765;2224.533203;0.050132;0.000000;0.000000;0.000000;0.000000;2.000000;513.779541;-106.247803;2175.984863;0.048551;0.000000;0.000000;0.000000;0.000000;2.000000;533.326355;-116.738342;2023.186768;0.037006;0.000000;0.000000;0.000000;0.000000;2.000000;308.159851;-44.328613;1841.136597;0.061195;0.000000;0.000000;0.000000;0.000000;2.000000;81.860756;-23.909973;1735.651733;0.065124;0.000000;0.000000;0.000000;0.000000;2.000000;-13.478531;4.222412;1766.243042;0.203796;0.000000;0.000000;0.000000;0.000000;2.000000;80.252151;-55.227112;1730.174805;0.123964;0.000000;0.000000;0.000000;0.000000;2.000000;-12.717056;-125.952087;1771.217163;0.086304;0.000000;0.000000;0.000000;0.000000;2.000000;482.717926;-120.690857;2240.092529;0.042444;0.000000;0.000000;0.000000;0.000000;2.000000;387.989685;-171.838562;2332.755127;0.060480;0.000000;0.000000;0.000000;0.000000;2.000000;83.907013;-167.737000;2334.979004;0.032073;0.000000;0.000000;0.000000;0.000000;1.000000;-81.951141;-327.356323;2228.363770;0.145035;0.000000;0.000000;0.000000;0.000000;1.000000;-150.702911;-409.392334;2195.446777;0.046098;0.000000;0.000000;0.000000;0.000000;1.000000;-254.773956;-434.533264;2154.254395;0.068932;0.000000;0.000000;0.000000;0.000000;1.000000;-180.786133;-398.889130;2152.152832;0.057221;0.000000;0.000000;0.000000;0.000000;1.000000;27.474960;-105.500793;1916.549438;0.054457;0.000000;0.000000;0.000000;0.000000;2.000000;-307.863159;-80.155945;1644.758179;0.133340;0.000000;0.000000;0.000000;0.000000;2.000000;-642.655151;-40.804810;1405.741455;0.209756;0.000000;0.000000;0.000000;0.000000;2.000000;-692.179443;-114.575378;1223.952393;0.200347;0.000000;0.000000;0.000000;0.000000;2.000000;-24.775375;-190.126892;2075.250977;0.049106;0.000000;0.000000;0.000000;0.000000;2.000000;-437.650604;-147.840820;1955.634399;0.069556;0.000000;0.000000;0.000000;0.000000;2.000000;-837.407471;-78.865479;1856.580078;0.095726;0.000000;0.000000;0.000000;0.000000;2.000000;-961.291138;-123.167664;1724.870850;0.730735;0.000000;0.000000;0.000000;0.000000;2.000000;613.259583;-127.663818;2259.368652;0.077183;0.000000;0.000000;0.000000;0.000000;2.000000;595.624146;-284.334961;2186.806641;0.120917;0.000000;0.000000;0.000000;0.000000;2.000000;637.429932;-247.584961;2163.217285;0.140996;0.000000;0.000000;0.000000;0.000000;2.000000;654.226318;-111.941345;2155.044434;0.139742;0.000000;0.000000;0.000000;0.000000;2.000000;644.503723;-274.837097;2212.168457;0.128296;0.000000;0.000000;0.000000;0.000000;1.000000;694.298706;-188.061096;2312.250244;0.103896;0.000000;0.000000;0.000000;0.000000;1.000000;4987400192.000000
0.000000;-150.000000;2000.000000;0.000000;0.000000;0.000000;0.000000;0.000000;2.000000;181.347076;-143.393738;2062.292969;0.141617;0.000000;0.000000;0.000000;0.000000;2.000000;321.702698;-120.012512;2119.566162;0.168991;0.000000;0.000000;0.000000;0.000000;2.000000;531.284790;-120.641663;2222.462891;0.211007;0.000000;0.000000;0.000000;0.000000;2.000000;512.511719;-112.157104;2173.943848;0.191680;0.000000;0.000000;0.000000;0.000000;2.000000;541.399292;-119.095276;2023.107544;0.252714;0.000000;0.000000;0.000000;0.000000;2.000000;320.988098;-46.514404;1837.447632;0.406427;0.000000;0.000000;0.000000;0.000000;2.000000;94.125275;-33.312622;1734.617188;0.465404;0.000000;0.000000;0.000000;0.000000;2.000000;9.643478;10.171997;1693.438843;2.302254;0.000000;0.000000;0.000000;0.000000;2.000000;86.491928;-64.413025;1738.547241;0.417888;0.000000;0.000000;0.000000;0.000000;2.000000;-17.990097;-107.190674;1755.528687;0.751757;0.000000;0.000000;0.000000;0.000000;2.000000;480.655579;-126.682922;2237.283691;0.208283;0.000000;0.000000;0.000000;0.000000;2.000000;386.326965;-175.285706;2330.782959;0.129370;0.000000;0.000000;0.000000;0.000000;2.000000;83.529152;-175.352234;2333.143311;0.235651;0.000000;0.000000;0.000000;0.000000;1.000000;-83.402664;-333.826813;2229.125000;0.200566;0.000000;0.000000;0.000000;0.000000;1.000000;-152.325516;-413.877380;2193.433594;0.155559;0.000000;0.000000;0.000000;0.000000;1.000000;-256.090393;-437.261719;2151.811035;0.116946;0.000000;0.000000;0.000000;0.000000;1.000000;-181.694595;-402.309052;2150.853516;0.113267;0.000000;0.000000;0.000000;0.000000;1.000000;27.445526;-108.169373;1915.664307;0.084486;0.000000;0.000000;0.000000;0.000000;2.000000;-304.496277;-82.650757;1642.683105;0.140508;0.000000;0.000000;0.000000;0.000000;2.000000;-636.001160;-42.228638;1402.341431;0.228569;0.000000;0.000000;0.000000;0.000000;2.000000;-691.845886;-111.677368;1221.654175;0.111589;0.000000;0.000000;0.000000;0.000000;2.000000;-24.748856;-187.720520;2076.049316;0.076186;0.000000;0.000000;0.000000;0.000000;2.000000;-435.642639;-150.938110;1954.517090;0.115884;0.000000;0.000000;0.000000;0.000000;2.000000;-833.051147;-84.844116;1851.695313;0.266367;0.000000;0.000000;0.000000;0.000000;2.000000;-961.397705;-133.543213;1727.138062;0.319138;0.000000;0.000000;0.000000;0.000000;2.000000;610.313171;-135.001465;2258.037598;0.240936;0.000000;0.000000;0.000000;0.000000;2.000000;594.251892;-288.006226;2179.333496;0.253562;0.000000;0.000000;0.000000;0.000000;2.000000;636.325623;-250.532471;2158.148438;0.179285;0.000000;0.000000;0.000000;0.000000;2.000000;653.163147;-115.265137;2155.699463;0.106690;0.000000;0.000000;0.000000;0.000000;2.000000;642.403748;-279.578613;2205.906738;0.244298;0.000000;0.000000;0.000000;0.000000;2.000000;689.956055;-197.212341;2309.869141;0.312664;0.000000;0.000000;0.000000;0.000000;1.000000;4987433472.000000
0.000000;-150.000000;2000.000000;0.000000;0.000000;0.000000;0.000000;0.000000;2.000000;179.258438;-138.983765;2067.769043;0.220393;0.000000;0.000000;0.000000;0.000000;2.000000;317.354126;-114.541992;2130.077393;0.379276;0.000000;0.000000;0.000000;0.000000;2.000000;526.452271;-111.574585;2234.175781;0.468169;0.000000;0.000000;0.000000;0.000000;2.000000;507.674042;-102.467163;2185.742920;0.481254;0.000000;0.000000;0.000000;0.000000;2.000000;534.451050;-113.739990;2034.700684;0.436844;0.000000;0.000000;0.000000;0.000000;2.000000;319.167084;-35.157715;1845.268311;0.417931;0.000000;0.000000;0.000000;0.000000;2.000000;89.249062;-33.259277;1748.255737;0.435221;0.000000;0.000000;0.000000;0.000000;2.000000;10.366837;15.859619;1702.436646;0.320590;0.000000;0.000000;0.000000;0.000000;2.000000;78.701256;-63.998840;1752.135010;0.470800;0.000000;0.000000;0.000000;0.000000;2.000000;-29.901962;-94.592224;1766.900757;0.623045;0.000000;0.000000;0.000000;0.000000;2.000000;475.921478;-119.439087;2248.565674;0.427241;0.000000;0.000000;0.000000;0.000000;2.000000;381.751617;-172.199585;2340.056641;0.324268;0.000000;0.000000;0.000000;0.000000;2.000000;78.820724;-168.269409;2338.996094;0.310225;0.000000;0.000000;0.000000;0.000000;1.000000;-81.088165;-326.701752;2224.138184;0.270419;0.000000;0.000000;0.000000;0.000000;1.000000;-156.203705;-404.669495;2197.241211;0.321281;0.000000;0.000000;0.000000;0.000000;1.000000;-263.761078;-431.330597;2169.312256;0.601195;0.000000;0.000000;0.000000;0.000000;1.000000;-188.610687;-394.703552;2161.259033;0.439515;0.000000;0.000000;0.000000;0.000000;1.000000;27.025497;-99.553101;1920.313599;0.294460;0.000000;0.000000;0.000000;0.000000;2.000000;-310.049408;-76.052551;1653.163940;0.407837;0.000000;0.000000;0.000000;0.000000;2.000000;-646.840637;-41.828369;1418.934937;0.595679;0.000000;0.000000;0.000000;0.000000;2.000000;-699.221436;-105.969788;1235.162354;0.493234;0.000000;0.000000;0.000000;0.000000;2.000000;-24.370071;-195.490112;2071.856689;0.265527;0.000000;0.000000;0.000000;0.000000;2.000000;-445.318542;-159.547546;1990.296753;1.143380;0.000000;0.000000;0.000000;0.000000;2.000000;-852.420837;-97.186951;1931.765991;2.502996;0.000000;0.000000;0.000000;0.000000;1.000000;-969.626160;-160.396179;1802.689087;2.421947;0.000000;0.000000;0.000000;0.000000;1.000000;605.725525;-124.497498;2269.864746;0.494892;0.000000;0.000000;0.000000;0.000000;2.000000;588.045715;-278.773315;2193.844727;0.549427;0.000000;0.000000;0.000000;0.000000;2.000000;630.271240;-241.955017;2171.746582;0.516213;0.000000;0.000000;0.000000;0.000000;2.000000;648.074707;-106.807922;2166.883789;0.448216;0.000000;0.000000;0.000000;0.000000;2.000000;636.452026;-270.243164;2219.977539;0.537987;0.000000;0.000000;0.000000;0.000000;2.000000;685.291748;-186.429932;2322.268799;0.513257;0.000000;0.000000;0.000000;0.000000;1.000000;4987466752.000000
0.000000;-150.000000;2000.000000;0.000000;0.000000;0.000000;0.000000;0.000000;2.000000;179.436783;-139.244141;2067.794434;0.009514;0.000000;0.000000;0.000000;0.000000;2.000000;317.883057;-114.955505;2129.699707;0.023147;0.000000;0.000000;0.000000;0.000000;2.000000;527.230103;-109.878235;2233.655273;0.058215;0.000000;0.000000;0.000000;0.000000;2.000000;508.321625;-101.160461;2185.153320;0.047267;0.000000;0.000000;0.000000;0.000000;2.000000;537.412598;-110.028809;2034.247559;0.143317;0.000000;0.000000;0.000000;0.000000;2.000000;323.802063;-36.623718;1840.502075;0.204568;0.000000;0.000000;0.000000;0.000000;2.000000;94.691689;-39.327637;1741.089844;0.326125;0.000000;0.000000;0.000000;0.000000;2.000000;24.145660;14.423096;1687.363037;0.615167;0.000000;0.000000;0.000000;0.000000;2.000000;80.151558;-66.729797;1749.145508;0.129237;0.000000;0.000000;0.000000;0.000000;2.000000;-31.505142;-89.632690;1760.486450;0.248348;0.000000;0.000000;0.000000;0.000000;2.000000;476.731049;-118.048279;2248.150391;0.049940;0.000000;0.000000;0.000000;0.000000;2.000000;381.521240;-170.992737;2338.636475;0.056427;0.000000;0.000000;0.000000;0.000000;2.000000;78.339867;-168.438416;2335.167480;0.116057;0.000000;0.000000;0.000000;0.000000;1.000000;-76.551712;-332.441681;2220.788574;0.241782;0.000000;0.000000;0.000000;0.000000;1.000000;-153.420654;-408.037994;2191.771973;0.210347;0.000000;0.000000;0.000000;0.000000;1.000000;-261.763367;-432.917999;2164.861816;0.154147;0.000000;0.000000;0.000000;0.000000;1.000000;-185.292328;-397.287109;2157.502441;0.169441;0.000000;0.000000;0.000000;0.000000;1.000000;27.616959;-101.506165;1919.210327;0.069706;0.000000;0.000000;0.000000;0.000000;2.000000;-306.848114;-77.881592;1648.236938;0.184909;0.000000;0.000000;0.000000;0.000000;2.000000;-641.735718;-40.482361;1411.174927;0.282020;0.000000;0.000000;0.000000;0.000000;2.000000;-698.217590;-106.406067;1229.070068;0.185992;0.000000;0.000000;0.000000;0.000000;2.000000;-24.903442;-193.729004;2072.851563;0.062856;0.000000;0.000000;0.000000;0.000000;2.000000;-442.288757;-155.201050;1974.075195;0.512767;0.000000;0.000000;0.000000;0.000000;2.000000;-846.012329;-87.863892;1897.852905;1.074228;0.000000;0.000000;0.000000;0.000000;2.000000;-972.552856;-121.262024;1766.236084;1.609430;0.000000;0.000000;0.000000;0.000000;2.000000;606.698608;-122.032532;2269.361816;0.081051;0.000000;0.000000;0.000000;0.000000;2.000000;591.856934;-278.403198;2196.762695;0.144659;0.000000;0.000000;0.000000;0.000000;2.000000;632.567322;-240.832947;2173.011230;0.085678;0.000000;0.000000;0.000000;0.000000;2.000000;646.383423;-105.250427;2165.072510;0.087949;0.000000;0.000000;0.000000;0.000000;2.000000;640.576843;-267.963196;2221.691406;0.150690;0.000000;0.000000;0.000000;0.000000;1.000000;689.164307;-180.648804;2321.301758;0.211094;0.000000;0.000000;0.000000;0.000000;1.000000;4987500032.000000
0.000000;-150.000000;2000.000000;0.000000;0.000000;0.000000;0.000000;0.000000;2.000000;178.981201;-139.357422;2067.194336;0.022894;0.000000;0.000000;0.000000;0.000000;2.000000;317.146515;-115.374268;2128.570801;0.042412;0.000000;0.000000;0.000000;0.000000;2.000000;525.830811;-111.026062;2232.133789;0.071046;0.000000;0.000000;0.000000;0.000000;2.000000;506.979187;-102.086487;2183.842529;0.062870;0.000000;0.000000;0.000000;0.000000;2.000000;536.158997;-110.273865;2033.441162;0.045390;0.000000;0.000000;0.000000;0.000000;2.000000;323.368866;-37.430542;1840.108887;0.029946;0.000000;0.000000;0.000000;0.000000;2.000000;94.967812;-40.818542;1741.183838;0.045648;0.000000;0.000000;0.000000;0.000000;2.000000;24.691360;14.236755;1689.119507;0.055550;0.000000;0.000000;0.000000;0.000000;2.000000;80.196342;-67.950439;1749.231689;0.036794;0.000000;0.000000;0.000000;0.000000;2.000000;-31.075867;-90.907715;1760.958740;0.042844;0.000000;0.000000;0.000000;0.000000;2.000000;475.496948;-119.185852;2246.557373;0.069532;0.000000;0.000000;0.000000;0.000000;2.000000;381.881927;-171.848694;2338.124512;0.031869;0.000000;0.000000;0.000000;0.000000;2.000000;79.686256;-171.174072;2337.618652;0.117552;0.000000;0.000000;0.000000;0.000000;1.000000;-76.520615;-333.308990;2224.238525;0.106894;0.000000;0.000000;0.000000;0.000000;1.000000;-153.501724;-407.930328;2194.441895;0.080328;0.000000;0.000000;0.000000;0.000000;1.000000;-261.310303;-432.716522;2166.931152;0.063940;0.000000;0.000000;0.000000;0.000000;1.000000;-184.838425;-396.818268;2159.666504;0.067918;0.000000;0.000000;0.000000;0.000000;1.000000;27.328125;-101.485718;1919.523926;0.012826;0.000000;0.000000;0.000000;0.000000;2.000000;-306.725159;-77.537048;1650.369507;0.065016;0.000000;0.000000;0.000000;0.000000;2.000000;-640.606934;-40.499512;1414.227173;0.097786;0.000000;0.000000;0.000000;0.000000;2.000000;-699.554443;-106.330444;1233.623291;0.142609;0.000000;0.000000;0.000000;0.000000;2.000000;-24.642975;-193.747498;2072.568848;0.011564;0.000000;0.000000;0.000000;0.000000;2.000000;-443.467102;-158.384460;1985.690796;0.363625;0.000000;0.000000;0.000000;0.000000;2.000000;-848.573303;-96.413147;1920.678101;0.736416;0.000000;0.000000;0.000000;0.000000;1.000000;-969.348694;-156.591614;1794.137695;1.356146;0.000000;0.000000;0.000000;0.000000;1.000000;605.031921;-123.391907;2267.636719;0.082846;0.000000;0.000000;0.000000;0.000000;2.000000;590.188721;-278.207397;2193.108887;0.120835;0.000000;0.000000;0.000000;0.000000;2.000000;630.634216;-240.375061;2169.836914;0.112521;0.000000;0.000000;0.000000;0.000000;2.000000;644.206360;-105.129211;2163.812500;0.075671;0.000000;0.000000;0.000000;0.000000;2.000000;638.817139;-268.095093;2217.934570;0.124719;0.000000;0.000000;0.000000;0.000000;1.000000;687.472046;-182.438660;2318.281006;0.117119;0.000000;0.000000;0.000000;0.000000;1.000000;4987533312.000000
0.000000;-150.000000;2000.000000;0.000000;0.000000;0.000000;0.000000;0.000000;2.000000;179.550064;-137.682678;2066.222656;0.060639;0.000000;0.000000;0.000000;0.000000;2.000000;318.302643;-112.504089;2126.370605;0.114085;0.000000;0.000000;0.000000;0.000000;2.000000;526.831055;-109.914673;2231.106445;0.054511;0.000000;0.000000;0.000000;0.000000;2.000000;508.229401;-100.560547;2182.708740;0.068368;0.000000;0.000000;0.000000;0.000000;2.000000;537.686401;-104.495789;2031.949829;0.185090;0.000000;0.000000;0.000000;0.000000;2.000000;321.966553;-35.332214;1839.816650;0.076341;0.000000;0.000000;0.000000;0.000000;2.000000;95.110489;-41.784241;1736.617920;0.140298;0.000000;0.000000;0.000000;0.000000;2.000000;25.445969;17.717957;1688.454102;0.108884;0.000000;0.000000;0.000000;0.000000;2.000000;77.756317;-64.141724;1752.117310;0.161218;0.000000;0.000000;0.000000;0.000000;2.000000;-41.124786;-89.947998;1756.664673;0.329627;0.000000;0.000000;0.000000;0.000000;2.000000;476.308594;-117.905457;2245.262207;0.059913;0.000000;0.000000;0.000000;0.000000;2.000000;381.219147;-168.786743;2336.651855;0.104018;0.000000;0.000000;0.000000;0.000000;2.000000;78.588905;-168.180481;2332.355469;0.184904;0.000000;0.000000;0.000000;0.000000;1.000000;-74.486069;-333.797668;2218.874756;0.173000;0.000000;0.000000;0.000000;0.000000;1.000000;-152.972260;-407.421509;2189.895020;0.138395;0.000000;0.000000;0.000000;0.000000;1.000000;-262.045624;-431.226257;2166.016602;0.056996;0.000000;0.000000;0.000000;0.000000;1.000000;-184.769073;-396.564056;2158.140381;0.046536;0.000000;0.000000;0.000000;0.000000;1.000000;26.943832;-103.153259;1918.233643;0.064398;0.000000;0.000000;0.000000;0.000000;2.000000;-307.254944;-77.694885;1648.344360;0.063078;0.000000;0.000000;0.000000;0.000000;2.000000;-641.484253;-38.775574;1411.898193;0.090971;0.000000;0.000000;0.000000;0.000000;2.000000;-699.219360;-105.263123;1230.799683;0.091260;0.000000;0.000000;0.000000;0.000000;2.000000;-24.296432;-192.243774;2073.732422;0.058073;0.000000;0.000000;0.000000;0.000000;2.000000;-440.248749;-151.255371;1973.321411;0.439754;0.000000;0.000000;0.000000;0.000000;2.000000;-843.043945;-84.127136;1896.135010;0.841284;0.000000;0.000000;0.000000;0.000000;2.000000;-964.038452;-122.950562;1761.305542;1.421458;0.000000;0.000000;0.000000;0.000000;2.000000;605.916199;-122.945496;2266.961182;0.036027;0.000000;0.000000;0.000000;0.000000;2.000000;586.396545;-276.435120;2190.188965;0.153356;0.000000;0.000000;0.000000;0.000000;2.000000;629.773926;-240.506897;2169.038086;0.035498;0.000000;0.000000;0.000000;0.000000;2.000000;650.545410;-105.893311;2164.961426;0.194936;0.000000;0.000000;0.000000;0.000000;2.000000;634.421326;-269.031921;2217.237305;0.136668;0.000000;0.000000;0.000000;0.000000;2.000000;683.045532;-186.664917;2320.609863;0.196761;0.000000;0.000000;0.000000;0.000000;1.000000;4987566592.000000
0.000000;-150.000000;2000.000000;0.000000;0.000000;0.000000;0.000000;0.000000;2.000000;179.677521;-138.849792;2067.726563;0.057329;0.000000;0.000000;0.000000;0.000000;2.000000;318.089600;-114.282288;2130.040527;0.122704;0.000000;0.000000;0.000000;0.000000;2.000000;528.468628;-109.316040;2232.519531;0.067436;0.000000;0.000000;0.000000;0.000000;2.000000;509.003723;-99.412781;2184.399902;0.065674;0.000000;0.000000;0.000000;0.000000;2.000000;535.679199;-99.512451;2032.607178;0.162634;0.000000;0.000000;0.000000;0.000000;2.000000;315.423065;-37.307800;1841.874390;0.214490;0.000000;0.000000;0.000000;0.000000;2.000000;87.915535;-49.691833;1738.850952;0.328176;0.000000;0.000000;0.000000;0.000000;2.000000;24.143509;13.682495;1686.944336;0.135252;0.000000;0.000000;0.000000;0.000000;2.000000;68.420120;-70.441284;1754.277954;0.344594;0.000000;0.000000;0.000000;0.000000;2.000000;-50.801132;-94.777588;1752.140869;0.352244;0.000000;0.000000;0.000000;0.000000;2.000000;478.156311;-118.647034;2247.188965;0.083252;0.000000;0.000000;0.000000;0.000000;2.000000;384.154175;-173.329224;2338.161133;0.168715;0.000000;0.000000;0.000000;0.000000;2.000000;80.636971;-178.565186;2336.996582;0.347282;0.000000;0.000000;0.000000;0.000000;1.000000;-74.688828;-341.879700;2221.575195;0.256119;0.000000;0.000000;0.000000;0.000000;1.000000;-156.004364;-411.223969;2188.806641;0.149750;0.000000;0.000000;0.000000;0.000000;1.000000;-265.386444;-433.895447;2163.640625;0.146993;0.000000;0.000000;0.000000;0.000000;1.000000;-186.481720;-398.427002;2156.764648;0.086549;0.000000;0.000000;0.000000;0.000000;1.000000;26.942596;-99.336975;1920.180786;0.128736;0.000000;0.000000;0.000000;0.000000;2.000000;-307.982330;-75.750916;1648.973999;0.065174;0.000000;0.000000;0.000000;0.000000;2.000000;-642.344727;-39.716614;1410.132690;0.065440;0.000000;0.000000;0.000000;0.000000;2.000000;-704.498047;-106.888184;1230.082764;0.167353;0.000000;0.000000;0.000000;0.000000;2.000000;-24.295334;-195.685120;2071.976563;0.116088;0.000000;0.000000;0.000000;0.000000;2.000000;-441.044159;-152.440796;1970.321411;0.099830;0.000000;0.000000;0.000000;0.000000;2.000000;-845.105957;-85.771545;1892.671143;0.130819;0.000000;0.000000;0.000000;0.000000;2.000000;-956.807617;-117.150574;1747.518677;0.499198;0.000000;0.000000;0.000000;0.000000;2.000000;608.494690;-121.408813;2267.240234;0.090583;0.000000;0.000000;0.000000;0.000000;2.000000;589.913635;-279.041565;2197.820313;0.264356;0.000000;0.000000;0.000000;0.000000;2.000000;630.721863;-242.481506;2172.532227;0.123916;0.000000;0.000000;0.000000;0.000000;2.000000;646.348755;-107.131226;2161.761963;0.162873;0.000000;0.000000;0.000000;0.000000;2.000000;639.329712;-268.853088;2221.601318;0.197425;0.000000;0.000000;0.000000;0.000000;2.000000;691.233154;-180.337891;2318.679688;0.316282;0.000000;0.000000;0.000000;0.000000;1.000000;4987599872.000000
0.000000;-150.000000;2000.000000;0.000000;0.000000;0.000000;0.000000;0.000000;2.000000;180.356247;-138.259338;2064.628418;0.096938;0.000000;0.000000;0.000000;0.000000;2.000000;318.350281;-110.017883;2125.515625;0.186994;0.000000;0.000000;0.000000;0.000000;2.000000;528.832520;-110.846680;2226.792969;0.178448;0.000000;0.000000;0.000000;0.000000;2.000000;509.441528;-100.276123;2178.905273;0.167646;0.000000;0.000000;0.000000;0.000000;2.000000;535.840454;-99.550781;2027.388062;0.156903;0.000000;0.000000;0.000000;0.000000;2.000000;313.957550;-38.446106;1839.158813;0.098830;0.000000;0.000000;0.000000;0.000000;2.000000;87.640854;-50.940918;1734.783325;0.128123;0.000000;0.000000;0.000000;0.000000;2.000000;24.726486;13.135193;1683.119385;0.117417;0.000000;0.000000;0.000000;0.000000;2.000000;68.238243;-72.643982;1748.417725;0.188196;0.000000;0.000000;0.000000;0.000000;2.000000;-52.974289;-88.001404;1745.940552;0.283605;0.000000;0.000000;0.000000;0.000000;2.000000;478.471283;-118.930481;2241.636475;0.167327;0.000000;0.000000;0.000000;0.000000;2.000000;383.195313;-172.568054;2331.443359;0.205181;0.000000;0.000000;0.000000;0.000000;2.000000;80.328201;-177.926880;2327.551270;0.284612;0.000000;0.000000;0.000000;0.000000;1.000000;-73.747910;-341.461426;2211.909180;0.292089;0.000000;0.000000;0.000000;0.000000;1.000000;-154.743500;-412.386353;2182.710205;0.190296;0.000000;0.000000;0.000000;0.000000;1.000000;-264.662140;-435.768463;2161.998047;0.077956;0.000000;0.000000;0.000000;0.000000;1.000000;-186.344421;-401.045105;2153.289063;0.130814;0.000000;0.000000;0.000000;0.000000;1.000000;25.998688;-101.692688;1918.670654;0.088735;0.000000;0.000000;0.000000;0.000000;2.000000;-306.983032;-77.580444;1646.531982;0.096478;0.000000;0.000000;0.000000;0.000000;2.000000;-640.292480;-40.066589;1407.912354;0.091457;0.000000;0.000000;0.000000;0.000000;2.000000;-699.617432;-108.610046;1227.891479;0.168877;0.000000;0.000000;0.000000;0.000000;2.000000;-23.444138;-193.560791;2073.338379;0.080020;0.000000;0.000000;0.000000;0.000000;2.000000;-437.798187;-152.374146;1965.019409;0.186811;0.000000;0.000000;0.000000;0.000000;2.000000;-839.009644;-86.035400;1877.532471;0.490451;0.000000;0.000000;0.000000;0.000000;2.000000;-956.306152;-126.046021;1739.584229;0.358487;0.000000;0.000000;0.000000;0.000000;2.000000;608.520752;-125.093140;2261.010498;0.217479;0.000000;0.000000;0.000000;0.000000;2.000000;577.625732;-278.802795;2188.155762;0.469802;0.000000;0.000000;0.000000;0.000000;2.000000;623.250488;-246.489624;2165.779785;0.325688;0.000000;0.000000;0.000000;0.000000;2.000000;653.345093;-113.674377;2158.198730;0.307106;0.000000;0.000000;0.000000;0.000000;2.000000;626.337646;-274.116211;2214.682617;0.469715;0.000000;0.000000;0.000000;0.000000;2.000000;681.570740;-192.789368;2315.708740;0.481921;0.000000;0.000000;0.000000;0.000000;1.000000;4987633152.000000
0.000000;-150.000000;2000.000000;0.000000;0.000000;0.000000;0.000000;0.000000;2.000000;180.472214;-140.088318;2063.908447;0.059165;0.000000;0.000000;0.000000;0.000000;2.000000;318.886169;-113.209106;2123.979980;0.107626;0.000000;0.000000;0.000000;0.000000;2.000000;528.923096;-111.617249;2225.512207;0.044995;0.000000;0.000000;0.000000;0.000000;2.000000;509.545563;-101.454163;2177.602295;0.052874;0.000000;0.000000;0.000000;0.000000;2.000000;536.346436;-101.747803;2026.345703;0.074634;0.000000;0.000000;0.000000;0.000000;2.000000;314.438904;-39.809326;1838.995605;0.043717;0.000000;0.000000;0.000000;0.000000;2.000000;89.511017;-54.200012;1732.612427;0.130396;0.000000;0.000000;0.000000;0.000000;2.000000;26.271011;11.728271;1684.022461;0.068392;0.000000;0.000000;0.000000;0.000000;2.000000;70.001343;-75.042419;1747.588135;0.092854;0.000000;0.000000;0.000000;0.000000;2.000000;-52.185638;-89.485535;1746.890503;0.058009;0.000000;0.000000;0.000000;0.000000;2.000000;478.674255;-120.096130;2240.283203;0.054014;0.000000;0.000000;0.000000;0.000000;2.000000;385.972473;-175.260986;2331.573730;0.116304;0.000000;0.000000;0.000000;0.000000;2.000000;83.623657;-185.413147;2326.134277;0.249439;0.000000;0.000000;0.000000;0.000000;1.000000;-70.753128;-348.350983;2210.727783;0.228505;0.000000;0.000000;0.000000;0.000000;1.000000;-155.492279;-414.045502;2180.458496;0.087003;0.000000;0.000000;0.000000;0.000000;1.000000;-265.829712;-436.752777;2162.132324;0.046064;0.000000;0.000000;0.000000;0.000000;1.000000;-185.932159;-401.674530;2152.976563;0.024481;0.000000;0.000000;0.000000;0.000000;1.000000;26.406021;-103.055115;1918.150757;0.045495;0.000000;0.000000;0.000000;0.000000;2.000000;-306.462738;-79.252441;1646.682861;0.052812;0.000000;0.000000;0.000000;0.000000;2.000000;-639.081421;-42.291565;1407.883301;0.076123;0.000000;0.000000;0.000000;0.000000;2.000000;-702.169312;-110.865479;1229.436768;0.112377;0.000000;0.000000;0.000000;0.000000;2.000000;-23.811462;-192.332275;2073.807129;0.041023;0.000000;0.000000;0.000000;0.000000;2.000000;-437.271698;-154.060608;1963.123413;0.077871;0.000000;0.000000;0.000000;0.000000;2.000000;-837.343994;-89.757935;1871.424316;0.220687;0.000000;0.000000;0.000000;0.000000;2.000000;-959.009399;-133.757751;1738.886353;0.246441;0.000000;0.000000;0.000000;0.000000;2.000000;608.580505;-124.947693;2259.893555;0.033893;0.000000;0.000000;0.000000;0.000000;2.000000;588.382446;-279.838013;2186.294922;0.329491;0.000000;0.000000;0.000000;0.000000;2.000000;631.656555;-244.403015;2164.175293;0.264680;0.000000;0.000000;0.000000;0.000000;2.000000;652.566711;-109.965942;2157.329102;0.116820;0.000000;0.000000;0.000000;0.000000;2.000000;636.573303;-271.975464;2212.879150;0.318855;0.000000;0.000000;0.000000;0.000000;2.000000;685.945190;-187.691467;2314.273926;0.206400;0.000000;0.000000;0.000000;0.000000;1.000000;4987666432.000000
0.000000;-150.000000;2000.000000;0.000000;0.000000;0.000000;0.000000;0.000000;2.000000;179.763519;-139.182983;2064.974609;0.046401;0.000000;0.000000;0.000000;0.000000;2.000000;317.716553;-113.133545;2125.937988;0.067531;0.000000;0.000000;0.000000;0.000000;2.000000;526.659790;-113.143188;2229.004883;0.131179;0.000000;0.000000;0.000000;0.000000;2.000000;507.754578;-102.737061;2181.036377;0.120739;0.000000;0.000000;0.000000;0.000000;2.000000;531.388855;-105.572388;2029.488770;0.207327;0.000000;0.000000;0.000000;0.000000;2.000000;309.623230;-37.400696;1844.788452;0.234044;0.000000;0.000000;0.000000;0.000000;2.000000;86.800865;-52.687927;1734.943115;0.114855;0.000000;0.000000;0.000000;0.000000;2.000000;22.808548;14.262695;1689.111328;0.196983;0.000000;0.000000;0.000000;0.000000;2.000000;67.555527;-73.235229;1750.654419;0.127799;0.000000;0.000000;0.000000;0.000000;2.000000;-55.135254;-87.868164;1751.458130;0.167871;0.000000;0.000000;0.000000;0.000000;2.000000;476.310913;-121.338928;2243.331055;0.119912;0.000000;0.000000;0.000000;0.000000;2.000000;380.883850;-172.200928;2334.015137;0.189991;0.000000;0.000000;0.000000;0.000000;2.000000;79.021240;-174.269470;2320.776367;0.390435;0.000000;0.000000;0.000000;0.000000;1.000000;-73.653381;-335.711731;2201.802734;0.465858;0.000000;0.000000;0.000000;0.000000;1.000000;-154.768509;-409.046234;2181.269043;0.151397;0.000000;0.000000;0.000000;0.000000;1.000000;-265.181458;-435.334991;2170.849121;0.262047;0.000000;0.000000;0.000000;0.000000;1.000000;-188.255692;-400.268677;2157.325195;0.151721;0.000000;0.000000;0.000000;0.000000;1.000000;25.904160;-99.963013;1920.001343;0.107669;0.000000;0.000000;0.000000;0.000000;2.000000;-309.603577;-77.229553;1652.640869;0.208109;0.000000;0.000000;0.000000;0.000000;2.000000;-643.881348;-43.614075;1416.634399;0.297948;0.000000;0.000000;0.000000;0.000000;2.000000;-706.952087;-110.230286;1237.747070;0.284368;0.000000;0.000000;0.000000;0.000000;2.000000;-23.358932;-195.120544;2072.138184;0.097092;0.000000;0.000000;0.000000;0.000000;2.000000;-442.718872;-158.498474;1988.694092;0.784754;0.000000;0.000000;0.000000;0.000000;2.000000;-848.048767;-94.694458;1927.271851;1.689101;0.000000;0.000000;0.000000;0.000000;1.000000;-967.604797;-162.263000;1803.364258;2.101679;0.000000;0.000000;0.000000;0.000000;1.000000;605.848755;-127.050232;2263.933594;0.157163;0.000000;0.000000;0.000000;0.000000;2.000000;578.138428;-280.404053;2190.108887;0.323912;0.000000;0.000000;0.000000;0.000000;2.000000;620.279846;-245.383179;2165.503174;0.340193;0.000000;0.000000;0.000000;0.000000;2.000000;642.793640;-111.380188;2158.890137;0.295854;0.000000;0.000000;0.000000;0.000000;2.000000;628.111267;-273.642029;2213.336914;0.255585;0.000000;0.000000;0.000000;0.000000;2.000000;685.674988;-191.600769;2311.950195;0.134819;0.000000;0.000000;0.000000;0.000000;1.000000;4987700224.000000
