posX0;posY0;posZ0;posVel0;rotX0;rotY0;rotZ0;rotVel0;confidence0;posX1;posY1;posZ1;posVel1;rotX1;rotY1;rotZ1;rotVel1;confidence1;posX2;posY2;posZ2;posVel2;rotX2;rotY2;rotZ2;rotVel2;confidence2;posX3;posY3;posZ3;posVel3;rotX3;rotY3;rotZ3;rotVel3;confidence3;posX4;posY4;posZ4;posVel4;rotX4;rotY4;rotZ4;rotVel4;confidence4;posX5;posY5;posZ5;posVel5;rotX5;rotY5;rotZ5;rotVel5;confidence5;posX6;posY6;posZ6;posVel6;rotX6;rotY6;rotZ6;rotVel6;confidence6;posX7;posY7;posZ7;posVel7;rotX7;rotY7;rotZ7;rotVel7;confidence7;posX8;posY8;posZ8;posVel8;rotX8;rotY8;rotZ8;rotVel8;confidence8;posX9;posY9;posZ9;posVel9;rotX9;rotY9;rotZ9;rotVel9;confidence9;posX10;posY10;posZ10;posVel10;rotX10;rotY10;rotZ10;rotVel10;confidence10;posX11;posY11;posZ11;posVel11;rotX11;rotY11;rotZ11;rotVel11;confidence11;posX12;posY12;posZ12;posVel12;rotX12;rotY12;rotZ12;rotVel12;confidence12;posX13;posY13;posZ13;posVel13;rotX13;rotY13;rotZ13;rotVel13;confidence13;posX14;posY14;posZ14;posVel14;rotX14;rotY14;rotZ14;rotVel14;confidence14;posX15;posY15;posZ15;posVel15;rotX15;rotY15;rotZ15;rotVel15;confidence15;posX16;posY16;posZ16;posVel16;rotX16;rotY16;rotZ16;rotVel16;confidence16;posX17;posY17;posZ17;posVel17;rotX17;rotY17;rotZ17;rotVel17;confidence17;posX18;posY18;posZ18;posVel18;rotX18;rotY18;rotZ18;rotVel18;confidence18;posX19;posY19;posZ19;posVel19;rotX19;rotY19;rotZ19;rotVel19;confidence19;posX20;posY20;posZ20;posVel20;rotX20;rotY20;rotZ20;rotVel20;confidence20;posX21;posY21;posZ21;posVel21;rotX21;rotY21;rotZ21;rotVel21;confidence21;posX22;posY22;posZ22;posVel22;rotX22;rotY22;rotZ22;rotVel22;confidence22;posX23;posY23;posZ23;posVel23;rotX23;rotY23;rotZ23;rotVel23;confidence23;posX24;posY24;posZ24;posVel24;rotX24;rotY24;rotZ24;rotVel24;confidence24;posX25;posY25;posZ25;posVel25;rotX25;rotY25;rotZ25;rotVel25;confidence25;posX26;posY26;posZ26;posVel26;rotX26;rotY26;rotZ26;rotVel26;confidence26;posX27;posY27;posZ27;posVel27;rotX27;rotY27;rotZ27;rotVel27;confidence27;posX28;posY28;posZ28;posVel28;rotX28;rotY28;rotZ28;rotVel28;confidence28;posX29;posY29;posZ29;posVel29;rotX29;rotY29;rotZ29;rotVel29;confidence29;posX30;posY30;posZ30;posVel30;rotX30;rotY30;rotZ30;rotVel30;confidence30;posX31;posY31;posZ31;posVel31;rotX31;rotY31;rotZ31;rotVel31;confidence31;TimeStamp
0.000000;-150.000000;2000.000000;0.000000;0.000000;0.000000;0.000000;0.000000;2.000000;-8.012268;-317.200287;2002.490967;0.000000;0.000000;0.000000;0.000000;0.000000;2.000000;-18.873291;-449.443054;2019.988037;0.000000;0.000000;0.000000;0.000000;0.000000;2.000000;-39.846741;-647.946045;2060.739258;0.000000;0.000000;0.000000;0.000000;0.000000;2.000000;-66.768555;-614.019775;2045.257446;0.000000;0.000000;0.000000;0.000000;0.000000;2.000000;-179.867249;-569.569214;1988.450684;0.000000;0.000000;0.000000;0.000000;0.000000;2.000000;-132.866577;-356.687744;1848.040894;0.000000;0.000000;0.000000;0.000000;0.000000;2.000000;8.716431;-200.972839;1903.496948;0.000000;0.000000;0.000000;0.000000;0.000000;2.000000;76.533081;-224.865723;1958.220581;0.000000;0.000000;0.000000;0.000000;0.000000;2.000000;167.858093;-241.466965;1999.026245;0.000000;0.000000;0.000000;0.000000;0.000000;1.000000;73.721619;-281.829651;1950.103638;0.000000;0.000000;0.000000;0.000000;0.000000;2.000000;-5.636475;-616.700623;2060.861816;0.000000;0.000000;0.000000;0.000000;0.000000;2.000000;111.298798;-577.308350;2062.688477;0.000000;0.000000;0.000000;0.000000;0.000000;2.000000;227.570435;-356.816345;1975.081299;0.000000;0.000000;0.000000;0.000000;0.000000;2.000000;418.670502;-267.759247;2039.305054;0.000000;0.000000;0.000000;0.000000;0.000000;2.000000;508.904785;-273.248962;2075.265381;0.000000;0.000000;0.000000;0.000000;0.000000;2.000000;602.278320;-250.954376;2102.049072;0.000000;0.000000;0.000000;0.000000;0.000000;2.000000;532.632080;-283.087372;2054.474365;0.000000;0.000000;0.000000;0.000000;0.000000;2.000000;-82.074951;-146.423187;1976.086914;0.000000;0.000000;0.000000;0.000000;0.000000;2.000000;-141.187439;44.696198;2294.051758;0.000000;0.000000;0.000000;0.000000;0.000000;2.000000;-35.716125;242.518524;2013.630859;0.000000;0.000000;0.000000;0.000000;0.000000;2.000000;-113.092346;323.894196;2148.887451;0.000000;0.000000;0.000000;0.000000;0.000000;2.000000;74.010620;-153.225311;2021.563477;0.000000;0.000000;0.000000;0.000000;0.000000;2.000000;115.721649;157.090424;2228.404785;0.000000;0.000000;0.000000;0.000000;0.000000;2.000000;126.097656;209.644562;1869.586914;0.000000;0.000000;0.000000;0.000000;0.000000;2.000000;152.965424;335.566071;1967.471924;0.000000;0.000000;0.000000;0.000000;0.000000;2.000000;-50.553955;-718.864014;2087.787598;0.000000;0.000000;0.000000;0.000000;0.000000;2.000000;-53.500916;-743.371643;2236.539551;0.000000;0.000000;0.000000;0.000000;0.000000;2.000000;-81.933533;-775.638306;2206.388672;0.000000;0.000000;0.000000;0.000000;0.000000;1.000000;-135.280701;-767.140259;2100.402344;0.000000;0.000000;0.000000;0.000000;0.000000;1.000000;-33.078735;-778.448425;2209.901855;0.000000;0.000000;0.000000;0.000000;0.000000;2.000000;18.909485;-788.659424;2098.957031;0.000000;0.000000;0.000000;0.000000;0.000000;2.000000;14937033728.000000
0.000000;-150.000000;2000.000000;0.000000;0.000000;0.000000;0.000000;0.000000;2.000000;-13.945190;-315.228607;2002.688965;0.190891;0.000000;0.000000;0.000000;0.000000;2.000000;-27.296448;-446.423553;2016.359985;0.294664;0.000000;0.000000;0.000000;0.000000;2.000000;-42.034851;-643.676453;2056.382813;0.197767;0.000000;0.000000;0.000000;0.000000;2.000000;-69.974915;-610.665161;2042.047363;0.172198;0.000000;0.000000;0.000000;0.000000;2.000000;-181.336548;-562.762085;1987.627563;0.214001;0.000000;0.000000;0.000000;0.000000;2.000000;-138.337402;-352.316956;1846.741577;0.217344;0.000000;0.000000;0.000000;0.000000;2.000000;9.061523;-205.188156;1902.500244;0.132607;0.000000;0.000000;0.000000;0.000000;2.000000;70.499573;-232.347488;1961.658447;0.311517;0.000000;0.000000;0.000000;0.000000;2.000000;156.486023;-256.313171;2007.709229;0.629231;0.000000;0.000000;0.000000;0.000000;1.000000;69.477356;-284.347992;1950.609985;0.151400;0.000000;0.000000;0.000000;0.000000;2.000000;-8.918579;-611.908630;2055.605225;0.239066;0.000000;0.000000;0.000000;0.000000;2.000000;106.485992;-571.614136;2054.098389;0.347119;0.000000;0.000000;0.000000;0.000000;2.000000;224.811096;-352.491852;1973.539063;0.163472;0.000000;0.000000;0.000000;0.000000;2.000000;413.680664;-265.702087;2040.340820;0.167717;0.000000;0.000000;0.000000;0.000000;2.000000;502.199524;-271.916412;2077.947754;0.224115;0.000000;0.000000;0.000000;0.000000;2.000000;595.287415;-252.808563;2104.720703;0.235299;0.000000;0.000000;0.000000;0.000000;2.000000;527.044434;-287.165863;2052.956787;0.216135;0.000000;0.000000;0.000000;0.000000;2.000000;-82.889709;-143.270630;1983.628418;0.250684;0.000000;0.000000;0.000000;0.000000;2.000000;-118.171509;43.882507;2303.334961;0.757779;0.000000;0.000000;0.000000;0.000000;2.000000;-41.237610;234.747528;2013.274780;0.291122;0.000000;0.000000;0.000000;0.000000;2.000000;-110.791504;317.381744;2149.874023;0.212923;0.000000;0.000000;0.000000;0.000000;2.000000;74.745270;-156.068207;2014.763062;0.226051;0.000000;0.000000;0.000000;0.000000;2.000000;127.189484;150.672638;2218.097656;0.509686;0.000000;0.000000;0.000000;0.000000;2.000000;122.966553;204.792084;1862.835205;0.271136;0.000000;0.000000;0.000000;0.000000;2.000000;148.885834;328.831940;1960.879395;0.313386;0.000000;0.000000;0.000000;0.000000;2.000000;-50.096558;-714.277222;2083.146484;0.199623;0.000000;0.000000;0.000000;0.000000;2.000000;-63.457336;-732.796509;2230.759766;0.477061;0.000000;0.000000;0.000000;0.000000;2.000000;-90.529480;-765.101440;2200.255371;0.455247;0.000000;0.000000;0.000000;0.000000;1.000000;-136.056030;-759.277100;2091.719482;0.358270;0.000000;0.000000;0.000000;0.000000;1.000000;-42.573364;-769.069336;2207.073242;0.416334;0.000000;0.000000;0.000000;0.000000;2.000000;15.744080;-784.793823;2101.314453;0.168594;0.000000;0.000000;0.000000;0.000000;2.000000;14937066496.000000
0.000000;-150.000000;2000.000000;0.000000;0.000000;0.000000;0.000000;0.000000;2.000000;-14.627258;-316.950378;1999.011963;0.121835;0.000000;0.000000;0.000000;0.000000;2.000000;-28.556885;-449.291504;2014.601685;0.106310;0.000000;0.000000;0.000000;0.000000;2.000000;-43.685059;-647.842590;2058.680176;0.149019;0.000000;0.000000;0.000000;0.000000;2.000000;-71.972229;-614.630066;2043.954834;0.142992;0.000000;0.000000;0.000000;0.000000;2.000000;-184.716919;-566.275208;1989.330688;0.152825;0.000000;0.000000;0.000000;0.000000;2.000000;-137.891174;-355.972137;1844.524658;0.127195;0.000000;0.000000;0.000000;0.000000;2.000000;15.094238;-211.924927;1902.119751;0.267848;0.000000;0.000000;0.000000;0.000000;2.000000;74.138428;-240.314056;1964.491821;0.272407;0.000000;0.000000;0.000000;0.000000;2.000000;158.500397;-266.780396;2014.350952;0.371661;0.000000;0.000000;0.000000;0.000000;1.000000;71.897583;-292.668823;1954.760498;0.284338;0.000000;0.000000;0.000000;0.000000;2.000000;-10.114136;-615.885437;2056.936035;0.129044;0.000000;0.000000;0.000000;0.000000;2.000000;106.352325;-574.823547;2053.534668;0.096511;0.000000;0.000000;0.000000;0.000000;2.000000;226.618561;-354.038513;1971.359253;0.095483;0.000000;0.000000;0.000000;0.000000;2.000000;416.504974;-267.182648;2042.633667;0.116228;0.000000;0.000000;0.000000;0.000000;2.000000;505.978729;-274.400024;2080.428711;0.152642;0.000000;0.000000;0.000000;0.000000;2.000000;600.935791;-256.975220;2105.612061;0.209378;0.000000;0.000000;0.000000;0.000000;2.000000;530.468628;-295.365845;2058.480957;0.309639;0.000000;0.000000;0.000000;0.000000;2.000000;-84.474487;-142.527527;1987.954712;0.138109;0.000000;0.000000;0.000000;0.000000;2.000000;-121.607727;31.279877;2319.378662;0.612245;0.000000;0.000000;0.000000;0.000000;2.000000;-40.898865;218.880859;2023.631714;0.560807;0.000000;0.000000;0.000000;0.000000;2.000000;-114.526062;304.732361;2158.462158;0.465755;0.000000;0.000000;0.000000;0.000000;2.000000;76.174377;-156.738281;2010.861938;0.124537;0.000000;0.000000;0.000000;0.000000;2.000000;135.890991;144.843384;2226.750488;0.402035;0.000000;0.000000;0.000000;0.000000;2.000000;135.267700;206.728760;1868.873413;0.409547;0.000000;0.000000;0.000000;0.000000;2.000000;138.158997;332.368958;1970.965088;0.448110;0.000000;0.000000;0.000000;0.000000;2.000000;-51.764221;-718.679321;2087.057617;0.181113;0.000000;0.000000;0.000000;0.000000;2.000000;-81.226379;-740.159302;2233.538086;0.575098;0.000000;0.000000;0.000000;0.000000;2.000000;-101.648987;-774.788757;2199.650879;0.436785;0.000000;0.000000;0.000000;0.000000;1.000000;-134.581116;-771.853333;2085.244141;0.420871;0.000000;0.000000;0.000000;0.000000;1.000000;-54.191284;-774.512146;2212.298340;0.409945;0.000000;0.000000;0.000000;0.000000;2.000000;18.269714;-783.885498;2113.251709;0.362076;0.000000;0.000000;0.000000;0.000000;2.000000;14937100288.000000
0.000000;-150.000000;2000.000000;0.000000;0.000000;0.000000;0.000000;0.000000;2.000000;-16.105103;-315.893127;1999.911255;0.030460;0.000000;0.000000;0.000000;0.000000;2.000000;-31.027466;-447.506561;2014.402466;0.045890;0.000000;0.000000;0.000000;0.000000;2.000000;-45.633118;-645.365356;2056.564209;0.057030;0.000000;0.000000;0.000000;0.000000;2.000000;-73.793396;-612.317871;2042.013306;0.052974;0.000000;0.000000;0.000000;0.000000;2.000000;-184.094299;-560.896667;1987.008667;0.088512;0.000000;0.000000;0.000000;0.000000;2.000000;-143.127380;-349.552765;1844.507080;0.124461;0.000000;0.000000;0.000000;0.000000;2.000000;12.603088;-209.369781;1899.720215;0.064608;0.000000;0.000000;0.000000;0.000000;2.000000;73.344391;-239.781189;1958.699097;0.088208;0.000000;0.000000;0.000000;0.000000;1.000000;152.014740;-272.721558;2012.703369;0.134443;0.000000;0.000000;0.000000;0.000000;1.000000;64.773193;-293.897186;1953.848022;0.109478;0.000000;0.000000;0.000000;0.000000;1.000000;-12.350220;-613.453308;2055.287598;0.055472;0.000000;0.000000;0.000000;0.000000;2.000000;102.863007;-570.874451;2052.460449;0.080802;0.000000;0.000000;0.000000;0.000000;2.000000;219.456451;-349.238525;1971.958740;0.129847;0.000000;0.000000;0.000000;0.000000;2.000000;411.290405;-272.557587;2045.903076;0.122766;0.000000;0.000000;0.000000;0.000000;2.000000;500.803955;-274.579163;2082.855957;0.085916;0.000000;0.000000;0.000000;0.000000;2.000000;592.882996;-252.668289;2112.639404;0.173123;0.000000;0.000000;0.000000;0.000000;2.000000;527.094421;-295.586578;2065.721924;0.120066;0.000000;0.000000;0.000000;0.000000;2.000000;-83.889221;-141.849365;1987.641602;0.014257;0.000000;0.000000;0.000000;0.000000;2.000000;-122.692688;29.964661;2317.574707;0.037292;0.000000;0.000000;0.000000;0.000000;2.000000;-43.505981;210.042908;2019.142822;0.153992;0.000000;0.000000;0.000000;0.000000;2.000000;-124.077332;296.812927;2148.026367;0.243579;0.000000;0.000000;0.000000;0.000000;2.000000;75.646545;-157.349792;2011.144043;0.012855;0.000000;0.000000;0.000000;0.000000;2.000000;137.136383;134.255432;2236.457520;0.216618;0.000000;0.000000;0.000000;0.000000;2.000000;126.170593;191.767639;1880.038330;0.311997;0.000000;0.000000;0.000000;0.000000;2.000000;129.772339;318.487366;1979.329468;0.274162;0.000000;0.000000;0.000000;0.000000;2.000000;-53.587402;-716.065613;2084.171631;0.064594;0.000000;0.000000;0.000000;0.000000;2.000000;-82.023865;-740.071350;2229.607422;0.060272;0.000000;0.000000;0.000000;0.000000;2.000000;-102.907471;-773.635498;2195.377441;0.069137;0.000000;0.000000;0.000000;0.000000;1.000000;-136.460815;-768.126282;2081.928467;0.080091;0.000000;0.000000;0.000000;0.000000;1.000000;-55.619019;-774.055481;2207.604248;0.074033;0.000000;0.000000;0.000000;0.000000;2.000000;15.629883;-782.073975;2108.396484;0.087377;0.000000;0.000000;0.000000;0.000000;2.000000;14937166848.000000
0.000000;-150.000000;2000.000000;0.000000;0.000000;0.000000;0.000000;0.000000;2.000000;-16.205444;-315.525970;2003.816772;0.119752;0.000000;0.000000;0.000000;0.000000;2.000000;-31.495239;-445.930389;2025.013062;0.327674;0.000000;0.000000;0.000000;0.000000;2.000000;-45.634705;-645.705933;2054.593750;0.061025;0.000000;0.000000;0.000000;0.000000;2.000000;-73.734558;-611.988708;2041.843262;0.011448;0.000000;0.000000;0.000000;0.000000;2.000000;-182.964966;-557.484558;1988.296387;0.116512;0.000000;0.000000;0.000000;0.000000;2.000000;-140.794250;-350.592743;1840.582397;0.142906;0.000000;0.000000;0.000000;0.000000;2.000000;12.674500;-210.846008;1901.363647;0.067452;0.000000;0.000000;0.000000;0.000000;2.000000;72.928833;-242.235092;1960.072754;0.086754;0.000000;0.000000;0.000000;0.000000;1.000000;152.413818;-275.038025;2012.594727;0.071811;0.000000;0.000000;0.000000;0.000000;1.000000;65.456299;-295.806274;1954.328125;0.063589;0.000000;0.000000;0.000000;0.000000;1.000000;-12.545044;-613.709900;2055.658447;0.014992;0.000000;0.000000;0.000000;0.000000;2.000000;102.733521;-572.201294;2050.514160;0.071994;0.000000;0.000000;0.000000;0.000000;2.000000;219.381134;-350.661682;1971.446167;0.046220;0.000000;0.000000;0.000000;0.000000;2.000000;409.966003;-272.098602;2045.427002;0.045176;0.000000;0.000000;0.000000;0.000000;2.000000;499.573151;-273.369598;2081.705566;0.063292;0.000000;0.000000;0.000000;0.000000;2.000000;588.818115;-249.066284;2117.111328;0.214701;0.000000;0.000000;0.000000;0.000000;2.000000;524.972656;-280.982056;2064.344727;0.452330;0.000000;0.000000;0.000000;0.000000;2.000000;-83.851624;-142.058899;1988.369507;0.023144;0.000000;0.000000;0.000000;0.000000;2.000000;-123.261353;32.412628;2316.035645;0.089934;0.000000;0.000000;0.000000;0.000000;2.000000;-45.906433;210.052063;2016.464355;0.109763;0.000000;0.000000;0.000000;0.000000;2.000000;-116.066040;305.993774;2144.487305;0.387217;0.000000;0.000000;0.000000;0.000000;1.000000;75.612640;-157.160858;2010.487671;0.020870;0.000000;0.000000;0.000000;0.000000;2.000000;142.025757;136.634460;2230.333740;0.249921;0.000000;0.000000;0.000000;0.000000;2.000000;123.334473;188.843567;1874.104370;0.219654;0.000000;0.000000;0.000000;0.000000;2.000000;127.344727;316.515320;1971.656494;0.252867;0.000000;0.000000;0.000000;0.000000;2.000000;-53.549133;-717.879150;2077.627686;0.207236;0.000000;0.000000;0.000000;0.000000;2.000000;-76.578186;-736.517944;2224.510254;0.252141;0.000000;0.000000;0.000000;0.000000;2.000000;-97.877197;-771.748291;2192.427246;0.187053;0.000000;0.000000;0.000000;0.000000;1.000000;-135.237488;-771.428406;2080.273438;0.118743;0.000000;0.000000;0.000000;0.000000;1.000000;-50.296753;-770.794189;2203.016846;0.236402;0.000000;0.000000;0.000000;0.000000;2.000000;17.615295;-781.436157;2102.014160;0.204906;0.000000;0.000000;0.000000;0.000000;2.000000;14937199616.000000
0.000000;-150.000000;2000.000000;0.000000;0.000000;0.000000;0.000000;0.000000;2.000000;-13.705811;-318.217773;2004.197021;0.109287;0.000000;0.000000;0.000000;0.000000;2.000000;-27.563599;-450.717194;2025.843384;0.184951;0.000000;0.000000;0.000000;0.000000;2.000000;-46.337402;-652.825073;2057.613037;0.229782;0.000000;0.000000;0.000000;0.000000;2.000000;-73.980042;-618.190247;2043.911499;0.193594;0.000000;0.000000;0.000000;0.000000;2.000000;-182.655457;-560.830017;1987.347656;0.103312;0.000000;0.000000;0.000000;0.000000;2.000000;-143.497070;-349.956940;1837.733276;0.117729;0.000000;0.000000;0.000000;0.000000;2.000000;12.870850;-210.730896;1903.600586;0.066539;0.000000;0.000000;0.000000;0.000000;2.000000;80.449280;-247.526688;1952.412842;0.354166;0.000000;0.000000;0.000000;0.000000;2.000000;171.812286;-278.734436;1986.096313;0.977965;0.000000;0.000000;0.000000;0.000000;2.000000;70.096008;-303.134033;1939.777954;0.501273;0.000000;0.000000;0.000000;0.000000;2.000000;-12.145996;-621.006104;2058.885498;0.236386;0.000000;0.000000;0.000000;0.000000;2.000000;105.278778;-579.836731;2060.952637;0.390064;0.000000;0.000000;0.000000;0.000000;2.000000;221.867401;-359.065918;1967.868164;0.280141;0.000000;0.000000;0.000000;0.000000;2.000000;412.401306;-270.011993;2039.749390;0.192967;0.000000;0.000000;0.000000;0.000000;2.000000;500.734680;-271.345581;2082.432129;0.072328;0.000000;0.000000;0.000000;0.000000;2.000000;595.612915;-250.600204;2108.308838;0.332186;0.000000;0.000000;0.000000;0.000000;2.000000;524.509460;-287.744141;2062.183594;0.210527;0.000000;0.000000;0.000000;0.000000;2.000000;-84.862000;-143.439270;1985.831177;0.090582;0.000000;0.000000;0.000000;0.000000;2.000000;-121.028320;28.168640;2321.634277;0.218150;0.000000;0.000000;0.000000;0.000000;2.000000;-47.564148;205.711304;2014.769531;0.146365;0.000000;0.000000;0.000000;0.000000;2.000000;-111.369873;314.382080;2139.461914;0.321013;0.000000;0.000000;0.000000;0.000000;1.000000;76.523773;-155.916138;2012.776611;0.081682;0.000000;0.000000;0.000000;0.000000;2.000000;147.209778;136.806641;2241.968994;0.376984;0.000000;0.000000;0.000000;0.000000;2.000000;121.753815;177.097412;1879.222046;0.382035;0.000000;0.000000;0.000000;0.000000;2.000000;131.556763;310.022400;1973.238159;0.233766;0.000000;0.000000;0.000000;0.000000;2.000000;-56.153931;-725.659912;2081.575684;0.269460;0.000000;0.000000;0.000000;0.000000;2.000000;-70.097839;-753.594482;2230.398193;0.567897;0.000000;0.000000;0.000000;0.000000;2.000000;-93.579773;-787.498047;2197.161621;0.503023;0.000000;0.000000;0.000000;0.000000;1.000000;-138.533081;-780.663940;2086.146973;0.338258;0.000000;0.000000;0.000000;0.000000;1.000000;-44.720581;-786.823242;2204.924316;0.505390;0.000000;0.000000;0.000000;0.000000;2.000000;17.695801;-790.995972;2097.875488;0.308284;0.000000;0.000000;0.000000;0.000000;2.000000;14937233408.000000
0.000000;-150.000000;2000.000000;0.000000;0.000000;0.000000;0.000000;0.000000;2.000000;-15.323730;-318.659058;2005.706177;0.068850;0.000000;0.000000;0.000000;0.000000;2.000000;-29.073120;-451.734009;2026.997070;0.065762;0.000000;0.000000;0.000000;0.000000;2.000000;-50.192932;-654.590027;2057.404297;0.129560;0.000000;0.000000;0.000000;0.000000;2.000000;-77.646912;-619.349243;2044.301880;0.117964;0.000000;0.000000;0.000000;0.000000;2.000000;-186.514587;-559.828491;1989.162720;0.133688;0.000000;0.000000;0.000000;0.000000;2.000000;-141.287537;-348.082275;1840.809692;0.128973;0.000000;0.000000;0.000000;0.000000;2.000000;13.925842;-202.180847;1896.941650;0.332288;0.000000;0.000000;0.000000;0.000000;2.000000;86.483368;-236.374771;1940.884155;0.522988;0.000000;0.000000;0.000000;0.000000;1.000000;166.575836;-279.410889;1988.487061;0.176880;0.000000;0.000000;0.000000;0.000000;1.000000;65.202087;-298.910767;1941.709961;0.205896;0.000000;0.000000;0.000000;0.000000;1.000000;-15.442749;-623.118835;2058.514160;0.120032;0.000000;0.000000;0.000000;0.000000;2.000000;103.003326;-583.471069;2059.402588;0.139144;0.000000;0.000000;0.000000;0.000000;2.000000;222.054688;-361.383362;1969.816284;0.092568;0.000000;0.000000;0.000000;0.000000;2.000000;415.171051;-278.016266;2044.124146;0.290924;0.000000;0.000000;0.000000;0.000000;2.000000;505.885010;-279.846680;2082.401367;0.303332;0.000000;0.000000;0.000000;0.000000;2.000000;601.130005;-257.205933;2106.738037;0.266992;0.000000;0.000000;0.000000;0.000000;2.000000;531.718872;-301.021942;2058.928711;0.471662;0.000000;0.000000;0.000000;0.000000;2.000000;-85.860046;-142.486053;1991.517334;0.178566;0.000000;0.000000;0.000000;0.000000;2.000000;-110.832031;28.250946;2330.348633;0.409335;0.000000;0.000000;0.000000;0.000000;2.000000;-46.911438;195.572998;2014.167847;0.310580;0.000000;0.000000;0.000000;0.000000;2.000000;-98.388855;313.631836;2136.939941;0.404205;0.000000;0.000000;0.000000;0.000000;1.000000;77.423798;-156.775635;2007.649170;0.161020;0.000000;0.000000;0.000000;0.000000;2.000000;150.944946;126.746277;2249.476074;0.399674;0.000000;0.000000;0.000000;0.000000;2.000000;110.193420;162.267456;1886.263672;0.612754;0.000000;0.000000;0.000000;0.000000;2.000000;147.480377;295.109558;1974.373901;0.666685;0.000000;0.000000;0.000000;0.000000;2.000000;-60.706970;-727.762634;2080.959961;0.154199;0.000000;0.000000;0.000000;0.000000;2.000000;-76.822693;-758.838196;2229.513672;0.261638;0.000000;0.000000;0.000000;0.000000;2.000000;-97.591614;-793.617554;2195.085938;0.232118;0.000000;0.000000;0.000000;0.000000;1.000000;-140.229248;-787.584961;2082.641602;0.242351;0.000000;0.000000;0.000000;0.000000;1.000000;-48.878601;-790.310425;2204.148438;0.167295;0.000000;0.000000;0.000000;0.000000;2.000000;16.568115;-789.322510;2098.308838;0.062987;0.000000;0.000000;0.000000;0.000000;2.000000;14937266176.000000
0.000000;-150.000000;2000.000000;0.000000;0.000000;0.000000;0.000000;0.000000;2.000000;-15.902649;-320.501648;2001.959473;0.062370;0.000000;0.000000;0.000000;0.000000;2.000000;-30.182617;-454.879211;2023.928589;0.067057;0.000000;0.000000;0.000000;0.000000;2.000000;-49.342468;-659.691040;2057.334229;0.076525;0.000000;0.000000;0.000000;0.000000;2.000000;-77.663696;-624.395569;2044.457153;0.074703;0.000000;0.000000;0.000000;0.000000;2.000000;-190.145142;-566.616821;1991.173462;0.117727;0.000000;0.000000;0.000000;0.000000;2.000000;-147.950806;-353.700958;1838.691284;0.132720;0.000000;0.000000;0.000000;0.000000;2.000000;10.738220;-210.551605;1901.089233;0.146053;0.000000;0.000000;0.000000;0.000000;2.000000;76.938843;-245.377106;1955.388306;0.289386;0.000000;0.000000;0.000000;0.000000;2.000000;163.710815;-279.804565;2000.595215;0.184196;0.000000;0.000000;0.000000;0.000000;1.000000;64.862732;-302.989380;1940.354004;0.063794;0.000000;0.000000;0.000000;0.000000;2.000000;-14.418701;-627.650269;2057.202637;0.071426;0.000000;0.000000;0.000000;0.000000;2.000000;106.057678;-589.973145;2055.834961;0.118680;0.000000;0.000000;0.000000;0.000000;2.000000;220.612152;-366.095123;1956.800293;0.205929;0.000000;0.000000;0.000000;0.000000;2.000000;418.066040;-288.421387;2033.017700;0.229225;0.000000;0.000000;0.000000;0.000000;2.000000;509.292511;-295.039612;2072.246582;0.275052;0.000000;0.000000;0.000000;0.000000;2.000000;605.957397;-276.333374;2098.707520;0.315150;0.000000;0.000000;0.000000;0.000000;2.000000;535.867615;-318.118652;2041.336670;0.368127;0.000000;0.000000;0.000000;0.000000;2.000000;-86.841553;-141.985657;1992.573975;0.022587;0.000000;0.000000;0.000000;0.000000;2.000000;-91.684326;16.285492;2342.718750;0.380940;0.000000;0.000000;0.000000;0.000000;2.000000;-51.112976;178.597321;2015.783203;0.259860;0.000000;0.000000;0.000000;0.000000;2.000000;-88.536011;307.058075;2135.931152;0.175891;0.000000;0.000000;0.000000;0.000000;1.000000;78.308807;-157.226898;2006.696411;0.020367;0.000000;0.000000;0.000000;0.000000;2.000000;154.293518;113.497650;2268.022461;0.340866;0.000000;0.000000;0.000000;0.000000;2.000000;91.224060;151.544037;1904.284546;0.418396;0.000000;0.000000;0.000000;0.000000;2.000000;164.180603;279.979340;1978.821899;0.339868;0.000000;0.000000;0.000000;0.000000;2.000000;-58.845825;-733.453735;2082.177002;0.090408;0.000000;0.000000;0.000000;0.000000;2.000000;-74.192627;-772.068604;2230.721191;0.200391;0.000000;0.000000;0.000000;0.000000;2.000000;-98.825623;-803.318298;2194.618896;0.144858;0.000000;0.000000;0.000000;0.000000;1.000000;-143.888123;-787.163330;2082.741211;0.054516;0.000000;0.000000;0.000000;0.000000;1.000000;-49.287415;-804.532227;2202.573730;0.211804;0.000000;0.000000;0.000000;0.000000;2.000000;14.211182;-802.732422;2094.027832;0.211184;0.000000;0.000000;0.000000;0.000000;2.000000;14937333760.000000
0.000000;-150.000000;2000.000000;0.000000;0.000000;0.000000;0.000000;0.000000;2.000000;-17.478149;-324.562073;2001.161255;0.135129;0.000000;0.000000;0.000000;0.000000;2.000000;-33.894653;-461.959717;2024.047852;0.244001;0.000000;0.000000;0.000000;0.000000;2.000000;-59.946838;-671.561340;2055.167480;0.490234;0.000000;0.000000;0.000000;0.000000;2.000000;-87.893005;-634.294250;2042.782227;0.437401;0.000000;0.000000;0.000000;0.000000;2.000000;-203.494751;-573.348206;1990.983154;0.456296;0.000000;0.000000;0.000000;0.000000;2.000000;-160.011169;-352.975464;1838.041016;0.369252;0.000000;0.000000;0.000000;0.000000;2.000000;6.649963;-212.537231;1905.281860;0.188703;0.000000;0.000000;0.000000;0.000000;2.000000;79.943909;-253.860397;1948.720215;0.341824;0.000000;0.000000;0.000000;0.000000;2.000000;176.914520;-288.260681;1975.252441;0.909454;0.000000;0.000000;0.000000;0.000000;2.000000;65.512634;-312.729156;1938.186890;0.305148;0.000000;0.000000;0.000000;0.000000;2.000000;-23.141113;-639.894531;2055.243652;0.462661;0.000000;0.000000;0.000000;0.000000;2.000000;101.548096;-605.621704;2053.656982;0.501415;0.000000;0.000000;0.000000;0.000000;2.000000;214.692841;-375.526672;1949.151733;0.412262;0.000000;0.000000;0.000000;0.000000;2.000000;420.514984;-301.574951;2023.407837;0.502719;0.000000;0.000000;0.000000;0.000000;2.000000;513.120789;-306.258057;2065.802734;0.411741;0.000000;0.000000;0.000000;0.000000;2.000000;613.950256;-290.755554;2088.199707;0.596694;0.000000;0.000000;0.000000;0.000000;2.000000;536.503052;-332.833374;2034.276123;0.498454;0.000000;0.000000;0.000000;0.000000;2.000000;-88.586243;-141.201569;1989.277954;0.116298;0.000000;0.000000;0.000000;0.000000;2.000000;-103.223694;9.757538;2352.566895;0.504009;0.000000;0.000000;0.000000;0.000000;2.000000;-47.170837;160.942841;2012.635864;0.560334;0.000000;0.000000;0.000000;0.000000;2.000000;-73.643677;334.155975;2069.511230;2.235855;0.000000;0.000000;0.000000;0.000000;1.000000;79.882141;-157.933929;2009.668579;0.104872;0.000000;0.000000;0.000000;0.000000;2.000000;151.440704;111.756866;2286.787109;0.581663;0.000000;0.000000;0.000000;0.000000;2.000000;126.352661;168.129425;1911.635742;1.206558;0.000000;0.000000;0.000000;0.000000;2.000000;152.838776;335.511688;1908.420654;2.758224;0.000000;0.000000;0.000000;0.000000;1.000000;-71.891479;-747.171631;2079.520508;0.583378;0.000000;0.000000;0.000000;0.000000;2.000000;-84.981812;-787.895264;2231.637451;0.585213;0.000000;0.000000;0.000000;0.000000;2.000000;-106.609924;-822.287720;2194.503418;0.625757;0.000000;0.000000;0.000000;0.000000;2.000000;-153.165405;-810.515198;2079.459961;0.773333;0.000000;0.000000;0.000000;0.000000;2.000000;-56.059509;-818.511169;2203.095459;0.474295;0.000000;0.000000;0.000000;0.000000;2.000000;9.473083;-810.403076;2092.460693;0.279272;0.000000;0.000000;0.000000;0.000000;2.000000;14937366528.000000
0.000000;-150.000000;2000.000000;0.000000;0.000000;0.000000;0.000000;0.000000;2.000000;-18.520020;-322.955780;1995.878540;0.166281;0.000000;0.000000;0.000000;0.000000;2.000000;-36.393127;-459.270996;2017.028198;0.234414;0.000000;0.000000;0.000000;0.000000;2.000000;-65.891357;-666.789124;2046.996826;0.330687;0.000000;0.000000;0.000000;0.000000;2.000000;-93.014038;-629.239868;2035.185425;0.309642;0.000000;0.000000;0.000000;0.000000;2.000000;-206.930908;-566.397888;1985.076538;0.288438;0.000000;0.000000;0.000000;0.000000;2.000000;-168.866882;-345.789673;1835.017944;0.349143;0.000000;0.000000;0.000000;0.000000;2.000000;2.973877;-212.050934;1896.265503;0.288503;0.000000;0.000000;0.000000;0.000000;2.000000;69.168091;-252.604568;1949.114990;0.321257;0.000000;0.000000;0.000000;0.000000;2.000000;160.187134;-290.344360;1986.486328;0.599462;0.000000;0.000000;0.000000;0.000000;1.000000;54.177917;-309.021149;1928.871094;0.447829;0.000000;0.000000;0.000000;0.000000;2.000000;-28.797974;-636.083496;2046.892090;0.319099;0.000000;0.000000;0.000000;0.000000;2.000000;94.717529;-601.708313;2043.375488;0.383202;0.000000;0.000000;0.000000;0.000000;2.000000;205.847229;-373.388367;1938.834106;0.407125;0.000000;0.000000;0.000000;0.000000;2.000000;412.007935;-302.647522;2009.287354;0.488871;0.000000;0.000000;0.000000;0.000000;2.000000;504.172150;-307.216248;2050.632324;0.521990;0.000000;0.000000;0.000000;0.000000;2.000000;603.374023;-289.351379;2074.493896;0.513994;0.000000;0.000000;0.000000;0.000000;2.000000;529.568298;-335.684387;2020.845337;0.455196;0.000000;0.000000;0.000000;0.000000;2.000000;-87.613770;-140.338013;1988.233887;0.049354;0.000000;0.000000;0.000000;0.000000;2.000000;-116.860962;14.192383;2345.590332;0.471924;0.000000;0.000000;0.000000;0.000000;2.000000;-55.988342;160.420593;2007.742676;0.298821;0.000000;0.000000;0.000000;0.000000;2.000000;-102.865234;304.017151;2110.524170;1.736750;0.000000;0.000000;0.000000;0.000000;1.000000;79.005188;-158.712646;2010.609985;0.044504;0.000000;0.000000;0.000000;0.000000;2.000000;147.243164;113.122620;2281.829102;0.196445;0.000000;0.000000;0.000000;0.000000;2.000000;102.397095;166.342468;1911.248047;0.710975;0.000000;0.000000;0.000000;0.000000;2.000000;146.246765;308.821167;1988.928711;2.517543;0.000000;0.000000;0.000000;0.000000;2.000000;-78.933044;-741.673767;2070.850098;0.368411;0.000000;0.000000;0.000000;0.000000;2.000000;-98.034973;-785.907227;2219.974609;0.521337;0.000000;0.000000;0.000000;0.000000;2.000000;-118.172424;-818.924194;2181.449219;0.525568;0.000000;0.000000;0.000000;0.000000;2.000000;-159.758362;-804.020508;2065.974365;0.484011;0.000000;0.000000;0.000000;0.000000;2.000000;-68.396729;-815.682739;2192.028320;0.497554;0.000000;0.000000;0.000000;0.000000;2.000000;0.905518;-805.148010;2085.191406;0.367072;0.000000;0.000000;0.000000;0.000000;2.000000;14937400320.000000
0.000000;-149.999969;2000.000000;0.000001;0.000000;0.000000;0.000000;0.000000;2.000000;-18.919189;-321.580078;1996.879517;0.053330;0.000000;0.000000;0.000000;0.000000;2.000000;-36.784607;-456.799347;2018.025513;0.082210;0.000000;0.000000;0.000000;0.000000;2.000000;-63.276489;-663.178406;2047.135498;0.136117;0.000000;0.000000;0.000000;0.000000;2.000000;-90.808899;-626.145325;2036.161987;0.119731;0.000000;0.000000;0.000000;0.000000;2.000000;-205.837585;-565.146179;1989.415894;0.141807;0.000000;0.000000;0.000000;0.000000;2.000000;-169.878174;-347.111206;1838.806030;0.126266;0.000000;0.000000;0.000000;0.000000;2.000000;-3.397766;-209.930756;1900.808350;0.247419;0.000000;0.000000;0.000000;0.000000;2.000000;70.319000;-251.320984;1940.002563;0.283022;0.000000;0.000000;0.000000;0.000000;2.000000;166.651855;-285.628784;1961.849243;0.790526;0.000000;0.000000;0.000000;0.000000;2.000000;52.436157;-310.249237;1926.360474;0.100500;0.000000;0.000000;0.000000;0.000000;2.000000;-26.804626;-632.316956;2046.486450;0.130638;0.000000;0.000000;0.000000;0.000000;2.000000;95.996094;-599.250549;2041.656006;0.099508;0.000000;0.000000;0.000000;0.000000;2.000000;207.362579;-373.020508;1938.385864;0.049515;0.000000;0.000000;0.000000;0.000000;2.000000;413.671753;-302.674377;2002.806152;0.204206;0.000000;0.000000;0.000000;0.000000;2.000000;505.967651;-308.708191;2041.691772;0.281992;0.000000;0.000000;0.000000;0.000000;2.000000;604.105164;-290.255524;2066.039551;0.260435;0.000000;0.000000;0.000000;0.000000;2.000000;532.016174;-341.207336;2018.049683;0.203144;0.000000;0.000000;0.000000;0.000000;2.000000;-87.014771;-140.207153;1989.105347;0.032518;0.000000;0.000000;0.000000;0.000000;2.000000;-114.759033;0.460571;2349.013184;0.436622;0.000000;0.000000;0.000000;0.000000;2.000000;-58.021851;157.668945;2018.632813;0.348358;0.000000;0.000000;0.000000;0.000000;2.000000;-86.017822;328.749329;2071.689697;1.496181;0.000000;0.000000;0.000000;0.000000;1.000000;78.465088;-158.830566;2009.824219;0.029320;0.000000;0.000000;0.000000;0.000000;2.000000;149.211884;103.079956;2285.805176;0.335055;0.000000;0.000000;0.000000;0.000000;2.000000;97.704254;181.051758;1923.518921;0.601870;0.000000;0.000000;0.000000;0.000000;2.000000;111.873016;347.217957;1926.689087;2.466009;0.000000;0.000000;0.000000;0.000000;1.000000;-74.959656;-737.749878;2070.622070;0.170562;0.000000;0.000000;0.000000;0.000000;2.000000;-84.938049;-766.712402;2223.078125;0.715442;0.000000;0.000000;0.000000;0.000000;2.000000;-111.719421;-800.027588;2189.809570;0.660632;0.000000;0.000000;0.000000;0.000000;1.000000;-161.436035;-790.179749;2078.087402;0.563632;0.000000;0.000000;0.000000;0.000000;1.000000;-61.518127;-801.643677;2195.910156;0.491588;0.000000;0.000000;0.000000;0.000000;2.000000;-1.982300;-808.012695;2084.145508;0.128173;0.000000;0.000000;0.000000;0.000000;2.000000;14937433088.000000
0.000000;-150.000000;2000.000000;0.000001;0.000000;0.000000;0.000000;0.000000;2.000000;-19.062073;-322.652985;1999.061401;0.072076;0.000000;0.000000;0.000000;0.000000;2.000000;-37.794861;-458.925873;2018.119751;0.069726;0.000000;0.000000;0.000000;0.000000;2.000000;-66.238281;-666.140686;2048.720215;0.132537;0.000000;0.000000;0.000000;0.000000;2.000000;-93.729797;-628.598083;2038.123657;0.126925;0.000000;0.000000;0.000000;0.000000;2.000000;-208.280579;-563.914307;1992.662109;0.125634;0.000000;0.000000;0.000000;0.000000;2.000000;-172.393433;-343.776428;1842.179443;0.158887;0.000000;0.000000;0.000000;0.000000;2.000000;2.013245;-210.255646;1894.633423;0.243155;0.000000;0.000000;0.000000;0.000000;2.000000;68.247681;-249.228943;1948.338013;0.261602;0.000000;0.000000;0.000000;0.000000;2.000000;159.080353;-286.499512;1986.138428;0.753339;0.000000;0.000000;0.000000;0.000000;1.000000;52.308105;-306.138000;1930.889893;0.181059;0.000000;0.000000;0.000000;0.000000;1.000000;-29.206970;-635.523560;2047.186890;0.120367;0.000000;0.000000;0.000000;0.000000;2.000000;93.606232;-600.376221;2038.404419;0.123977;0.000000;0.000000;0.000000;0.000000;2.000000;209.103882;-373.327759;1937.073364;0.065166;0.000000;0.000000;0.000000;0.000000;2.000000;418.130035;-309.135132;2004.032837;0.235114;0.000000;0.000000;0.000000;0.000000;2.000000;515.631287;-315.587097;2029.380127;0.505926;0.000000;0.000000;0.000000;0.000000;2.000000;610.458252;-294.763702;2064.991699;0.232607;0.000000;0.000000;0.000000;0.000000;2.000000;541.634094;-344.284241;2006.485229;0.454332;0.000000;0.000000;0.000000;0.000000;2.000000;-86.759644;-140.333282;1983.842407;0.155973;0.000000;0.000000;0.000000;0.000000;2.000000;-123.237732;117.874268;2273.551758;4.137947;0.000000;0.000000;0.000000;0.000000;1.000000;-41.769775;246.110168;1933.425049;3.665967;0.000000;0.000000;0.000000;0.000000;1.000000;-74.018616;420.367798;1976.611450;3.923452;0.000000;0.000000;0.000000;0.000000;1.000000;78.234985;-158.716888;2014.570190;0.140652;0.000000;0.000000;0.000000;0.000000;2.000000;148.529541;101.451599;2295.599121;0.294502;0.000000;0.000000;0.000000;0.000000;2.000000;117.208191;146.625244;1923.200684;1.170952;0.000000;0.000000;0.000000;0.000000;2.000000;123.866638;313.594238;1907.690063;1.196722;0.000000;0.000000;0.000000;0.000000;1.000000;-78.365845;-740.944641;2072.865723;0.153320;0.000000;0.000000;0.000000;0.000000;2.000000;-88.651611;-762.026123;2227.552246;0.220996;0.000000;0.000000;0.000000;0.000000;2.000000;-114.204712;-798.198914;2195.794922;0.199274;0.000000;0.000000;0.000000;0.000000;1.000000;-163.632385;-796.096008;2082.711914;0.231529;0.000000;0.000000;0.000000;0.000000;1.000000;-63.720398;-797.795044;2202.321777;0.230693;0.000000;0.000000;0.000000;0.000000;2.000000;-2.749939;-808.292603;2090.759277;0.197208;0.000000;0.000000;0.000000;0.000000;2.000000;14937466880.000000
0.000000;-150.000031;2000.000000;0.000001;0.000000;0.000000;0.000000;0.000000;2.000000;-21.312622;-323.013855;1999.189087;0.069668;0.000000;0.000000;0.000000;0.000000;2.000000;-42.647339;-459.479431;2017.737793;0.149501;0.000000;0.000000;0.000000;0.000000;2.000000;-74.250122;-667.036682;2048.127930;0.246689;0.000000;0.000000;0.000000;0.000000;2.000000;-101.231628;-628.996521;2037.232056;0.230869;0.000000;0.000000;0.000000;0.000000;2.000000;-216.039612;-564.210449;1991.049805;0.242014;0.000000;0.000000;0.000000;0.000000;2.000000;-179.990845;-339.162750;1846.259277;0.298467;0.000000;0.000000;0.000000;0.000000;2.000000;-2.686584;-208.046906;1898.534668;0.198215;0.000000;0.000000;0.000000;0.000000;2.000000;64.148407;-248.834869;1950.709961;0.145032;0.000000;0.000000;0.000000;0.000000;2.000000;153.539124;-289.531921;1989.447510;0.217620;0.000000;0.000000;0.000000;0.000000;1.000000;47.242859;-305.449799;1932.457397;0.163169;0.000000;0.000000;0.000000;0.000000;1.000000;-36.668823;-636.806763;2046.958008;0.231166;0.000000;0.000000;0.000000;0.000000;2.000000;87.457123;-604.384460;2039.601685;0.226963;0.000000;0.000000;0.000000;0.000000;2.000000;206.099152;-378.332336;1937.036377;0.178144;0.000000;0.000000;0.000000;0.000000;2.000000;417.880829;-313.563904;1997.227783;0.247898;0.000000;0.000000;0.000000;0.000000;2.000000;514.679932;-318.357300;2026.728760;0.120569;0.000000;0.000000;0.000000;0.000000;2.000000;611.697327;-293.803894;2054.206543;0.332594;0.000000;0.000000;0.000000;0.000000;2.000000;540.323364;-328.009399;2002.284058;0.514507;0.000000;0.000000;0.000000;0.000000;2.000000;-86.089966;-139.299957;1979.701660;0.131835;0.000000;0.000000;0.000000;0.000000;2.000000;-127.544128;173.537109;2210.855713;2.561967;0.000000;0.000000;0.000000;0.000000;1.000000;-26.936951;290.722717;1870.409180;2.399328;0.000000;0.000000;0.000000;0.000000;1.000000;-58.709900;468.396179;1900.918823;2.775331;0.000000;0.000000;0.000000;0.000000;1.000000;77.631104;-159.648773;2018.303955;0.118878;0.000000;0.000000;0.000000;0.000000;2.000000;133.248260;106.691101;2298.764648;0.502374;0.000000;0.000000;0.000000;0.000000;2.000000;120.068970;141.749268;1922.851074;0.172853;0.000000;0.000000;0.000000;0.000000;2.000000;123.919739;307.919067;1895.696899;0.404915;0.000000;0.000000;0.000000;0.000000;1.000000;-87.653015;-741.940186;2072.225830;0.285714;0.000000;0.000000;0.000000;0.000000;2.000000;-89.636353;-771.250000;2226.465332;0.285027;0.000000;0.000000;0.000000;0.000000;2.000000;-116.662842;-806.095276;2194.115234;0.257537;0.000000;0.000000;0.000000;0.000000;1.000000;-172.186707;-798.570923;2083.641113;0.273239;0.000000;0.000000;0.000000;0.000000;1.000000;-65.728333;-805.530396;2198.023438;0.276926;0.000000;0.000000;0.000000;0.000000;2.000000;-10.446472;-809.617432;2082.623535;0.344162;0.000000;0.000000;0.000000;0.000000;2.000000;14937499648.000000
0.000000;-150.000031;2000.000000;0.000000;0.000000;0.000000;0.000000;0.000000;2.000000;-20.955933;-323.461975;1998.282959;0.031722;0.000000;0.000000;0.000000;0.000000;2.000000;-42.484985;-460.262817;2016.590576;0.041389;0.000000;0.000000;0.000000;0.000000;2.000000;-74.365967;-668.591187;2044.807617;0.108547;0.000000;0.000000;0.000000;0.000000;2.000000;-101.326416;-630.365112;2034.017090;0.103440;0.000000;0.000000;0.000000;0.000000;2.000000;-217.700134;-567.656677;1987.895752;0.146721;0.000000;0.000000;0.000000;0.000000;2.000000;-177.810303;-336.762695;1852.437622;0.206487;0.000000;0.000000;0.000000;0.000000;2.000000;-0.188843;-206.726593;1908.499512;0.306511;0.000000;0.000000;0.000000;0.000000;2.000000;71.642639;-251.423828;1950.173828;0.235172;0.000000;0.000000;0.000000;0.000000;2.000000;154.850433;-303.007477;1990.365723;0.401583;0.000000;0.000000;0.000000;0.000000;1.000000;50.698120;-309.829193;1937.978882;0.232270;0.000000;0.000000;0.000000;0.000000;1.000000;-36.695984;-638.273804;2044.244019;0.091301;0.000000;0.000000;0.000000;0.000000;2.000000;87.997864;-606.515198;2038.514526;0.072574;0.000000;0.000000;0.000000;0.000000;2.000000;208.628326;-381.424500;1934.435181;0.141069;0.000000;0.000000;0.000000;0.000000;2.000000;421.661011;-317.662231;1993.323486;0.201426;0.000000;0.000000;0.000000;0.000000;2.000000;519.358398;-324.499573;2020.155029;0.300085;0.000000;0.000000;0.000000;0.000000;2.000000;618.823914;-302.565186;2041.280151;0.507963;0.000000;0.000000;0.000000;0.000000;2.000000;542.079956;-333.912048;1998.432983;0.214946;0.000000;0.000000;0.000000;0.000000;2.000000;-85.935547;-139.401733;1978.137451;0.046612;0.000000;0.000000;0.000000;0.000000;2.000000;-127.730530;199.590454;2170.679688;1.417036;0.000000;0.000000;0.000000;0.000000;1.000000;-15.862305;297.390198;1826.682617;1.349352;0.000000;0.000000;0.000000;0.000000;1.000000;-45.627502;477.117859;1848.530273;1.618641;0.000000;0.000000;0.000000;0.000000;1.000000;77.491882;-159.557007;2019.714478;0.042032;0.000000;0.000000;0.000000;0.000000;2.000000;130.701843;105.946045;2302.700684;0.140470;0.000000;0.000000;0.000000;0.000000;2.000000;120.685577;99.762146;1924.224121;1.243315;0.000000;0.000000;0.000000;0.000000;2.000000;124.555481;262.241150;1878.583130;1.443619;0.000000;0.000000;0.000000;0.000000;1.000000;-87.986328;-743.898071;2068.133789;0.134604;0.000000;0.000000;0.000000;0.000000;2.000000;-108.172668;-766.218506;2222.609375;0.579732;0.000000;0.000000;0.000000;0.000000;2.000000;-130.154541;-803.440674;2188.897461;0.435224;0.000000;0.000000;0.000000;0.000000;1.000000;-171.969666;-802.756958;2071.991455;0.366383;0.000000;0.000000;0.000000;0.000000;1.000000;-80.000305;-801.064575;2198.950684;0.443391;0.000000;0.000000;0.000000;0.000000;2.000000;-10.718689;-808.677917;2091.206543;0.255639;0.000000;0.000000;0.000000;0.000000;2.000000;14937533440.000000
0.000000;-149.999969;2000.000000;0.000002;0.000000;0.000000;0.000000;0.000000;2.000000;-21.796021;-322.520081;1999.898560;0.062565;0.000000;0.000000;0.000000;0.000000;2.000000;-43.741699;-458.437866;2019.152466;0.103369;0.000000;0.000000;0.000000;0.000000;2.000000;-75.199768;-665.623596;2048.547363;0.147900;0.000000;0.000000;0.000000;0.000000;2.000000;-102.138611;-627.626038;2037.921387;0.147642;0.000000;0.000000;0.000000;0.000000;2.000000;-217.707397;-564.175903;1992.840698;0.184545;0.000000;0.000000;0.000000;0.000000;2.000000;-177.416809;-334.393127;1858.207764;0.190739;0.000000;0.000000;0.000000;0.000000;2.000000;-0.256042;-203.578156;1909.278687;0.099003;0.000000;0.000000;0.000000;0.000000;2.000000;72.545471;-247.380768;1949.157349;0.130173;0.000000;0.000000;0.000000;0.000000;1.000000;151.617737;-301.540100;1992.823242;0.131767;0.000000;0.000000;0.000000;0.000000;1.000000;49.394226;-307.005737;1941.880005;0.152254;0.000000;0.000000;0.000000;0.000000;1.000000;-37.713928;-635.463379;2047.439575;0.133534;0.000000;0.000000;0.000000;0.000000;2.000000;86.343048;-604.025269;2040.202515;0.104776;0.000000;0.000000;0.000000;0.000000;2.000000;207.833282;-381.655060;1934.788330;0.027465;0.000000;0.000000;0.000000;0.000000;2.000000;420.339996;-316.521667;1989.627686;0.124730;0.000000;0.000000;0.000000;0.000000;2.000000;515.574524;-320.581635;2023.190430;0.190293;0.000000;0.000000;0.000000;0.000000;2.000000;612.368225;-296.130768;2050.578613;0.397361;0.000000;0.000000;0.000000;0.000000;2.000000;541.107727;-328.912048;1995.934448;0.173140;0.000000;0.000000;0.000000;0.000000;2.000000;-85.640015;-139.167847;1978.853394;0.024691;0.000000;0.000000;0.000000;0.000000;2.000000;-121.308960;212.831848;2143.426514;0.945211;0.000000;0.000000;0.000000;0.000000;1.000000;-9.826843;304.671326;1799.618896;0.874895;0.000000;0.000000;0.000000;0.000000;1.000000;-36.065063;484.693115;1815.307495;1.080071;0.000000;0.000000;0.000000;0.000000;1.000000;77.225372;-159.767731;2019.068604;0.022271;0.000000;0.000000;0.000000;0.000000;2.000000;130.912537;102.841187;2302.065430;0.096929;0.000000;0.000000;0.000000;0.000000;2.000000;120.173035;96.482239;1925.433105;0.107819;0.000000;0.000000;0.000000;0.000000;2.000000;123.886261;257.075989;1876.239136;0.174301;0.000000;0.000000;0.000000;0.000000;1.000000;-88.515686;-740.455750;2072.257813;0.164731;0.000000;0.000000;0.000000;0.000000;2.000000;-101.525757;-767.542664;2225.971191;0.230880;0.000000;0.000000;0.000000;0.000000;2.000000;-126.074280;-802.793945;2192.339844;0.164106;0.000000;0.000000;0.000000;0.000000;1.000000;-173.403564;-796.921143;2078.350586;0.267009;0.000000;0.000000;0.000000;0.000000;1.000000;-75.677734;-802.091797;2199.870117;0.138461;0.000000;0.000000;0.000000;0.000000;2.000000;-12.401184;-807.685913;2089.083984;0.088027;0.000000;0.000000;0.000000;0.000000;2.000000;14937566208.000000
0.000000;-150.000000;2000.000000;0.000001;0.000000;0.000000;0.000000;0.000000;2.000000;-22.764038;-321.862915;1995.495117;0.134832;0.000000;0.000000;0.000000;0.000000;2.000000;-46.234741;-457.107300;2014.986694;0.148965;0.000000;0.000000;0.000000;0.000000;2.000000;-81.505127;-662.219727;2049.961426;0.216136;0.000000;0.000000;0.000000;0.000000;2.000000;-107.626770;-624.159851;2038.161499;0.192221;0.000000;0.000000;0.000000;0.000000;2.000000;-223.554993;-563.478394;1991.384033;0.179526;0.000000;0.000000;0.000000;0.000000;2.000000;-175.513794;-339.782349;1850.633423;0.280798;0.000000;0.000000;0.000000;0.000000;2.000000;-1.031189;-205.765900;1899.895386;0.286047;0.000000;0.000000;0.000000;0.000000;2.000000;69.128723;-246.162262;1946.877197;0.126794;0.000000;0.000000;0.000000;0.000000;2.000000;148.821289;-294.564514;1995.239746;0.233612;0.000000;0.000000;0.000000;0.000000;1.000000;47.563538;-305.487366;1941.186768;0.073313;0.000000;0.000000;0.000000;0.000000;1.000000;-43.573486;-632.865662;2048.199463;0.191005;0.000000;0.000000;0.000000;0.000000;2.000000;80.364777;-602.560608;2040.246582;0.182151;0.000000;0.000000;0.000000;0.000000;2.000000;200.399902;-383.062958;1929.219238;0.278002;0.000000;0.000000;0.000000;0.000000;2.000000;406.027344;-300.878662;1984.802734;0.643489;0.000000;0.000000;0.000000;0.000000;2.000000;503.261444;-316.316528;2006.360107;0.629891;0.000000;0.000000;0.000000;0.000000;2.000000;605.396790;-305.231323;2016.594238;1.061371;0.000000;0.000000;0.000000;0.000000;2.000000;522.048706;-328.677307;1981.805786;0.702117;0.000000;0.000000;0.000000;0.000000;2.000000;-85.390015;-138.149811;1979.401855;0.035011;0.000000;0.000000;0.000000;0.000000;2.000000;-195.690674;12.771484;2320.717773;8.211082;0.000000;0.000000;0.000000;0.000000;2.000000;-43.343872;65.861267;1985.622192;9.012496;0.000000;0.000000;0.000000;0.000000;2.000000;-93.062988;211.766174;2082.588867;11.429767;0.000000;0.000000;0.000000;0.000000;2.000000;76.999878;-160.685883;2018.574219;0.031572;0.000000;0.000000;0.000000;0.000000;2.000000;122.917999;103.950317;2299.596191;0.249774;0.000000;0.000000;0.000000;0.000000;2.000000;120.297668;94.614563;1923.899048;0.071619;0.000000;0.000000;0.000000;0.000000;2.000000;139.665009;259.056458;1949.509033;2.218744;0.000000;0.000000;0.000000;0.000000;1.000000;-96.252502;-735.898071;2075.636475;0.283915;0.000000;0.000000;0.000000;0.000000;2.000000;-103.228638;-765.744385;2228.800293;0.111268;0.000000;0.000000;0.000000;0.000000;2.000000;-127.453247;-801.282715;2195.476074;0.110810;0.000000;0.000000;0.000000;0.000000;1.000000;-178.503235;-795.468994;2083.467285;0.218057;0.000000;0.000000;0.000000;0.000000;1.000000;-77.036987;-798.792297;2201.393066;0.114817;0.000000;0.000000;0.000000;0.000000;2.000000;-17.383301;-800.269836;2088.875977;0.264459;0.000000;0.000000;0.000000;0.000000;2.000000;14937600000.000000
0.000000;-150.000000;2000.000000;0.000000;0.000000;0.000000;0.000000;0.000000;2.000000;-21.170288;-322.147644;1995.791382;0.048706;0.000000;0.000000;0.000000;0.000000;2.000000;-42.704529;-457.898621;2014.392212;0.108497;0.000000;0.000000;0.000000;0.000000;2.000000;-73.501282;-664.265625;2046.642578;0.263462;0.000000;0.000000;0.000000;0.000000;2.000000;-100.527588;-626.538330;2035.767700;0.232611;0.000000;0.000000;0.000000;0.000000;2.000000;-216.203674;-563.943848;1990.745483;0.218799;0.000000;0.000000;0.000000;0.000000;2.000000;-176.129700;-335.351410;1855.250244;0.190242;0.000000;0.000000;0.000000;0.000000;2.000000;1.306763;-203.070587;1898.750732;0.110888;0.000000;0.000000;0.000000;0.000000;2.000000;72.953033;-244.440887;1942.617310;0.176902;0.000000;0.000000;0.000000;0.000000;2.000000;149.851379;-296.351654;1991.951050;0.114881;0.000000;0.000000;0.000000;0.000000;1.000000;49.808350;-303.869995;1940.569336;0.083891;0.000000;0.000000;0.000000;0.000000;1.000000;-36.162415;-634.130859;2044.847778;0.243595;0.000000;0.000000;0.000000;0.000000;2.000000;87.797089;-603.760681;2036.613403;0.247378;0.000000;0.000000;0.000000;0.000000;2.000000;205.368652;-381.989441;1927.195435;0.161915;0.000000;0.000000;0.000000;0.000000;2.000000;413.389160;-303.690918;1979.799194;0.276246;0.000000;0.000000;0.000000;0.000000;2.000000;509.143494;-310.914063;2010.540405;0.266762;0.000000;0.000000;0.000000;0.000000;2.000000;609.792480;-293.724121;2026.113647;0.460695;0.000000;0.000000;0.000000;0.000000;2.000000;529.778687;-324.359436;1977.852661;0.286949;0.000000;0.000000;0.000000;0.000000;2.000000;-85.914307;-138.970703;1981.029663;0.056137;0.000000;0.000000;0.000000;0.000000;2.000000;-150.739319;115.689758;2268.281250;3.667882;0.000000;0.000000;0.000000;0.000000;1.000000;-41.902588;174.782349;1917.430298;3.803109;0.000000;0.000000;0.000000;0.000000;1.000000;-71.065674;353.374268;1938.528931;6.013240;0.000000;0.000000;0.000000;0.000000;1.000000;77.472687;-159.945618;2017.106445;0.050619;0.000000;0.000000;0.000000;0.000000;2.000000;130.610474;104.662292;2297.107422;0.240185;0.000000;0.000000;0.000000;0.000000;2.000000;114.797607;88.243591;1921.818359;0.256570;0.000000;0.000000;0.000000;0.000000;2.000000;125.960999;252.704224;1891.423096;1.776093;0.000000;0.000000;0.000000;0.000000;1.000000;-86.469177;-738.636047;2071.368652;0.326091;0.000000;0.000000;0.000000;0.000000;2.000000;-110.264282;-760.968445;2224.189941;0.286249;0.000000;0.000000;0.000000;0.000000;2.000000;-130.796387;-798.179443;2190.181396;0.206812;0.000000;0.000000;0.000000;0.000000;1.000000;-169.274597;-798.002563;2073.057129;0.418462;0.000000;0.000000;0.000000;0.000000;1.000000;-81.303955;-795.262207;2201.458984;0.163894;0.000000;0.000000;0.000000;0.000000;2.000000;-9.661682;-802.091187;2096.314697;0.321835;0.000000;0.000000;0.000000;0.000000;2.000000;14937633792.000000
0.000000;-149.999969;2000.000000;0.000001;0.000000;0.000000;0.000000;0.000000;2.000000;-21.419250;-320.386230;1999.491699;0.125297;0.000000;0.000000;0.000000;0.000000;2.000000;-42.040833;-454.915619;2017.509888;0.133228;0.000000;0.000000;0.000000;0.000000;2.000000;-70.278992;-659.642151;2048.524658;0.181321;0.000000;0.000000;0.000000;0.000000;2.000000;-97.514832;-622.457825;2038.449219;0.175092;0.000000;0.000000;0.000000;0.000000;2.000000;-212.979248;-560.810852;1996.000854;0.211061;0.000000;0.000000;0.000000;0.000000;2.000000;-171.440796;-336.839661;1858.644043;0.182388;0.000000;0.000000;0.000000;0.000000;2.000000;2.014954;-203.796631;1903.982300;0.162627;0.000000;0.000000;0.000000;0.000000;2.000000;72.611938;-243.698914;1948.872070;0.192500;0.000000;0.000000;0.000000;0.000000;2.000000;148.743683;-293.776062;1999.015015;0.231934;0.000000;0.000000;0.000000;0.000000;1.000000;49.285339;-303.192505;1946.548096;0.184317;0.000000;0.000000;0.000000;0.000000;1.000000;-33.606995;-629.488586;2046.354980;0.168131;0.000000;0.000000;0.000000;0.000000;2.000000;89.998932;-603.472351;2038.030640;0.080394;0.000000;0.000000;0.000000;0.000000;2.000000;206.515411;-383.364624;1931.098633;0.131052;0.000000;0.000000;0.000000;0.000000;2.000000;409.814484;-299.185120;1983.022827;0.201213;0.000000;0.000000;0.000000;0.000000;2.000000;506.592163;-311.573364;2004.013916;0.214795;0.000000;0.000000;0.000000;0.000000;2.000000;604.933350;-286.215759;2015.760742;0.417510;0.000000;0.000000;0.000000;0.000000;2.000000;528.564026;-328.620270;1979.145508;0.140850;0.000000;0.000000;0.000000;0.000000;2.000000;-85.389099;-139.214386;1982.802124;0.056904;0.000000;0.000000;0.000000;0.000000;2.000000;-130.471924;168.333679;2210.567383;2.462873;0.000000;0.000000;0.000000;0.000000;1.000000;-27.056885;246.629272;1865.889771;2.736187;0.000000;0.000000;0.000000;0.000000;1.000000;-50.373169;424.544739;1883.787598;2.811931;0.000000;0.000000;0.000000;0.000000;1.000000;76.999146;-159.725800;2015.508179;0.051311;0.000000;0.000000;0.000000;0.000000;2.000000;137.663391;92.511169;2299.888184;0.437080;0.000000;0.000000;0.000000;0.000000;2.000000;120.714691;92.236511;1928.124146;0.290668;0.000000;0.000000;0.000000;0.000000;2.000000;132.383240;253.471375;1890.795654;0.198311;0.000000;0.000000;0.000000;0.000000;1.000000;-82.095276;-733.523987;2072.699951;0.209299;0.000000;0.000000;0.000000;0.000000;2.000000;-111.348083;-746.806152;2224.001465;0.433501;0.000000;0.000000;0.000000;0.000000;2.000000;-132.166138;-784.450317;2191.562500;0.423164;0.000000;0.000000;0.000000;0.000000;1.000000;-166.526367;-788.673157;2074.549316;0.300280;0.000000;0.000000;0.000000;0.000000;1.000000;-83.476318;-783.024414;2204.213867;0.388512;0.000000;0.000000;0.000000;0.000000;2.000000;-9.667542;-798.073792;2103.063965;0.239698;0.000000;0.000000;0.000000;0.000000;2.000000;14937666560.000000
0.000000;-149.999969;2000.000000;0.000000;0.000000;0.000000;0.000000;0.000000;2.000000;-20.213440;-321.916809;2001.836792;0.090227;0.000000;0.000000;0.000000;0.000000;2.000000;-39.731567;-457.639282;2020.579102;0.139341;0.000000;0.000000;0.000000;0.000000;2.000000;-69.348450;-663.740234;2052.573730;0.172694;0.000000;0.000000;0.000000;0.000000;2.000000;-96.567871;-626.173035;2042.095947;0.156585;0.000000;0.000000;0.000000;0.000000;2.000000;-212.445068;-563.671204;1998.433594;0.112239;0.000000;0.000000;0.000000;0.000000;2.000000;-173.732971;-336.397278;1861.512329;0.109441;0.000000;0.000000;0.000000;0.000000;2.000000;0.684021;-202.823090;1910.353760;0.194762;0.000000;0.000000;0.000000;0.000000;2.000000;73.758972;-244.783569;1950.720459;0.071934;0.000000;0.000000;0.000000;0.000000;2.000000;147.618988;-300.198730;2000.387817;0.197187;0.000000;0.000000;0.000000;0.000000;1.000000;48.289734;-305.867828;1949.752075;0.126988;0.000000;0.000000;0.000000;0.000000;1.000000;-32.226379;-633.527222;2050.468506;0.175418;0.000000;0.000000;0.000000;0.000000;2.000000;92.319427;-606.932739;2042.423218;0.179162;0.000000;0.000000;0.000000;0.000000;2.000000;205.935120;-385.261261;1930.177979;0.064710;0.000000;0.000000;0.000000;0.000000;2.000000;412.869995;-305.279785;1982.333496;0.202784;0.000000;0.000000;0.000000;0.000000;2.000000;508.319672;-312.659546;2013.251953;0.279970;0.000000;0.000000;0.000000;0.000000;2.000000;609.266479;-297.128723;2027.017822;0.481364;0.000000;0.000000;0.000000;0.000000;2.000000;529.099854;-332.351196;1984.006836;0.182036;0.000000;0.000000;0.000000;0.000000;2.000000;-86.109863;-140.064911;1982.270508;0.036551;0.000000;0.000000;0.000000;0.000000;2.000000;-125.840454;194.061523;2176.376709;1.273651;0.000000;0.000000;0.000000;0.000000;1.000000;-22.209290;282.425415;1831.017700;1.485819;0.000000;0.000000;0.000000;0.000000;1.000000;-46.147888;461.771484;1848.498535;1.523096;0.000000;0.000000;0.000000;0.000000;1.000000;77.649078;-158.958893;2015.987549;0.032958;0.000000;0.000000;0.000000;0.000000;2.000000;130.191223;90.423706;2308.595215;0.345112;0.000000;0.000000;0.000000;0.000000;2.000000;119.236694;91.205200;1933.608887;0.170847;0.000000;0.000000;0.000000;0.000000;2.000000;129.255249;252.626526;1891.016846;0.096106;0.000000;0.000000;0.000000;0.000000;1.000000;-81.750671;-738.053284;2077.197266;0.189161;0.000000;0.000000;0.000000;0.000000;2.000000;-98.326355;-760.334839;2230.624023;0.589223;0.000000;0.000000;0.000000;0.000000;2.000000;-121.427979;-796.804626;2197.670166;0.517020;0.000000;0.000000;0.000000;0.000000;1.000000;-165.649658;-795.206177;2082.895508;0.314726;0.000000;0.000000;0.000000;0.000000;1.000000;-71.482971;-795.175964;2206.421387;0.509455;0.000000;0.000000;0.000000;0.000000;2.000000;-5.576416;-803.365051;2098.014893;0.247994;0.000000;0.000000;0.000000;0.000000;2.000000;14937700352.000000
0.000000;-150.000000;2000.000000;0.000001;0.000000;0.000000;0.000000;0.000000;2.000000;-21.052429;-321.798767;2002.509155;0.033009;0.000000;0.000000;0.000000;0.000000;2.000000;-41.264587;-457.479950;2020.756592;0.047347;0.000000;0.000000;0.000000;0.000000;2.000000;-70.495728;-663.754272;2051.906738;0.040501;0.000000;0.000000;0.000000;0.000000;2.000000;-97.806030;-626.170044;2041.742310;0.039297;0.000000;0.000000;0.000000;0.000000;2.000000;-214.981628;-565.287476;1999.296631;0.095493;0.000000;0.000000;0.000000;0.000000;2.000000;-172.978882;-337.899597;1863.566284;0.080997;0.000000;0.000000;0.000000;0.000000;2.000000;0.249939;-201.437073;1908.437378;0.073382;0.000000;0.000000;0.000000;0.000000;2.000000;74.424774;-241.877594;1948.335693;0.116508;0.000000;0.000000;0.000000;0.000000;1.000000;145.744232;-297.662415;2001.188965;0.099309;0.000000;0.000000;0.000000;0.000000;1.000000;47.110657;-304.171875;1950.539795;0.067464;0.000000;0.000000;0.000000;0.000000;1.000000;-33.419678;-633.491211;2049.765625;0.042279;0.000000;0.000000;0.000000;0.000000;2.000000;91.528503;-608.834290;2041.892944;0.064900;0.000000;0.000000;0.000000;0.000000;2.000000;205.327301;-385.753876;1932.699829;0.080579;0.000000;0.000000;0.000000;0.000000;2.000000;414.151550;-306.720947;1978.309082;0.136189;0.000000;0.000000;0.000000;0.000000;2.000000;506.890930;-304.868439;2017.244995;0.270708;0.000000;0.000000;0.000000;0.000000;2.000000;603.618042;-279.311035;2041.954834;0.730186;0.000000;0.000000;0.000000;0.000000;2.000000;535.403076;-333.536041;1979.689209;0.235947;0.000000;0.000000;0.000000;0.000000;2.000000;-85.816406;-139.760284;1981.082764;0.038477;0.000000;0.000000;0.000000;0.000000;2.000000;-122.390686;209.950623;2146.145020;1.047566;0.000000;0.000000;0.000000;0.000000;1.000000;-15.907043;304.457947;1803.309814;1.097309;0.000000;0.000000;0.000000;0.000000;1.000000;-40.533203;483.808838;1819.654419;1.120936;0.000000;0.000000;0.000000;0.000000;1.000000;77.384369;-159.233643;2017.058472;0.034694;0.000000;0.000000;0.000000;0.000000;2.000000;126.517487;90.204346;2310.184570;0.122339;0.000000;0.000000;0.000000;0.000000;2.000000;117.794739;99.541382;1935.274292;0.263133;0.000000;0.000000;0.000000;0.000000;2.000000;124.859039;261.089294;1892.602783;0.295028;0.000000;0.000000;0.000000;0.000000;1.000000;-82.694946;-738.194275;2076.233398;0.041403;0.000000;0.000000;0.000000;0.000000;2.000000;-101.973877;-757.457520;2229.745117;0.144293;0.000000;0.000000;0.000000;0.000000;2.000000;-124.394348;-794.635986;2197.119141;0.113392;0.000000;0.000000;0.000000;0.000000;1.000000;-166.546936;-795.442017;2081.566895;0.049453;0.000000;0.000000;0.000000;0.000000;1.000000;-74.621094;-792.700806;2206.729492;0.122334;0.000000;0.000000;0.000000;0.000000;2.000000;-6.761353;-802.872437;2099.712402;0.064941;0.000000;0.000000;0.000000;0.000000;2.000000;14937733120.000000
0.000000;-150.000031;2000.000000;0.000001;0.000000;0.000000;0.000000;0.000000;2.000000;-20.837280;-321.774475;2002.646729;0.007591;0.000000;0.000000;0.000000;0.000000;2.000000;-40.888611;-457.412354;2021.099854;0.015198;0.000000;0.000000;0.000000;0.000000;2.000000;-69.724976;-663.605896;2052.752686;0.034150;0.000000;0.000000;0.000000;0.000000;2.000000;-97.101868;-626.103882;2042.525879;0.031237;0.000000;0.000000;0.000000;0.000000;2.000000;-214.383240;-565.603699;1999.952026;0.027880;0.000000;0.000000;0.000000;0.000000;2.000000;-172.652771;-338.917358;1863.116089;0.034318;0.000000;0.000000;0.000000;0.000000;2.000000;-0.248047;-201.418579;1907.682739;0.026762;0.000000;0.000000;0.000000;0.000000;2.000000;73.775696;-240.863007;1948.780151;0.037992;0.000000;0.000000;0.000000;0.000000;2.000000;145.030487;-295.507141;2002.840698;0.083086;0.000000;0.000000;0.000000;0.000000;1.000000;46.920715;-303.373688;1951.061401;0.028771;0.000000;0.000000;0.000000;0.000000;1.000000;-32.714050;-633.291809;2050.508789;0.030895;0.000000;0.000000;0.000000;0.000000;2.000000;92.144135;-608.422363;2042.453491;0.027489;0.000000;0.000000;0.000000;0.000000;2.000000;205.320343;-385.474854;1932.534424;0.009601;0.000000;0.000000;0.000000;0.000000;2.000000;413.941650;-305.735535;1977.521851;0.037837;0.000000;0.000000;0.000000;0.000000;2.000000;506.845154;-303.256226;2015.956177;0.061096;0.000000;0.000000;0.000000;0.000000;2.000000;603.549683;-275.964630;2038.702148;0.138117;0.000000;0.000000;0.000000;0.000000;2.000000;535.302307;-332.046265;1979.439209;0.044802;0.000000;0.000000;0.000000;0.000000;2.000000;-85.816101;-139.880737;1981.132080;0.003852;0.000000;0.000000;0.000000;0.000000;2.000000;-122.408630;211.015137;2143.397461;0.087199;0.000000;0.000000;0.000000;0.000000;1.000000;-15.755676;303.862244;1800.273193;0.091684;0.000000;0.000000;0.000000;0.000000;1.000000;-40.343994;483.278320;1815.347534;0.128538;0.000000;0.000000;0.000000;0.000000;1.000000;77.384125;-159.125031;2017.014038;0.003473;0.000000;0.000000;0.000000;0.000000;2.000000;127.499817;90.312805;2309.831055;0.031061;0.000000;0.000000;0.000000;0.000000;2.000000;117.154053;100.223083;1935.081177;0.028268;0.000000;0.000000;0.000000;0.000000;2.000000;123.691406;261.808533;1892.651001;0.040608;0.000000;0.000000;0.000000;0.000000;1.000000;-81.770081;-737.988770;2077.258301;0.041303;0.000000;0.000000;0.000000;0.000000;2.000000;-101.380310;-755.672363;2230.874023;0.064926;0.000000;0.000000;0.000000;0.000000;2.000000;-123.418762;-793.367188;2198.607422;0.064676;0.000000;0.000000;0.000000;0.000000;1.000000;-165.191895;-795.775085;2082.976074;0.058687;0.000000;0.000000;0.000000;0.000000;1.000000;-73.705200;-790.957764;2208.343750;0.075348;0.000000;0.000000;0.000000;0.000000;2.000000;-5.457825;-801.820190;2101.684082;0.076564;0.000000;0.000000;0.000000;0.000000;2.000000;14937766912.000000
0.000000;-150.000031;2000.000000;0.000000;0.000000;0.000000;0.000000;0.000000;2.000000;-21.441956;-320.858582;2002.384521;0.034435;0.000000;0.000000;0.000000;0.000000;2.000000;-41.662842;-455.801422;2020.733398;0.055680;0.000000;0.000000;0.000000;0.000000;2.000000;-69.346191;-661.135986;2052.225586;0.077935;0.000000;0.000000;0.000000;0.000000;2.000000;-96.653442;-624.089417;2041.248535;0.074069;0.000000;0.000000;0.000000;0.000000;2.000000;-213.498535;-566.171326;1996.142578;0.120600;0.000000;0.000000;0.000000;0.000000;2.000000;-172.168579;-339.740540;1861.315430;0.062202;0.000000;0.000000;0.000000;0.000000;2.000000;-3.550659;-200.351837;1908.906006;0.112301;0.000000;0.000000;0.000000;0.000000;2.000000;71.204315;-239.394104;1947.988159;0.093550;0.000000;0.000000;0.000000;0.000000;2.000000;141.642639;-294.961792;2001.187866;0.116235;0.000000;0.000000;0.000000;0.000000;1.000000;45.063354;-302.232849;1951.301392;0.066923;0.000000;0.000000;0.000000;0.000000;1.000000;-32.734070;-630.654297;2050.799072;0.080979;0.000000;0.000000;0.000000;0.000000;2.000000;91.662018;-605.756287;2046.185059;0.140729;0.000000;0.000000;0.000000;0.000000;2.000000;206.786285;-386.031616;1935.086914;0.091421;0.000000;0.000000;0.000000;0.000000;2.000000;412.964417;-305.295410;1983.825439;0.195131;0.000000;0.000000;0.000000;0.000000;2.000000;507.890320;-297.073456;2014.453247;0.196780;0.000000;0.000000;0.000000;0.000000;2.000000;606.313538;-276.545654;2034.524048;0.153904;0.000000;0.000000;0.000000;0.000000;2.000000;528.978821;-323.425995;1980.230591;0.327153;0.000000;0.000000;0.000000;0.000000;2.000000;-85.697388;-139.484100;1982.896362;0.055304;0.000000;0.000000;0.000000;0.000000;2.000000;-112.388123;216.700073;2130.406982;0.529884;0.000000;0.000000;0.000000;0.000000;1.000000;-16.953552;312.259216;1786.664551;0.489366;0.000000;0.000000;0.000000;0.000000;1.000000;-35.693054;491.522583;1801.365845;0.515274;0.000000;0.000000;0.000000;0.000000;1.000000;77.277130;-159.482666;2015.422974;0.049874;0.000000;0.000000;0.000000;0.000000;2.000000;129.423462;91.712341;2303.866211;0.195975;0.000000;0.000000;0.000000;0.000000;2.000000;105.578796;87.448242;1931.447021;0.537655;0.000000;0.000000;0.000000;0.000000;2.000000;109.473877;246.383179;1882.384399;0.712756;0.000000;0.000000;0.000000;0.000000;1.000000;-81.289124;-735.180908;2076.565430;0.089472;0.000000;0.000000;0.000000;0.000000;2.000000;-87.722473;-766.053101;2228.439453;0.528777;0.000000;0.000000;0.000000;0.000000;2.000000;-113.055542;-800.336182;2195.240723;0.394726;0.000000;0.000000;0.000000;0.000000;1.000000;-164.536926;-792.080994;2084.530762;0.123934;0.000000;0.000000;0.000000;0.000000;1.000000;-62.890808;-799.331970;2200.687988;0.478347;0.000000;0.000000;0.000000;0.000000;2.000000;-4.696533;-801.409912;2088.416016;0.405768;0.000000;0.000000;0.000000;0.000000;2.000000;14937799680.000000
0.000000;-150.000000;2000.000000;0.000001;0.000000;0.000000;0.000000;0.000000;2.000000;-20.787048;-320.350433;2004.155640;0.057869;0.000000;0.000000;0.000000;0.000000;2.000000;-39.803894;-455.148773;2021.529297;0.062881;0.000000;0.000000;0.000000;0.000000;2.000000;-62.545044;-660.545837;2052.103027;0.202054;0.000000;0.000000;0.000000;0.000000;2.000000;-90.696472;-624.162231;2041.708252;0.176821;0.000000;0.000000;0.000000;0.000000;2.000000;-206.915955;-565.250916;1997.632202;0.201571;0.000000;0.000000;0.000000;0.000000;2.000000;-169.782532;-340.465637;1860.535156;0.077326;0.000000;0.000000;0.000000;0.000000;2.000000;-2.263367;-200.405060;1906.646606;0.076969;0.000000;0.000000;0.000000;0.000000;2.000000;70.079407;-237.637634;1950.975830;0.107828;0.000000;0.000000;0.000000;0.000000;2.000000;142.217560;-288.182739;2006.214722;0.250327;0.000000;0.000000;0.000000;0.000000;1.000000;45.138489;-299.350983;1952.848022;0.096814;0.000000;0.000000;0.000000;0.000000;1.000000;-26.740295;-629.365295;2050.400879;0.181810;0.000000;0.000000;0.000000;0.000000;2.000000;97.122681;-604.035217;2045.014526;0.172937;0.000000;0.000000;0.000000;0.000000;2.000000;208.163116;-382.441406;1935.608521;0.114831;0.000000;0.000000;0.000000;0.000000;2.000000;414.184021;-304.984222;1986.898315;0.098268;0.000000;0.000000;0.000000;0.000000;2.000000;508.919220;-295.304443;2016.633179;0.088483;0.000000;0.000000;0.000000;0.000000;2.000000;607.019531;-275.097626;2036.936523;0.085846;0.000000;0.000000;0.000000;0.000000;2.000000;529.636963;-321.984436;1986.493896;0.191189;0.000000;0.000000;0.000000;0.000000;2.000000;-85.741821;-139.918701;1984.367065;0.045402;0.000000;0.000000;0.000000;0.000000;2.000000;-108.502502;220.257568;2119.052002;0.370430;0.000000;0.000000;0.000000;0.000000;1.000000;-17.043091;321.171204;1777.030762;0.388378;0.000000;0.000000;0.000000;0.000000;1.000000;-32.553345;500.130066;1792.095337;0.385717;0.000000;0.000000;0.000000;0.000000;1.000000;77.317139;-159.090698;2014.096802;0.040941;0.000000;0.000000;0.000000;0.000000;2.000000;124.288666;94.530823;2299.641113;0.213728;0.000000;0.000000;0.000000;0.000000;2.000000;106.695984;103.777039;1928.160156;0.494015;0.000000;0.000000;0.000000;0.000000;2.000000;113.129669;263.266785;1883.132690;0.511691;0.000000;0.000000;0.000000;0.000000;1.000000;-72.536987;-734.725586;2076.093262;0.259727;0.000000;0.000000;0.000000;0.000000;2.000000;-94.775513;-759.314209;2227.114258;0.291326;0.000000;0.000000;0.000000;0.000000;2.000000;-117.846924;-793.960205;2192.938477;0.245657;0.000000;0.000000;0.000000;0.000000;1.000000;-157.819458;-788.482544;2077.822754;0.300437;0.000000;0.000000;0.000000;0.000000;1.000000;-68.608032;-794.300659;2203.249512;0.237780;0.000000;0.000000;0.000000;0.000000;2.000000;-0.051270;-802.567749;2097.772949;0.311036;0.000000;0.000000;0.000000;0.000000;2.000000;14937833472.000000
0.000000;-149.999969;2000.000000;0.000001;0.000000;0.000000;0.000000;0.000000;2.000000;-20.690613;-320.885437;2002.269653;0.059899;0.000000;0.000000;0.000000;0.000000;2.000000;-39.605835;-456.268219;2018.212402;0.107004;0.000000;0.000000;0.000000;0.000000;2.000000;-65.906006;-662.044189;2047.382813;0.182651;0.000000;0.000000;0.000000;0.000000;2.000000;-93.533508;-624.987366;2037.362549;0.160369;0.000000;0.000000;0.000000;0.000000;2.000000;-210.856750;-566.274414;1994.758301;0.152089;0.000000;0.000000;0.000000;0.000000;2.000000;-171.211853;-342.596130;1855.120850;0.182843;0.000000;0.000000;0.000000;0.000000;2.000000;-6.406677;-199.009674;1903.177612;0.170320;0.000000;0.000000;0.000000;0.000000;2.000000;67.729492;-235.532471;1945.642212;0.189114;0.000000;0.000000;0.000000;0.000000;2.000000;136.844849;-288.456909;2003.028442;0.190811;0.000000;0.000000;0.000000;0.000000;1.000000;40.080322;-299.521545;1949.729736;0.181414;0.000000;0.000000;0.000000;0.000000;1.000000;-29.462646;-631.399414;2045.760864;0.175519;0.000000;0.000000;0.000000;0.000000;2.000000;94.293365;-604.182678;2038.919556;0.205117;0.000000;0.000000;0.000000;0.000000;2.000000;208.817749;-379.902863;1936.935181;0.089665;0.000000;0.000000;0.000000;0.000000;2.000000;415.603333;-302.782227;1988.466919;0.093185;0.000000;0.000000;0.000000;0.000000;2.000000;509.112762;-288.677582;2021.114746;0.244212;0.000000;0.000000;0.000000;0.000000;2.000000;607.036987;-265.132294;2040.079956;0.318889;0.000000;0.000000;0.000000;0.000000;2.000000;529.938293;-323.369019;1990.695923;0.135331;0.000000;0.000000;0.000000;0.000000;2.000000;-86.031067;-139.787231;1984.653442;0.013054;0.000000;0.000000;0.000000;0.000000;2.000000;-104.734253;223.128601;2115.670654;0.177622;0.000000;0.000000;0.000000;0.000000;1.000000;-22.324036;332.133911;1772.714722;0.394017;0.000000;0.000000;0.000000;0.000000;1.000000;-40.295410;511.383301;1787.681152;0.438073;0.000000;0.000000;0.000000;0.000000;1.000000;77.577972;-159.209259;2013.838867;0.011765;0.000000;0.000000;0.000000;0.000000;2.000000;127.947266;89.433228;2304.599854;0.244064;0.000000;0.000000;0.000000;0.000000;2.000000;96.902954;115.464539;1933.744751;0.495560;0.000000;0.000000;0.000000;0.000000;2.000000;93.794769;276.603027;1892.685059;0.773813;0.000000;0.000000;0.000000;0.000000;1.000000;-77.133484;-736.430542;2070.909668;0.217735;0.000000;0.000000;0.000000;0.000000;2.000000;-92.124329;-763.317749;2222.876465;0.195446;0.000000;0.000000;0.000000;0.000000;2.000000;-116.104065;-798.105042;2189.234375;0.177783;0.000000;0.000000;0.000000;0.000000;1.000000;-161.436951;-792.041138;2075.780762;0.166927;0.000000;0.000000;0.000000;0.000000;1.000000;-66.313965;-797.589722;2197.351074;0.217666;0.000000;0.000000;0.000000;0.000000;2.000000;-2.241516;-803.262024;2088.511475;0.291206;0.000000;0.000000;0.000000;0.000000;2.000000;14937866240.000000
0.000000;-149.999969;2000.000000;0.000000;0.000000;0.000000;0.000000;0.000000;2.000000;-20.410767;-320.896423;2004.355347;0.062275;0.000000;0.000000;0.000000;0.000000;2.000000;-38.754761;-456.416382;2019.917358;0.056561;0.000000;0.000000;0.000000;0.000000;2.000000;-62.071594;-662.539307;2049.328125;0.128079;0.000000;0.000000;0.000000;0.000000;2.000000;-90.241150;-625.889465;2039.297485;0.116121;0.000000;0.000000;0.000000;0.000000;2.000000;-208.864990;-569.629761;1996.939575;0.132288;0.000000;0.000000;0.000000;0.000000;2.000000;-170.554810;-343.247742;1861.291504;0.184649;0.000000;0.000000;0.000000;0.000000;2.000000;-8.818848;-195.885986;1908.445435;0.194787;0.000000;0.000000;0.000000;0.000000;2.000000;66.842377;-230.899536;1949.488281;0.180111;0.000000;0.000000;0.000000;0.000000;2.000000;135.310791;-283.978149;2007.523315;0.193186;0.000000;0.000000;0.000000;0.000000;1.000000;40.032776;-295.865967;1954.329224;0.173871;0.000000;0.000000;0.000000;0.000000;1.000000;-26.069763;-631.373169;2047.637207;0.114738;0.000000;0.000000;0.000000;0.000000;2.000000;96.937531;-601.080200;2040.025024;0.124989;0.000000;0.000000;0.000000;0.000000;2.000000;213.857666;-377.643005;1938.838623;0.172886;0.000000;0.000000;0.000000;0.000000;2.000000;418.069275;-297.552246;1995.908447;0.278880;0.000000;0.000000;0.000000;0.000000;2.000000;511.095093;-290.402802;2032.046631;0.332721;0.000000;0.000000;0.000000;0.000000;2.000000;609.096252;-265.313904;2048.529297;0.257415;0.000000;0.000000;0.000000;0.000000;2.000000;535.459656;-324.194916;1997.566162;0.261972;0.000000;0.000000;0.000000;0.000000;2.000000;-86.078552;-140.110321;1984.656494;0.009664;0.000000;0.000000;0.000000;0.000000;2.000000;-117.875183;224.571411;2108.146973;0.450133;0.000000;0.000000;0.000000;0.000000;1.000000;-31.344666;290.999146;1755.414795;1.347278;0.000000;0.000000;0.000000;0.000000;1.000000;-83.024353;450.071533;1824.038330;2.459363;0.000000;0.000000;0.000000;0.000000;1.000000;77.620789;-158.917908;2013.835938;0.008715;0.000000;0.000000;0.000000;0.000000;2.000000;118.489807;97.151733;2299.651611;0.389799;0.000000;0.000000;0.000000;0.000000;2.000000;104.751556;69.824097;1927.807861;1.381669;0.000000;0.000000;0.000000;0.000000;2.000000;92.859619;229.279724;1973.626221;2.774764;0.000000;0.000000;0.000000;0.000000;2.000000;-72.207397;-737.062317;2072.945068;0.158835;0.000000;0.000000;0.000000;0.000000;2.000000;-95.516174;-759.004089;2224.674072;0.170881;0.000000;0.000000;0.000000;0.000000;2.000000;-115.841187;-796.050293;2191.028076;0.081089;0.000000;0.000000;0.000000;0.000000;1.000000;-154.210083;-796.200317;2074.862549;0.248244;0.000000;0.000000;0.000000;0.000000;1.000000;-66.718506;-792.996887;2202.135254;0.196622;0.000000;0.000000;0.000000;0.000000;2.000000;4.227051;-799.770996;2097.696045;0.348123;0.000000;0.000000;0.000000;0.000000;2.000000;14937900032.000000
0.000000;-150.000000;2000.000000;0.000001;0.000000;0.000000;0.000000;0.000000;2.000000;-19.674744;-323.454834;2002.961304;0.088929;0.000000;0.000000;0.000000;0.000000;2.000000;-38.059998;-460.800903;2019.695679;0.131533;0.000000;0.000000;0.000000;0.000000;2.000000;-64.766479;-669.270752;2050.812500;0.219023;0.000000;0.000000;0.000000;0.000000;2.000000;-92.751709;-631.791138;2040.184326;0.191599;0.000000;0.000000;0.000000;0.000000;2.000000;-210.117981;-570.291809;1995.305786;0.064002;0.000000;0.000000;0.000000;0.000000;2.000000;-171.424805;-344.631958;1851.376099;0.297387;0.000000;0.000000;0.000000;0.000000;2.000000;-6.621338;-198.372467;1905.849487;0.124679;0.000000;0.000000;0.000000;0.000000;2.000000;69.093994;-235.835815;1947.609009;0.169916;0.000000;0.000000;0.000000;0.000000;2.000000;137.641602;-291.737335;2005.558716;0.246701;0.000000;0.000000;0.000000;0.000000;1.000000;40.632080;-301.621704;1951.944458;0.185221;0.000000;0.000000;0.000000;0.000000;1.000000;-27.817505;-638.179077;2049.130371;0.212584;0.000000;0.000000;0.000000;0.000000;2.000000;97.460358;-609.533875;2042.170288;0.258561;0.000000;0.000000;0.000000;0.000000;2.000000;213.447510;-381.481079;1939.859009;0.118150;0.000000;0.000000;0.000000;0.000000;2.000000;421.210907;-302.192719;1997.994263;0.176950;0.000000;0.000000;0.000000;0.000000;2.000000;516.706116;-294.551605;2031.420044;0.207337;0.000000;0.000000;0.000000;0.000000;2.000000;614.101135;-267.250092;2055.343994;0.256687;0.000000;0.000000;0.000000;0.000000;2.000000;544.338623;-316.384399;2006.156860;0.432541;0.000000;0.000000;0.000000;0.000000;2.000000;-87.075867;-140.413055;1983.018066;0.057464;0.000000;0.000000;0.000000;0.000000;2.000000;-115.776489;224.853149;2121.750488;0.407414;0.000000;0.000000;0.000000;0.000000;1.000000;-28.885986;307.835999;1767.133545;0.611400;0.000000;0.000000;0.000000;0.000000;1.000000;-56.665527;488.305176;1783.588745;1.822486;0.000000;0.000000;0.000000;0.000000;1.000000;78.520111;-158.644989;2015.313354;0.051817;0.000000;0.000000;0.000000;0.000000;2.000000;114.557007;100.413025;2306.431641;0.251228;0.000000;0.000000;0.000000;0.000000;2.000000;103.396545;87.836426;1928.448242;0.534877;0.000000;0.000000;0.000000;0.000000;2.000000;106.270874;250.956482;1885.603638;2.711857;0.000000;0.000000;0.000000;0.000000;1.000000;-76.241577;-744.525635;2075.216797;0.259906;0.000000;0.000000;0.000000;0.000000;2.000000;-95.001709;-766.476501;2229.797363;0.268545;0.000000;0.000000;0.000000;0.000000;2.000000;-115.126892;-805.015503;2196.479004;0.311214;0.000000;0.000000;0.000000;0.000000;1.000000;-157.089783;-807.443115;2079.754395;0.372709;0.000000;0.000000;0.000000;0.000000;1.000000;-65.178284;-800.039978;2206.395996;0.247823;0.000000;0.000000;0.000000;0.000000;2.000000;4.158875;-805.091736;2098.658936;0.160026;0.000000;0.000000;0.000000;0.000000;2.000000;14937933824.000000
0.000000;-150.000000;2000.000000;0.000000;0.000000;0.000000;0.000000;0.000000;2.000000;-17.303101;-319.846558;2005.371094;0.150905;0.000000;0.000000;0.000000;0.000000;2.000000;-33.411560;-454.579651;2020.687988;0.238929;0.000000;0.000000;0.000000;0.000000;2.000000;-56.611877;-659.455200;2047.038696;0.406107;0.000000;0.000000;0.000000;0.000000;2.000000;-84.473511;-623.020325;2037.115234;0.379788;0.000000;0.000000;0.000000;0.000000;2.000000;-200.675476;-565.139221;1993.764893;0.331624;0.000000;0.000000;0.000000;0.000000;2.000000;-166.509521;-340.962250;1857.462280;0.263705;0.000000;0.000000;0.000000;0.000000;2.000000;-11.343506;-191.298584;1910.714233;0.299017;0.000000;0.000000;0.000000;0.000000;2.000000;66.396515;-225.204895;1946.859131;0.335492;0.000000;0.000000;0.000000;0.000000;2.000000;131.121948;-282.685974;2003.509644;0.346118;0.000000;0.000000;0.000000;0.000000;1.000000;38.826843;-292.543274;1956.143799;0.310187;0.000000;0.000000;0.000000;0.000000;1.000000;-20.927551;-628.459595;2046.266113;0.373942;0.000000;0.000000;0.000000;0.000000;2.000000;100.205261;-594.704529;2039.852905;0.465645;0.000000;0.000000;0.000000;0.000000;2.000000;217.586517;-371.410950;1944.793213;0.364791;0.000000;0.000000;0.000000;0.000000;2.000000;420.426941;-294.971527;2004.631714;0.300278;0.000000;0.000000;0.000000;0.000000;2.000000;514.146973;-284.089905;2035.485474;0.351316;0.000000;0.000000;0.000000;0.000000;2.000000;608.835205;-256.020966;2059.709473;0.401258;0.000000;0.000000;0.000000;0.000000;2.000000;543.716858;-311.097809;2008.770874;0.180976;0.000000;0.000000;0.000000;0.000000;2.000000;-84.974670;-141.922333;1981.688232;0.088771;0.000000;0.000000;0.000000;0.000000;2.000000;-126.271667;219.665955;2101.939697;0.702251;0.000000;0.000000;0.000000;0.000000;1.000000;-36.141907;284.931274;1752.943359;0.851564;0.000000;0.000000;0.000000;0.000000;1.000000;-93.817810;442.453552;1816.436523;2.061155;0.000000;0.000000;0.000000;0.000000;1.000000;76.625366;-157.284027;2016.512573;0.080049;0.000000;0.000000;0.000000;0.000000;2.000000;119.922302;96.369934;2300.027832;0.283242;0.000000;0.000000;0.000000;0.000000;2.000000;103.591553;77.182739;1930.725098;0.332520;0.000000;0.000000;0.000000;0.000000;2.000000;91.917206;235.909302;1974.340942;2.781415;0.000000;0.000000;0.000000;0.000000;2.000000;-66.882751;-733.686401;2069.419678;0.471478;0.000000;0.000000;0.000000;0.000000;2.000000;-87.930786;-746.528687;2221.278809;0.696228;0.000000;0.000000;0.000000;0.000000;2.000000;-110.858643;-783.687012;2190.208252;0.690834;0.000000;0.000000;0.000000;0.000000;1.000000;-151.363403;-787.413879;2075.852295;0.646791;0.000000;0.000000;0.000000;0.000000;1.000000;-61.802124;-782.917786;2200.140381;0.565770;0.000000;0.000000;0.000000;0.000000;2.000000;5.829102;-798.852417;2095.698975;0.216825;0.000000;0.000000;0.000000;0.000000;2.000000;14937966592.000000
0.000000;-150.000000;2000.000000;0.000000;0.000000;0.000000;0.000000;0.000000;2.000000;-16.530579;-319.243073;2004.117676;0.047089;0.000000;0.000000;0.000000;0.000000;2.000000;-32.283936;-453.527985;2018.657349;0.075453;0.000000;0.000000;0.000000;0.000000;2.000000;-55.136902;-657.728088;2043.704102;0.119395;0.000000;0.000000;0.000000;0.000000;2.000000;-82.831848;-621.500122;2033.483765;0.126225;0.000000;0.000000;0.000000;0.000000;2.000000;-197.129456;-562.637085;1988.231567;0.208104;0.000000;0.000000;0.000000;0.000000;2.000000;-167.617004;-336.524689;1856.242920;0.140075;0.000000;0.000000;0.000000;0.000000;2.000000;-14.744507;-186.100525;1910.130859;0.184634;0.000000;0.000000;0.000000;0.000000;2.000000;62.712372;-219.413483;1946.457031;0.203471;0.000000;0.000000;0.000000;0.000000;2.000000;127.293945;-276.049133;2003.337036;0.226788;0.000000;0.000000;0.000000;0.000000;1.000000;36.191345;-286.228302;1955.523804;0.203329;0.000000;0.000000;0.000000;0.000000;1.000000;-19.699585;-626.739258;2043.669556;0.099079;0.000000;0.000000;0.000000;0.000000;2.000000;101.244232;-593.880859;2039.828003;0.039243;0.000000;0.000000;0.000000;0.000000;2.000000;220.305756;-371.327393;1948.369751;0.132980;0.000000;0.000000;0.000000;0.000000;2.000000;421.716980;-294.629150;2009.182251;0.140336;0.000000;0.000000;0.000000;0.000000;2.000000;514.374390;-282.826813;2041.542236;0.183216;0.000000;0.000000;0.000000;0.000000;2.000000;607.793335;-254.381317;2068.343018;0.261879;0.000000;0.000000;0.000000;0.000000;2.000000;543.576538;-304.870789;2017.715332;0.322546;0.000000;0.000000;0.000000;0.000000;2.000000;-84.312744;-142.244812;1980.274536;0.047169;0.000000;0.000000;0.000000;0.000000;2.000000;-133.670776;216.980347;2099.484863;0.244003;0.000000;0.000000;0.000000;0.000000;1.000000;-39.301147;267.211914;1750.720459;0.536681;0.000000;0.000000;0.000000;0.000000;1.000000;-102.139404;422.268127;1813.270996;0.652869;0.000000;0.000000;0.000000;0.000000;1.000000;76.028534;-156.993195;2017.787231;0.042531;0.000000;0.000000;0.000000;0.000000;2.000000;120.241943;102.156311;2293.945313;0.248617;0.000000;0.000000;0.000000;0.000000;2.000000;105.245819;72.837158;1926.800781;0.180057;0.000000;0.000000;0.000000;0.000000;2.000000;92.988953;229.871887;1973.663574;0.182561;0.000000;0.000000;0.000000;0.000000;2.000000;-65.494934;-731.771057;2065.524902;0.134847;0.000000;0.000000;0.000000;0.000000;2.000000;-86.972168;-745.628174;2216.584473;0.144268;0.000000;0.000000;0.000000;0.000000;2.000000;-110.333862;-781.968445;2185.255127;0.155924;0.000000;0.000000;0.000000;0.000000;1.000000;-150.488220;-783.967224;2071.268555;0.171679;0.000000;0.000000;0.000000;0.000000;1.000000;-61.496399;-782.083130;2195.246582;0.147191;0.000000;0.000000;0.000000;0.000000;2.000000;5.803955;-798.066650;2091.226074;0.134395;0.000000;0.000000;0.000000;0.000000;2.000000;14938000384.000000
0.000000;-150.000000;2000.000000;0.000000;0.000000;0.000000;0.000000;0.000000;2.000000;-16.628784;-320.217865;2002.539429;0.056690;0.000000;0.000000;0.000000;0.000000;2.000000;-33.049683;-455.166687;2017.305054;0.068921;0.000000;0.000000;0.000000;0.000000;2.000000;-54.563538;-660.365540;2044.821533;0.089149;0.000000;0.000000;0.000000;0.000000;2.000000;-82.628662;-624.290039;2033.900635;0.086310;0.000000;0.000000;0.000000;0.000000;2.000000;-198.625183;-568.167358;1987.216309;0.177558;0.000000;0.000000;0.000000;0.000000;2.000000;-168.430542;-341.470825;1853.454224;0.175052;0.000000;0.000000;0.000000;0.000000;2.000000;-20.889771;-187.414093;1916.276245;0.268235;0.000000;0.000000;0.000000;0.000000;2.000000;61.684387;-219.647827;1942.077148;0.137482;0.000000;0.000000;0.000000;0.000000;2.000000;139.991364;-274.519501;1981.946289;0.760573;0.000000;0.000000;0.000000;0.000000;2.000000;35.156677;-291.572571;1954.437134;0.169400;0.000000;0.000000;0.000000;0.000000;1.000000;-19.180725;-628.918213;2044.665283;0.074806;0.000000;0.000000;0.000000;0.000000;2.000000;102.739746;-596.889893;2041.966919;0.121557;0.000000;0.000000;0.000000;0.000000;2.000000;218.689362;-372.903198;1945.727051;0.106067;0.000000;0.000000;0.000000;0.000000;2.000000;418.817596;-292.794983;2010.838867;0.116267;0.000000;0.000000;0.000000;0.000000;2.000000;513.411865;-283.020844;2039.779419;0.061579;0.000000;0.000000;0.000000;0.000000;2.000000;609.006165;-257.133606;2063.460693;0.174999;0.000000;0.000000;0.000000;0.000000;2.000000;541.309021;-306.540619;2017.424316;0.086396;0.000000;0.000000;0.000000;0.000000;2.000000;-84.383972;-142.076050;1978.576294;0.052127;0.000000;0.000000;0.000000;0.000000;2.000000;-137.373596;218.515442;2098.932617;0.123483;0.000000;0.000000;0.000000;0.000000;1.000000;-38.408386;261.693359;1748.368286;0.185089;0.000000;0.000000;0.000000;0.000000;1.000000;-101.593567;419.719666;1805.777466;0.242121;0.000000;0.000000;0.000000;0.000000;1.000000;76.092712;-157.145386;2019.318726;0.047009;0.000000;0.000000;0.000000;0.000000;2.000000;115.980896;101.980591;2299.078125;0.203653;0.000000;0.000000;0.000000;0.000000;2.000000;102.511078;73.209900;1929.767456;0.123658;0.000000;0.000000;0.000000;0.000000;2.000000;90.558167;231.555969;1975.505859;0.106326;0.000000;0.000000;0.000000;0.000000;2.000000;-64.541321;-734.632446;2067.592773;0.111600;0.000000;0.000000;0.000000;0.000000;2.000000;-86.010803;-740.707947;2220.029297;0.185630;0.000000;0.000000;0.000000;0.000000;2.000000;-109.357483;-778.947510;2190.492432;0.186903;0.000000;0.000000;0.000000;0.000000;1.000000;-149.777039;-787.115112;2076.158691;0.178804;0.000000;0.000000;0.000000;0.000000;1.000000;-60.243225;-778.325867;2200.499023;0.200757;0.000000;0.000000;0.000000;0.000000;2.000000;7.455750;-799.546814;2096.835693;0.184087;0.000000;0.000000;0.000000;0.000000;2.000000;14938033152.000000
0.000000;-150.000000;2000.000000;0.000000;0.000000;0.000000;0.000000;0.000000;2.000000;-16.387878;-318.295319;2003.421387;0.062999;0.000000;0.000000;0.000000;0.000000;2.000000;-32.220215;-451.808899;2017.726929;0.103112;0.000000;0.000000;0.000000;0.000000;2.000000;-54.111145;-655.083984;2041.366577;0.187246;0.000000;0.000000;0.000000;0.000000;2.000000;-81.742737;-619.151794;2031.148438;0.174475;0.000000;0.000000;0.000000;0.000000;2.000000;-196.194580;-562.512085;1985.788818;0.186992;0.000000;0.000000;0.000000;0.000000;2.000000;-165.291321;-338.864136;1852.920410;0.121779;0.000000;0.000000;0.000000;0.000000;2.000000;-20.767761;-183.745026;1911.185669;0.185731;0.000000;0.000000;0.000000;0.000000;2.000000;59.949066;-214.240204;1940.979126;0.171177;0.000000;0.000000;0.000000;0.000000;2.000000;145.158142;-258.002991;1977.269043;0.530502;0.000000;0.000000;0.000000;0.000000;2.000000;33.389038;-284.536255;1955.389038;0.216534;0.000000;0.000000;0.000000;0.000000;1.000000;-19.037415;-624.092285;2041.806396;0.166045;0.000000;0.000000;0.000000;0.000000;2.000000;101.613892;-592.753662;2039.867798;0.141249;0.000000;0.000000;0.000000;0.000000;2.000000;219.186951;-371.285706;1948.340698;0.092143;0.000000;0.000000;0.000000;0.000000;2.000000;415.803833;-288.003510;2011.439331;0.168449;0.000000;0.000000;0.000000;0.000000;2.000000;508.879425;-278.742157;2041.632446;0.192430;0.000000;0.000000;0.000000;0.000000;2.000000;599.265625;-247.551147;2073.177246;0.496166;0.000000;0.000000;0.000000;0.000000;2.000000;539.706299;-302.686340;2022.052246;0.184432;0.000000;0.000000;0.000000;0.000000;2.000000;-83.633972;-142.271423;1979.571045;0.037317;0.000000;0.000000;0.000000;0.000000;2.000000;-134.344971;215.080811;2096.860840;0.148736;0.000000;0.000000;0.000000;0.000000;1.000000;-39.359924;263.741882;1750.222168;0.086474;0.000000;0.000000;0.000000;0.000000;1.000000;-100.885620;419.925598;1808.197266;0.074859;0.000000;0.000000;0.000000;0.000000;1.000000;75.416382;-156.969208;2018.421631;0.033653;0.000000;0.000000;0.000000;0.000000;2.000000;123.602478;98.209106;2294.612305;0.284239;0.000000;0.000000;0.000000;0.000000;2.000000;102.917755;75.532898;1929.388550;0.070685;0.000000;0.000000;0.000000;0.000000;2.000000;97.301483;232.453186;1974.586670;0.203142;0.000000;0.000000;0.000000;0.000000;2.000000;-64.220642;-728.868896;2062.585449;0.226137;0.000000;0.000000;0.000000;0.000000;2.000000;-83.125977;-737.624207;2213.484863;0.230485;0.000000;0.000000;0.000000;0.000000;2.000000;-108.082520;-773.867676;2183.836426;0.250637;0.000000;0.000000;0.000000;0.000000;1.000000;-150.210388;-777.821533;2071.353760;0.309872;0.000000;0.000000;0.000000;0.000000;1.000000;-59.371277;-775.265930;2192.884766;0.244209;0.000000;0.000000;0.000000;0.000000;2.000000;5.015137;-796.280945;2088.770020;0.267447;0.000000;0.000000;0.000000;0.000000;2.000000;14938066944.000000
0.000000;-150.000000;2000.000000;0.000000;0.000000;0.000000;0.000000;0.000000;2.000000;-15.840515;-316.432526;2004.202515;0.063867;0.000000;0.000000;0.000000;0.000000;2.000000;-30.251038;-448.896057;2015.200806;0.132122;0.000000;0.000000;0.000000;0.000000;2.000000;-50.018433;-651.448242;2015.178101;0.816484;0.000000;0.000000;0.000000;0.000000;2.000000;-77.773987;-615.233154;2009.775635;0.674089;0.000000;0.000000;0.000000;0.000000;2.000000;-195.107910;-561.224121;1974.100342;0.360392;0.000000;0.000000;0.000000;0.000000;2.000000;-172.408264;-331.476807;1856.608643;0.332665;0.000000;0.000000;0.000000;0.000000;2.000000;-30.570251;-180.570221;1922.786133;0.473504;0.000000;0.000000;0.000000;0.000000;2.000000;51.238007;-211.252563;1945.452637;0.312445;0.000000;0.000000;0.000000;0.000000;2.000000;140.482330;-252.240753;1970.254395;0.311626;0.000000;0.000000;0.000000;0.000000;2.000000;28.013062;-282.267395;1956.238892;0.179953;0.000000;0.000000;0.000000;0.000000;1.000000;-15.557495;-620.743835;2018.625000;0.722628;0.000000;0.000000;0.000000;0.000000;2.000000;104.919861;-594.633118;2019.558960;0.630549;0.000000;0.000000;0.000000;0.000000;2.000000;217.087341;-366.843323;1947.470825;0.152282;0.000000;0.000000;0.000000;0.000000;2.000000;410.744263;-283.448425;2010.849976;0.208539;0.000000;0.000000;0.000000;0.000000;2.000000;501.342102;-275.396057;2045.100830;0.273021;0.000000;0.000000;0.000000;0.000000;2.000000;593.959717;-250.328003;2071.672363;0.188440;0.000000;0.000000;0.000000;0.000000;2.000000;530.802429;-306.174072;2017.289795;0.326016;0.000000;0.000000;0.000000;0.000000;2.000000;-82.884521;-142.604309;1980.474487;0.037235;0.000000;0.000000;0.000000;0.000000;2.000000;-134.512207;213.084778;2088.411865;0.264989;0.000000;0.000000;0.000000;0.000000;1.000000;-43.229370;266.631836;1745.735229;0.201178;0.000000;0.000000;0.000000;0.000000;1.000000;-107.348083;419.562744;1803.531738;0.243496;0.000000;0.000000;0.000000;0.000000;1.000000;74.740662;-156.669006;2017.606934;0.033576;0.000000;0.000000;0.000000;0.000000;2.000000;114.287720;94.935242;2292.668701;0.307093;0.000000;0.000000;0.000000;0.000000;2.000000;97.047394;79.432922;1930.992065;0.220578;0.000000;0.000000;0.000000;0.000000;2.000000;97.495880;234.431274;1976.607788;0.086508;0.000000;0.000000;0.000000;0.000000;2.000000;-59.110535;-726.455872;2027.614502;1.081073;0.000000;0.000000;0.000000;0.000000;2.000000;28.292908;-777.950928;2138.961914;4.271816;0.000000;0.000000;0.000000;0.000000;2.000000;-14.203125;-806.250977;2126.873779;3.493798;0.000000;0.000000;0.000000;0.000000;1.000000;-120.639587;-782.712646;2079.553711;0.948304;0.000000;0.000000;0.000000;0.000000;1.000000;26.310608;-805.787964;2099.297119;3.982705;0.000000;0.000000;0.000000;0.000000;2.000000;-1.084961;-791.335510;1980.447998;3.314401;0.000000;0.000000;0.000000;0.000000;1.000000;14938099712.000000
0.000000;-149.999969;2000.000000;0.000001;0.000000;0.000000;0.000000;0.000000;2.000000;-15.539124;-315.255737;2005.971924;0.063514;0.000000;0.000000;0.000000;0.000000;2.000000;-29.268494;-446.844421;2017.247437;0.090553;0.000000;0.000000;0.000000;0.000000;2.000000;-47.065308;-648.179932;2017.076904;0.141948;0.000000;0.000000;0.000000;0.000000;2.000000;-75.045105;-612.454590;2012.270264;0.136866;0.000000;0.000000;0.000000;0.000000;2.000000;-193.446350;-561.470398;1979.200562;0.158904;0.000000;0.000000;0.000000;0.000000;2.000000;-175.869934;-335.921814;1856.700439;0.166746;0.000000;0.000000;0.000000;0.000000;2.000000;-44.549194;-174.733154;1914.993652;0.504125;0.000000;0.000000;0.000000;0.000000;2.000000;36.638000;-199.465759;1943.863770;0.557267;0.000000;0.000000;0.000000;0.000000;2.000000;135.873810;-211.539032;1955.094727;1.292526;0.000000;0.000000;0.000000;0.000000;2.000000;20.822449;-267.392395;1958.008667;0.491724;0.000000;0.000000;0.000000;0.000000;1.000000;-13.065918;-617.381897;2019.987915;0.130236;0.000000;0.000000;0.000000;0.000000;2.000000;106.739258;-592.160522;2019.213623;0.091418;0.000000;0.000000;0.000000;0.000000;2.000000;217.434601;-365.116638;1949.120117;0.071405;0.000000;0.000000;0.000000;0.000000;2.000000;409.565033;-281.852692;2012.095947;0.069334;0.000000;0.000000;0.000000;0.000000;2.000000;497.889221;-269.939911;2049.162109;0.225733;0.000000;0.000000;0.000000;0.000000;2.000000;590.227539;-245.608490;2074.829590;0.201081;0.000000;0.000000;0.000000;0.000000;2.000000;521.308350;-291.479736;2022.207520;0.537780;0.000000;0.000000;0.000000;0.000000;2.000000;-82.813904;-142.835236;1982.778442;0.068554;0.000000;0.000000;0.000000;0.000000;2.000000;-130.445679;212.274902;2085.424805;0.151228;0.000000;0.000000;0.000000;0.000000;1.000000;-49.089233;268.790833;1743.286743;0.198502;0.000000;0.000000;0.000000;0.000000;1.000000;-112.097412;418.678894;1806.390259;0.166111;0.000000;0.000000;0.000000;0.000000;1.000000;74.676971;-156.460724;2015.529419;0.061816;0.000000;0.000000;0.000000;0.000000;2.000000;113.535797;95.402344;2286.941162;0.171506;0.000000;0.000000;0.000000;0.000000;2.000000;93.625824;80.096924;1927.881470;0.138246;0.000000;0.000000;0.000000;0.000000;2.000000;98.669861;232.200989;1978.754272;0.097969;0.000000;0.000000;0.000000;0.000000;2.000000;-55.203552;-722.780884;2029.401733;0.167309;0.000000;0.000000;0.000000;0.000000;2.000000;29.787109;-782.116150;2137.270020;0.140197;0.000000;0.000000;0.000000;0.000000;2.000000;-14.225708;-807.254272;2125.175049;0.058387;0.000000;0.000000;0.000000;0.000000;1.000000;-118.924683;-776.193665;2080.424805;0.201137;0.000000;0.000000;0.000000;0.000000;1.000000;25.586609;-808.510742;2097.198730;0.103959;0.000000;0.000000;0.000000;0.000000;2.000000;-2.289124;-789.321777;1980.009521;0.070636;0.000000;0.000000;0.000000;0.000000;1.000000;14938133504.000000
0.000000;-149.999969;2000.000000;0.000000;0.000000;0.000000;0.000000;0.000000;2.000000;-15.804688;-314.845184;2005.578003;0.019162;0.000000;0.000000;0.000000;0.000000;2.000000;-29.899414;-446.010956;2017.573364;0.033416;0.000000;0.000000;0.000000;0.000000;2.000000;-46.477783;-646.965454;2017.237793;0.041464;0.000000;0.000000;0.000000;0.000000;2.000000;-74.622192;-611.483826;2012.625488;0.034084;0.000000;0.000000;0.000000;0.000000;2.000000;-193.568054;-562.136841;1980.314331;0.039784;0.000000;0.000000;0.000000;0.000000;2.000000;-174.201050;-338.967712;1855.047485;0.117383;0.000000;0.000000;0.000000;0.000000;2.000000;-50.767822;-171.388458;1910.578979;0.254136;0.000000;0.000000;0.000000;0.000000;2.000000;30.836670;-191.889221;1940.887329;0.305052;0.000000;0.000000;0.000000;0.000000;2.000000;130.100647;-199.504303;1953.536377;0.410110;0.000000;0.000000;0.000000;0.000000;2.000000;17.012146;-260.173523;1957.722168;0.249261;0.000000;0.000000;0.000000;0.000000;1.000000;-12.726257;-616.046265;2020.013062;0.042065;0.000000;0.000000;0.000000;0.000000;2.000000;106.738647;-590.657654;2018.618774;0.049326;0.000000;0.000000;0.000000;0.000000;2.000000;217.013153;-364.105072;1948.613403;0.036845;0.000000;0.000000;0.000000;0.000000;2.000000;409.241577;-281.171356;2009.889771;0.071153;0.000000;0.000000;0.000000;0.000000;2.000000;498.576385;-273.635895;2045.032349;0.170428;0.000000;0.000000;0.000000;0.000000;2.000000;591.524353;-247.802948;2065.619141;0.291646;0.000000;0.000000;0.000000;0.000000;2.000000;521.958374;-291.512939;2014.387085;0.239486;0.000000;0.000000;0.000000;0.000000;2.000000;-82.710083;-142.632599;1983.374390;0.019469;0.000000;0.000000;0.000000;0.000000;2.000000;-127.812500;212.530396;2083.723145;0.095995;0.000000;0.000000;0.000000;0.000000;1.000000;-50.489807;271.220642;1741.901489;0.095460;0.000000;0.000000;0.000000;0.000000;1.000000;-112.928833;420.657898;1805.486938;0.071072;0.000000;0.000000;0.000000;0.000000;1.000000;74.583344;-156.643433;2014.991821;0.017562;0.000000;0.000000;0.000000;0.000000;2.000000;118.937683;94.380920;2285.115723;0.176781;0.000000;0.000000;0.000000;0.000000;2.000000;92.700226;81.207153;1927.241577;0.048241;0.000000;0.000000;0.000000;0.000000;2.000000;96.318878;232.883972;1978.302368;0.075975;0.000000;0.000000;0.000000;0.000000;2.000000;-54.099670;-721.449463;2029.479370;0.052834;0.000000;0.000000;0.000000;0.000000;2.000000;27.136597;-785.956299;2136.774902;0.143196;0.000000;0.000000;0.000000;0.000000;2.000000;-10.618164;-814.479431;2115.248535;0.390521;0.000000;0.000000;0.000000;0.000000;1.000000;-113.324036;-791.216675;2062.588623;0.731905;0.000000;0.000000;0.000000;0.000000;1.000000;31.531433;-805.234131;2092.979980;0.243902;0.000000;0.000000;0.000000;0.000000;2.000000;13.641418;-770.104126;1977.856567;0.764607;0.000000;0.000000;0.000000;0.000000;1.000000;14938166272.000000
0.000000;-149.999969;2000.000000;0.000000;0.000000;0.000000;0.000000;0.000000;2.000000;-15.721924;-315.096436;2004.981445;0.019312;0.000000;0.000000;0.000000;0.000000;2.000000;-29.746826;-446.503540;2016.373291;0.038653;0.000000;0.000000;0.000000;0.000000;2.000000;-46.066833;-647.748779;2015.256348;0.064214;0.000000;0.000000;0.000000;0.000000;2.000000;-74.292114;-612.241394;2010.731323;0.061156;0.000000;0.000000;0.000000;0.000000;2.000000;-193.773254;-563.760742;1978.348633;0.075697;0.000000;0.000000;0.000000;0.000000;2.000000;-176.726379;-340.371094;1852.430786;0.115351;0.000000;0.000000;0.000000;0.000000;2.000000;-55.969238;-170.065796;1906.663818;0.196592;0.000000;0.000000;0.000000;0.000000;2.000000;26.435059;-188.702515;1936.360962;0.209289;0.000000;0.000000;0.000000;0.000000;2.000000;126.077087;-194.024780;1948.260864;0.254645;0.000000;0.000000;0.000000;0.000000;2.000000;18.476868;-254.768890;1932.046997;0.777660;0.000000;0.000000;0.000000;0.000000;2.000000;-12.316956;-616.751831;2018.199707;0.058841;0.000000;0.000000;0.000000;0.000000;2.000000;107.297333;-591.271362;2016.867554;0.057349;0.000000;0.000000;0.000000;0.000000;2.000000;217.635864;-364.841248;1945.268555;0.103014;0.000000;0.000000;0.000000;0.000000;2.000000;410.176270;-281.538940;2006.110718;0.115715;0.000000;0.000000;0.000000;0.000000;2.000000;499.390747;-274.037323;2041.915405;0.096073;0.000000;0.000000;0.000000;0.000000;2.000000;592.476074;-248.117401;2062.409180;0.099515;0.000000;0.000000;0.000000;0.000000;2.000000;522.910156;-292.558044;2011.372192;0.098539;0.000000;0.000000;0.000000;0.000000;2.000000;-82.782104;-142.624939;1983.156860;0.006785;0.000000;0.000000;0.000000;0.000000;2.000000;-128.246033;212.764465;2084.393555;0.024621;0.000000;0.000000;0.000000;0.000000;1.000000;-50.436279;273.445374;1742.532227;0.068449;0.000000;0.000000;0.000000;0.000000;1.000000;-113.721863;422.790588;1806.138550;0.070041;0.000000;0.000000;0.000000;0.000000;1.000000;74.648346;-156.650330;2015.188354;0.006129;0.000000;0.000000;0.000000;0.000000;2.000000;114.810303;91.609131;2289.183838;0.190104;0.000000;0.000000;0.000000;0.000000;2.000000;92.323395;84.456787;1930.398926;0.134545;0.000000;0.000000;0.000000;0.000000;2.000000;95.032898;235.701355;1983.436401;0.177433;0.000000;0.000000;0.000000;0.000000;2.000000;-53.612549;-722.389282;2027.222534;0.073768;0.000000;0.000000;0.000000;0.000000;2.000000;23.545776;-788.014160;2137.098633;0.122850;0.000000;0.000000;0.000000;0.000000;2.000000;-14.676147;-815.694092;2115.131348;0.125399;0.000000;0.000000;0.000000;0.000000;1.000000;-115.680298;-789.979858;2060.022461;0.109401;0.000000;0.000000;0.000000;0.000000;1.000000;28.232727;-808.013306;2093.587402;0.128905;0.000000;0.000000;0.000000;0.000000;2.000000;13.720398;-773.815979;1977.538330;0.110272;0.000000;0.000000;0.000000;0.000000;1.000000;14938200064.000000
0.000000;-150.000000;2000.000000;0.000001;0.000000;0.000000;0.000000;0.000000;2.000000;-15.720093;-315.097351;2004.980103;0.000075;0.000000;0.000000;0.000000;0.000000;2.000000;-29.744324;-446.504852;2016.374756;0.000097;0.000000;0.000000;0.000000;0.000000;2.000000;-46.064453;-647.750977;2015.272705;0.000509;0.000000;0.000000;0.000000;0.000000;2.000000;-74.289795;-612.243774;2010.745117;0.000433;0.000000;0.000000;0.000000;0.000000;2.000000;-193.771973;-563.768860;1978.355347;0.000324;0.000000;0.000000;0.000000;0.000000;2.000000;-176.723022;-340.397583;1852.402954;0.001177;0.000000;0.000000;0.000000;0.000000;2.000000;-55.981445;-170.073181;1906.614014;0.001581;0.000000;0.000000;0.000000;0.000000;2.000000;26.423950;-188.700958;1936.315063;0.001442;0.000000;0.000000;0.000000;0.000000;2.000000;126.066711;-194.016785;1948.215210;0.001449;0.000000;0.000000;0.000000;0.000000;2.000000;18.470032;-254.767639;1932.018799;0.000886;0.000000;0.000000;0.000000;0.000000;1.000000;-12.314453;-616.753662;2018.213745;0.000439;0.000000;0.000000;0.000000;0.000000;2.000000;107.300568;-591.274414;2016.877197;0.000324;0.000000;0.000000;0.000000;0.000000;2.000000;217.641968;-364.856079;1945.241333;0.000964;0.000000;0.000000;0.000000;0.000000;2.000000;410.186462;-281.547546;2006.065063;0.001452;0.000000;0.000000;0.000000;0.000000;2.000000;499.404907;-274.043793;2041.860474;0.001742;0.000000;0.000000;0.000000;0.000000;2.000000;592.492188;-248.124878;2062.348633;0.001926;0.000000;0.000000;0.000000;0.000000;2.000000;522.920654;-292.564606;2011.304565;0.002098;0.000000;0.000000;0.000000;0.000000;2.000000;-82.782349;-142.625793;1983.155640;0.000046;0.000000;0.000000;0.000000;0.000000;2.000000;-128.251831;212.761475;2084.402832;0.000346;0.000000;0.000000;0.000000;0.000000;1.000000;-50.445374;273.470154;1742.544312;0.000886;0.000000;0.000000;0.000000;0.000000;1.000000;-113.736633;422.810608;1806.158203;0.000968;0.000000;0.000000;0.000000;0.000000;1.000000;74.648468;-156.649628;2015.189453;0.000040;0.000000;0.000000;0.000000;0.000000;2.000000;114.741943;91.602600;2289.203613;0.002181;0.000000;0.000000;0.000000;0.000000;2.000000;92.322784;84.458740;1930.412842;0.000429;0.000000;0.000000;0.000000;0.000000;2.000000;95.020203;235.706238;1983.444336;0.000481;0.000000;0.000000;0.000000;0.000000;2.000000;-53.610168;-722.390869;2027.244507;0.000676;0.000000;0.000000;0.000000;0.000000;2.000000;23.507568;-787.948669;2137.189941;0.003622;0.000000;0.000000;0.000000;0.000000;2.000000;-14.701355;-815.644897;2115.219971;0.003188;0.000000;0.000000;0.000000;0.000000;1.000000;-115.684570;-789.971863;2060.052734;0.000964;0.000000;0.000000;0.000000;0.000000;1.000000;28.216370;-807.970215;2093.690918;0.003458;0.000000;0.000000;0.000000;0.000000;2.000000;13.751465;-773.835815;1977.616821;0.002646;0.000000;0.000000;0.000000;0.000000;1.000000;14938232832.000000
0.000000;-150.000000;2000.000000;0.000000;0.000000;0.000000;0.000000;0.000000;2.000000;-14.785889;-313.791077;2004.883545;0.047611;0.000000;0.000000;0.000000;0.000000;2.000000;-28.012451;-444.188538;2015.955322;0.086483;0.000000;0.000000;0.000000;0.000000;2.000000;-43.048950;-643.822632;2013.156982;0.159366;0.000000;0.000000;0.000000;0.000000;2.000000;-71.238159;-608.737061;2008.956177;0.147400;0.000000;0.000000;0.000000;0.000000;2.000000;-191.324890;-564.189575;1977.733643;0.075747;0.000000;0.000000;0.000000;0.000000;2.000000;-178.909912;-343.583557;1850.742554;0.124465;0.000000;0.000000;0.000000;0.000000;2.000000;-70.197693;-167.504150;1904.867554;0.430625;0.000000;0.000000;0.000000;0.000000;2.000000;13.120911;-180.762604;1932.585327;0.471538;0.000000;0.000000;0.000000;0.000000;2.000000;112.271667;-179.470947;1942.464478;0.617175;0.000000;0.000000;0.000000;0.000000;2.000000;14.056091;-241.377228;1921.225220;0.525460;0.000000;0.000000;0.000000;0.000000;2.000000;-9.759644;-612.919189;2016.348389;0.147103;0.000000;0.000000;0.000000;0.000000;2.000000;109.150391;-589.056396;2015.858276;0.090632;0.000000;0.000000;0.000000;0.000000;2.000000;220.501831;-364.875305;1946.776489;0.096055;0.000000;0.000000;0.000000;0.000000;2.000000;412.298706;-283.139709;2005.519653;0.079923;0.000000;0.000000;0.000000;0.000000;2.000000;501.309753;-274.730865;2039.413940;0.093982;0.000000;0.000000;0.000000;0.000000;2.000000;592.731628;-248.458466;2062.778320;0.017588;0.000000;0.000000;0.000000;0.000000;2.000000;526.488159;-292.803040;2010.546997;0.108157;0.000000;0.000000;0.000000;0.000000;2.000000;-82.136475;-143.081360;1983.361816;0.024172;0.000000;0.000000;0.000000;0.000000;2.000000;-127.266663;209.714355;2082.383789;0.112031;0.000000;0.000000;0.000000;0.000000;1.000000;-55.046509;276.067383;1743.448853;0.158630;0.000000;0.000000;0.000000;0.000000;1.000000;-116.979126;424.166809;1807.321899;0.109562;0.000000;0.000000;0.000000;0.000000;1.000000;74.066132;-156.238861;2015.003540;0.021795;0.000000;0.000000;0.000000;0.000000;2.000000;117.202118;91.894043;2284.415771;0.159529;0.000000;0.000000;0.000000;0.000000;2.000000;86.426605;84.701660;1929.268677;0.177885;0.000000;0.000000;0.000000;0.000000;2.000000;95.297791;235.361389;1979.167114;0.127251;0.000000;0.000000;0.000000;0.000000;2.000000;-50.110352;-717.977661;2024.394897;0.186799;0.000000;0.000000;0.000000;0.000000;2.000000;26.178406;-784.055298;2132.904297;0.188696;0.000000;0.000000;0.000000;0.000000;2.000000;-15.098267;-809.045898;2114.568604;0.196583;0.000000;0.000000;0.000000;0.000000;1.000000;-115.442444;-777.431335;2063.579102;0.385569;0.000000;0.000000;0.000000;0.000000;1.000000;26.740906;-806.397949;2090.749023;0.107938;0.000000;0.000000;0.000000;0.000000;2.000000;9.189087;-777.234070;1974.812256;0.187696;0.000000;0.000000;0.000000;0.000000;1.000000;14938266624.000000
0.000000;-149.999969;2000.000000;0.000001;0.000000;0.000000;0.000000;0.000000;2.000000;-14.792908;-313.836426;2004.804443;0.002706;0.000000;0.000000;0.000000;0.000000;2.000000;-28.020264;-444.276947;2015.781494;0.005776;0.000000;0.000000;0.000000;0.000000;2.000000;-43.052429;-643.962036;2012.814453;0.010944;0.000000;0.000000;0.000000;0.000000;2.000000;-71.251953;-608.864868;2008.651001;0.009800;0.000000;0.000000;0.000000;0.000000;2.000000;-191.419189;-564.348450;1977.546631;0.007779;0.000000;0.000000;0.000000;0.000000;2.000000;-179.557739;-343.493408;1850.800415;0.019431;0.000000;0.000000;0.000000;0.000000;2.000000;-70.920349;-167.182190;1904.543457;0.025300;0.000000;0.000000;0.000000;0.000000;2.000000;12.619019;-180.243866;1931.760742;0.032430;0.000000;0.000000;0.000000;0.000000;2.000000;111.849640;-178.671417;1941.045654;0.049786;0.000000;0.000000;0.000000;0.000000;2.000000;13.773315;-240.678589;1920.062012;0.041017;0.000000;0.000000;0.000000;0.000000;2.000000;-9.754761;-613.051697;2016.023560;0.010383;0.000000;0.000000;0.000000;0.000000;2.000000;109.189819;-589.199219;2015.478394;0.012067;0.000000;0.000000;0.000000;0.000000;2.000000;220.598053;-364.999695;1946.289551;0.015143;0.000000;0.000000;0.000000;0.000000;2.000000;412.529907;-283.286316;2004.833984;0.021848;0.000000;0.000000;0.000000;0.000000;2.000000;501.787231;-274.987793;2038.174805;0.040026;0.000000;0.000000;0.000000;0.000000;2.000000;593.357788;-248.610748;2060.939941;0.057648;0.000000;0.000000;0.000000;0.000000;2.000000;526.761169;-292.748657;2008.849976;0.050891;0.000000;0.000000;0.000000;0.000000;2.000000;-82.155212;-143.070526;1983.345947;0.000794;0.000000;0.000000;0.000000;0.000000;2.000000;-127.306519;209.772644;2082.552734;0.005419;0.000000;0.000000;0.000000;0.000000;1.000000;-55.073975;276.362183;1743.569824;0.009465;0.000000;0.000000;0.000000;0.000000;1.000000;-117.045410;424.454773;1807.544800;0.010953;0.000000;0.000000;0.000000;0.000000;1.000000;74.082977;-156.248566;2015.017700;0.000712;0.000000;0.000000;0.000000;0.000000;2.000000;116.489838;91.582703;2284.956543;0.028023;0.000000;0.000000;0.000000;0.000000;2.000000;86.486786;85.005005;1929.636597;0.014223;0.000000;0.000000;0.000000;0.000000;2.000000;95.322906;235.609558;1979.840942;0.021263;0.000000;0.000000;0.000000;0.000000;2.000000;-50.108948;-718.146729;2023.993408;0.012892;0.000000;0.000000;0.000000;0.000000;2.000000;26.236206;-784.432739;2132.389648;0.018964;0.000000;0.000000;0.000000;0.000000;2.000000;-15.068176;-809.389343;2114.031250;0.018893;0.000000;0.000000;0.000000;0.000000;1.000000;-115.455750;-777.657837;2063.129150;0.014912;0.000000;0.000000;0.000000;0.000000;1.000000;26.770630;-806.715942;2090.188232;0.019098;0.000000;0.000000;0.000000;0.000000;2.000000;9.163208;-777.359009;1974.275146;0.016337;0.000000;0.000000;0.000000;0.000000;1.000000;14938300416.000000
0.000000;-150.000000;2000.000000;0.000001;0.000000;0.000000;0.000000;0.000000;2.000000;-14.564392;-313.882172;2003.049072;0.054040;0.000000;0.000000;0.000000;0.000000;2.000000;-28.000732;-444.287964;2014.024414;0.053626;0.000000;0.000000;0.000000;0.000000;2.000000;-41.765808;-643.988892;2008.475098;0.138127;0.000000;0.000000;0.000000;0.000000;2.000000;-70.203979;-609.026062;2004.895996;0.119074;0.000000;0.000000;0.000000;0.000000;2.000000;-191.558960;-566.983521;1975.042725;0.111013;0.000000;0.000000;0.000000;0.000000;2.000000;-177.240845;-344.081604;1852.247192;0.085270;0.000000;0.000000;0.000000;0.000000;2.000000;-80.194397;-157.395325;1890.937866;0.584555;0.000000;0.000000;0.000000;0.000000;2.000000;3.351501;-162.862488;1920.582642;0.691174;0.000000;0.000000;0.000000;0.000000;2.000000;102.088318;-154.508606;1931.289429;0.849194;0.000000;0.000000;0.000000;0.000000;2.000000;10.046265;-219.179413;1903.894287;0.828765;0.000000;0.000000;0.000000;0.000000;2.000000;-8.656677;-612.912537;2011.953491;0.128720;0.000000;0.000000;0.000000;0.000000;2.000000;110.747437;-591.543152;2011.688965;0.144048;0.000000;0.000000;0.000000;0.000000;2.000000;226.636902;-368.438599;1946.538696;0.212214;0.000000;0.000000;0.000000;0.000000;2.000000;417.141663;-283.816772;2005.529297;0.143248;0.000000;0.000000;0.000000;0.000000;2.000000;507.447754;-270.882843;2034.217285;0.245195;0.000000;0.000000;0.000000;0.000000;2.000000;599.335938;-246.195862;2057.548096;0.222328;0.000000;0.000000;0.000000;0.000000;2.000000;532.998291;-293.687195;2010.263184;0.197257;0.000000;0.000000;0.000000;0.000000;2.000000;-81.925476;-143.048492;1982.299683;0.032697;0.000000;0.000000;0.000000;0.000000;2.000000;-129.932129;209.907593;2079.606445;0.120506;0.000000;0.000000;0.000000;0.000000;1.000000;-52.867615;279.241760;1742.279419;0.117503;0.000000;0.000000;0.000000;0.000000;1.000000;-115.806519;427.456421;1804.966919;0.126529;0.000000;0.000000;0.000000;0.000000;1.000000;73.875854;-156.268463;2015.961060;0.029481;0.000000;0.000000;0.000000;0.000000;2.000000;113.255432;88.307495;2289.255371;0.192208;0.000000;0.000000;0.000000;0.000000;2.000000;84.928223;84.311768;1933.796143;0.137199;0.000000;0.000000;0.000000;0.000000;2.000000;96.399139;235.163757;1982.655884;0.092971;0.000000;0.000000;0.000000;0.000000;2.000000;-48.298828;-718.351379;2018.698486;0.170884;0.000000;0.000000;0.000000;0.000000;2.000000;24.688232;-787.843994;2127.378418;0.190937;0.000000;0.000000;0.000000;0.000000;2.000000;-13.766296;-813.675171;2104.589355;0.318923;0.000000;0.000000;0.000000;0.000000;1.000000;-112.354797;-784.007385;2049.155029;0.477879;0.000000;0.000000;0.000000;0.000000;1.000000;29.289673;-807.006226;2083.916504;0.206450;0.000000;0.000000;0.000000;0.000000;2.000000;17.504456;-770.508423;1969.313843;0.362532;0.000000;0.000000;0.000000;0.000000;1.000000;14938333184.000000
0.000000;-150.000031;2000.000000;0.000001;0.000000;0.000000;0.000000;0.000000;2.000000;-14.435547;-314.353760;2002.628052;0.019093;0.000000;0.000000;0.000000;0.000000;2.000000;-27.914124;-445.099915;2013.827759;0.024855;0.000000;0.000000;0.000000;0.000000;2.000000;-39.480347;-645.524841;2009.711792;0.089329;0.000000;0.000000;0.000000;0.000000;2.000000;-68.393982;-610.814209;2005.924805;0.081216;0.000000;0.000000;0.000000;0.000000;2.000000;-189.439270;-567.121094;1975.590088;0.064913;0.000000;0.000000;0.000000;0.000000;2.000000;-177.907288;-344.901306;1849.848145;0.077573;0.000000;0.000000;0.000000;0.000000;2.000000;-83.002747;-157.076141;1891.475220;0.085140;0.000000;0.000000;0.000000;0.000000;2.000000;1.964966;-161.850464;1917.735596;0.098381;0.000000;0.000000;0.000000;0.000000;2.000000;101.139404;-151.879242;1925.009155;0.203429;0.000000;0.000000;0.000000;0.000000;2.000000;9.384094;-219.675446;1904.890137;0.038314;0.000000;0.000000;0.000000;0.000000;2.000000;-6.625977;-613.969299;2012.918335;0.073515;0.000000;0.000000;0.000000;0.000000;2.000000;113.074890;-592.378174;2012.316772;0.075496;0.000000;0.000000;0.000000;0.000000;2.000000;226.237885;-366.899200;1947.708740;0.058426;0.000000;0.000000;0.000000;0.000000;2.000000;417.581665;-280.394379;2003.340576;0.120922;0.000000;0.000000;0.000000;0.000000;2.000000;507.974854;-272.670044;2034.406616;0.055424;0.000000;0.000000;0.000000;0.000000;2.000000;599.873108;-246.314972;2056.989990;0.023193;0.000000;0.000000;0.000000;0.000000;2.000000;533.351013;-289.554413;2007.031250;0.155608;0.000000;0.000000;0.000000;0.000000;2.000000;-82.103638;-143.076202;1982.019409;0.009862;0.000000;0.000000;0.000000;0.000000;2.000000;-131.089844;211.387695;2077.179199;0.090838;0.000000;0.000000;0.000000;0.000000;1.000000;-50.644104;282.671265;1740.034424;0.137997;0.000000;0.000000;0.000000;0.000000;1.000000;-111.784912;433.375488;1799.805054;0.261111;0.000000;0.000000;0.000000;0.000000;1.000000;74.036407;-156.243561;2016.213867;0.008893;0.000000;0.000000;0.000000;0.000000;2.000000;107.719910;86.984985;2292.818359;0.198704;0.000000;0.000000;0.000000;0.000000;2.000000;86.073486;84.919739;1935.894165;0.072987;0.000000;0.000000;0.000000;0.000000;2.000000;96.372498;237.564575;1980.697876;0.091682;0.000000;0.000000;0.000000;0.000000;2.000000;-45.177246;-720.084839;2020.504761;0.118415;0.000000;0.000000;0.000000;0.000000;2.000000;27.866394;-790.645386;2129.013428;0.134384;0.000000;0.000000;0.000000;0.000000;2.000000;-7.615540;-817.828979;2102.896973;0.225275;0.000000;0.000000;0.000000;0.000000;1.000000;-105.748718;-791.940735;2044.181274;0.339114;0.000000;0.000000;0.000000;0.000000;1.000000;35.853699;-806.927002;2084.730957;0.195752;0.000000;0.000000;0.000000;0.000000;2.000000;26.640686;-764.647827;1971.538818;0.327890;0.000000;0.000000;0.000000;0.000000;1.000000;14938366976.000000
0.000000;-150.000000;2000.000000;0.000001;0.000000;0.000000;0.000000;0.000000;2.000000;-14.433716;-314.354950;2002.625488;0.000103;0.000000;0.000000;0.000000;0.000000;2.000000;-27.909851;-445.102844;2013.817627;0.000347;0.000000;0.000000;0.000000;0.000000;2.000000;-39.469116;-645.529053;2009.683838;0.000928;0.000000;0.000000;0.000000;0.000000;2.000000;-68.383972;-610.818909;2005.898804;0.000862;0.000000;0.000000;0.000000;0.000000;2.000000;-189.429138;-567.127258;1975.558105;0.001041;0.000000;0.000000;0.000000;0.000000;2.000000;-177.877197;-344.901184;1849.825806;0.001144;0.000000;0.000000;0.000000;0.000000;2.000000;-82.989075;-157.071747;1891.477783;0.000445;0.000000;0.000000;0.000000;0.000000;2.000000;1.969910;-161.843262;1917.768555;0.001041;0.000000;0.000000;0.000000;0.000000;2.000000;101.142059;-151.871002;1925.079712;0.002169;0.000000;0.000000;0.000000;0.000000;2.000000;9.397400;-219.662292;1904.914307;0.000933;0.000000;0.000000;0.000000;0.000000;2.000000;-6.615723;-613.972473;2012.894409;0.000800;0.000000;0.000000;0.000000;0.000000;2.000000;113.084778;-592.375061;2012.299805;0.000607;0.000000;0.000000;0.000000;0.000000;2.000000;226.236023;-366.880920;1947.717773;0.000625;0.000000;0.000000;0.000000;0.000000;2.000000;417.570557;-280.362579;2003.365479;0.001278;0.000000;0.000000;0.000000;0.000000;2.000000;507.958527;-272.623901;2034.444702;0.001893;0.000000;0.000000;0.000000;0.000000;2.000000;599.849915;-246.254913;2057.042480;0.002535;0.000000;0.000000;0.000000;0.000000;2.000000;533.335022;-289.484619;2007.083618;0.002707;0.000000;0.000000;0.000000;0.000000;2.000000;-82.103821;-143.076874;1982.018066;0.000046;0.000000;0.000000;0.000000;0.000000;2.000000;-131.093628;211.390442;2077.172119;0.000259;0.000000;0.000000;0.000000;0.000000;1.000000;-50.627747;282.684509;1740.031982;0.000647;0.000000;0.000000;0.000000;0.000000;1.000000;-111.768555;433.392639;1799.795776;0.000777;0.000000;0.000000;0.000000;0.000000;1.000000;74.036682;-156.242920;2016.215088;0.000043;0.000000;0.000000;0.000000;0.000000;2.000000;107.673004;87.013916;2292.803711;0.001740;0.000000;0.000000;0.000000;0.000000;2.000000;86.084137;84.907471;1935.873779;0.000796;0.000000;0.000000;0.000000;0.000000;2.000000;96.393646;237.568604;1980.622925;0.002380;0.000000;0.000000;0.000000;0.000000;2.000000;-45.163879;-720.090637;2020.470215;0.001144;0.000000;0.000000;0.000000;0.000000;2.000000;27.903992;-790.664307;2128.955078;0.002196;0.000000;0.000000;0.000000;0.000000;2.000000;-7.578979;-817.847046;2102.838379;0.002179;0.000000;0.000000;0.000000;0.000000;1.000000;-105.724243;-791.958374;2044.141602;0.001521;0.000000;0.000000;0.000000;0.000000;1.000000;35.886719;-806.936584;2084.668213;0.002183;0.000000;0.000000;0.000000;0.000000;2.000000;26.652466;-764.636353;1971.484741;0.001725;0.000000;0.000000;0.000000;0.000000;1.000000;14938399744.000000
0.000000;-150.000000;2000.000000;0.000000;0.000000;0.000000;0.000000;0.000000;2.000000;-13.370178;-317.250549;2000.217896;0.115799;0.000000;0.000000;0.000000;0.000000;2.000000;-26.734558;-450.293213;2010.864380;0.180110;0.000000;0.000000;0.000000;0.000000;2.000000;-41.848083;-653.679626;2001.119263;0.356889;0.000000;0.000000;0.000000;0.000000;2.000000;-70.782471;-617.848572;1999.155640;0.296872;0.000000;0.000000;0.000000;0.000000;2.000000;-194.942017;-573.225342;1973.314941;0.252165;0.000000;0.000000;0.000000;0.000000;2.000000;-183.218323;-348.773926;1842.827271;0.284623;0.000000;0.000000;0.000000;0.000000;2.000000;-97.350586;-154.451416;1892.277954;0.432662;0.000000;0.000000;0.000000;0.000000;2.000000;-8.509216;-154.274719;1909.836914;0.448803;0.000000;0.000000;0.000000;0.000000;2.000000;92.567078;-148.146545;1918.377441;0.340410;0.000000;0.000000;0.000000;0.000000;2.000000;1.627258;-212.409576;1892.533447;0.482882;0.000000;0.000000;0.000000;0.000000;2.000000;-7.855042;-622.209045;2004.329224;0.353556;0.000000;0.000000;0.000000;0.000000;2.000000;113.887634;-600.738037;2000.493896;0.428803;0.000000;0.000000;0.000000;0.000000;2.000000;223.471497;-367.420807;1939.854126;0.247186;0.000000;0.000000;0.000000;0.000000;2.000000;419.375061;-285.567627;2000.796509;0.179880;0.000000;0.000000;0.000000;0.000000;2.000000;511.878265;-279.014038;2030.929443;0.245023;0.000000;0.000000;0.000000;0.000000;2.000000;601.282043;-245.828644;2060.646729;0.115462;0.000000;0.000000;0.000000;0.000000;2.000000;538.328674;-284.215698;2006.397583;0.215782;0.000000;0.000000;0.000000;0.000000;2.000000;-82.737976;-143.413879;1978.443359;0.107899;0.000000;0.000000;0.000000;0.000000;2.000000;-130.828979;217.213745;2075.335205;0.180868;0.000000;0.000000;0.000000;0.000000;1.000000;-39.134888;317.908752;1742.285156;1.098491;0.000000;0.000000;0.000000;0.000000;1.000000;-85.449707;487.530640;1753.459106;2.248019;0.000000;0.000000;0.000000;0.000000;1.000000;74.608459;-155.938965;2019.438721;0.097302;0.000000;0.000000;0.000000;0.000000;2.000000;69.937805;78.639954;2313.375732;1.295772;0.000000;0.000000;0.000000;0.000000;2.000000;73.958344;111.538574;1951.285522;0.978700;0.000000;0.000000;0.000000;0.000000;2.000000;62.610870;270.530396;1921.801636;2.231796;0.000000;0.000000;0.000000;0.000000;1.000000;-48.526062;-729.688904;2010.056396;0.430754;0.000000;0.000000;0.000000;0.000000;2.000000;20.777832;-794.270752;2127.802490;0.238800;0.000000;0.000000;0.000000;0.000000;2.000000;-18.448730;-821.220581;2105.309570;0.344650;0.000000;0.000000;0.000000;0.000000;1.000000;-116.472717;-792.601563;2043.773071;0.318833;0.000000;0.000000;0.000000;0.000000;1.000000;26.200562;-817.035645;2085.142334;0.414339;0.000000;0.000000;0.000000;0.000000;2.000000;18.517822;-787.979431;1965.643188;0.751678;0.000000;0.000000;0.000000;0.000000;1.000000;14938433536.000000
0.000000;-150.000031;2000.000000;0.000001;0.000000;0.000000;0.000000;0.000000;2.000000;-14.448730;-317.334900;2000.126343;0.033133;0.000000;0.000000;0.000000;0.000000;2.000000;-28.609497;-450.503021;2009.883423;0.064893;0.000000;0.000000;0.000000;0.000000;2.000000;-43.241638;-654.199341;2001.560791;0.047347;0.000000;0.000000;0.000000;0.000000;2.000000;-72.251709;-618.405884;1999.001831;0.048184;0.000000;0.000000;0.000000;0.000000;2.000000;-198.628601;-580.748169;1972.118530;0.258257;0.000000;0.000000;0.000000;0.000000;2.000000;-185.423096;-355.127563;1843.264160;0.205673;0.000000;0.000000;0.000000;0.000000;2.000000;-114.950195;-156.052979;1898.771851;0.574575;0.000000;0.000000;0.000000;0.000000;2.000000;-25.128540;-147.264862;1907.311523;0.555820;0.000000;0.000000;0.000000;0.000000;2.000000;76.023102;-147.146515;1918.108276;0.505870;0.000000;0.000000;0.000000;0.000000;2.000000;-10.835632;-205.721619;1888.243896;0.451054;0.000000;0.000000;0.000000;0.000000;2.000000;-9.310791;-622.604065;2004.894165;0.049155;0.000000;0.000000;0.000000;0.000000;2.000000;113.164429;-604.616089;2002.692627;0.137826;0.000000;0.000000;0.000000;0.000000;2.000000;220.511871;-370.901978;1938.490479;0.145519;0.000000;0.000000;0.000000;0.000000;2.000000;415.324768;-290.774994;2005.725342;0.251312;0.000000;0.000000;0.000000;0.000000;2.000000;509.963104;-285.354401;2028.998657;0.210540;0.000000;0.000000;0.000000;0.000000;2.000000;599.943054;-252.668701;2057.865479;0.229013;0.000000;0.000000;0.000000;0.000000;2.000000;533.770508;-289.253693;2009.998047;0.234651;0.000000;0.000000;0.000000;0.000000;2.000000;-82.470947;-142.896118;1977.264282;0.040135;0.000000;0.000000;0.000000;0.000000;2.000000;-136.840820;220.911255;2059.325439;0.533950;0.000000;0.000000;0.000000;0.000000;1.000000;-24.027527;295.049194;1725.388428;0.982406;0.000000;0.000000;0.000000;0.000000;1.000000;-92.612488;451.622620;1768.822144;1.211788;0.000000;0.000000;0.000000;0.000000;1.000000;74.367676;-156.405914;2020.501709;0.036186;0.000000;0.000000;0.000000;0.000000;2.000000;68.733551;84.674622;2309.619141;0.220022;0.000000;0.000000;0.000000;0.000000;2.000000;93.522125;64.757507;1947.031372;1.552894;0.000000;0.000000;0.000000;0.000000;2.000000;67.602417;224.055664;1963.854126;1.918784;0.000000;0.000000;0.000000;0.000000;2.000000;-49.876831;-730.228149;2011.030273;0.053417;0.000000;0.000000;0.000000;0.000000;2.000000;18.731018;-801.423401;2125.526367;0.237431;0.000000;0.000000;0.000000;0.000000;2.000000;-20.270874;-827.149597;2101.160645;0.227734;0.000000;0.000000;0.000000;0.000000;1.000000;-117.977173;-795.226563;2040.512085;0.135754;0.000000;0.000000;0.000000;0.000000;1.000000;24.574524;-821.685303;2081.620605;0.184791;0.000000;0.000000;0.000000;0.000000;2.000000;17.769897;-785.735718;1963.823975;0.091059;0.000000;0.000000;0.000000;0.000000;1.000000;14938466304.000000
0.000000;-150.000031;2000.000000;0.000000;0.000000;0.000000;0.000000;0.000000;2.000000;-14.375061;-315.727234;2000.912598;0.053005;0.000000;0.000000;0.000000;0.000000;2.000000;-27.918823;-447.682556;2010.440308;0.087498;0.000000;0.000000;0.000000;0.000000;2.000000;-40.747742;-649.595337;2003.559204;0.165852;0.000000;0.000000;0.000000;0.000000;2.000000;-69.738220;-614.393372;2000.531738;0.147248;0.000000;0.000000;0.000000;0.000000;2.000000;-193.607727;-574.074829;1972.281616;0.247183;0.000000;0.000000;0.000000;0.000000;2.000000;-183.063416;-351.579834;1842.745972;0.127018;0.000000;0.000000;0.000000;0.000000;2.000000;-117.091003;-155.348846;1905.292358;0.204160;0.000000;0.000000;0.000000;0.000000;2.000000;-29.076355;-138.182220;1909.813477;0.302281;0.000000;0.000000;0.000000;0.000000;2.000000;71.030060;-143.634186;1919.829834;0.187700;0.000000;0.000000;0.000000;0.000000;2.000000;-9.683044;-203.692413;1890.583618;0.097793;0.000000;0.000000;0.000000;0.000000;2.000000;-7.417786;-618.012146;2006.903931;0.158559;0.000000;0.000000;0.000000;0.000000;2.000000;113.378967;-596.975708;2005.305786;0.239043;0.000000;0.000000;0.000000;0.000000;2.000000;222.444763;-366.932861;1941.152710;0.152561;0.000000;0.000000;0.000000;0.000000;2.000000;416.350525;-288.833435;2006.449707;0.068426;0.000000;0.000000;0.000000;0.000000;2.000000;508.656799;-279.607056;2033.663452;0.222436;0.000000;0.000000;0.000000;0.000000;2.000000;597.532654;-247.924805;2063.748535;0.234746;0.000000;0.000000;0.000000;0.000000;2.000000;533.672852;-285.284760;2015.413574;0.198713;0.000000;0.000000;0.000000;0.000000;2.000000;-82.419800;-142.959198;1980.352051;0.091407;0.000000;0.000000;0.000000;0.000000;2.000000;-132.846619;218.625549;2058.177734;0.140356;0.000000;0.000000;0.000000;0.000000;1.000000;-31.053467;283.955261;1722.560791;0.397508;0.000000;0.000000;0.000000;0.000000;1.000000;-98.997009;434.443481;1779.575928;0.628824;0.000000;0.000000;0.000000;0.000000;1.000000;74.321503;-156.349060;2017.717407;0.082424;0.000000;0.000000;0.000000;0.000000;2.000000;100.689484;92.236145;2294.400635;1.071064;0.000000;0.000000;0.000000;0.000000;2.000000;95.682098;65.440308;1934.932739;0.364254;0.000000;0.000000;0.000000;0.000000;2.000000;73.886993;219.843018;1973.849976;0.370985;0.000000;0.000000;0.000000;0.000000;2.000000;-46.800354;-724.877136;2013.436401;0.196045;0.000000;0.000000;0.000000;0.000000;2.000000;17.704712;-794.546021;2129.346191;0.234779;0.000000;0.000000;0.000000;0.000000;2.000000;-23.077026;-818.265869;2107.028809;0.325831;0.000000;0.000000;0.000000;0.000000;1.000000;-118.271362;-782.593994;2046.709595;0.416489;0.000000;0.000000;0.000000;0.000000;1.000000;21.287720;-817.100281;2086.852051;0.227679;0.000000;0.000000;0.000000;0.000000;2.000000;15.221924;-786.875000;1968.636719;0.164640;0.000000;0.000000;0.000000;0.000000;1.000000;14938500096.000000
0.000000;-149.999969;2000.000000;0.000002;0.000000;0.000000;0.000000;0.000000;2.000000;-13.216248;-316.160706;1999.907104;0.048654;0.000000;0.000000;0.000000;0.000000;2.000000;-25.840393;-448.512146;2008.915161;0.082647;0.000000;0.000000;0.000000;0.000000;2.000000;-38.005127;-650.850403;2001.402954;0.113148;0.000000;0.000000;0.000000;0.000000;2.000000;-67.232056;-615.681396;1998.931885;0.098885;0.000000;0.000000;0.000000;0.000000;2.000000;-191.887207;-575.697876;1972.454956;0.072376;0.000000;0.000000;0.000000;0.000000;2.000000;-180.907532;-352.412842;1843.286743;0.072438;0.000000;0.000000;0.000000;0.000000;2.000000;-115.535950;-154.893707;1903.879639;0.065603;0.000000;0.000000;0.000000;0.000000;2.000000;-27.259155;-138.599915;1909.862793;0.056923;0.000000;0.000000;0.000000;0.000000;2.000000;72.816895;-143.724152;1922.135498;0.089062;0.000000;0.000000;0.000000;0.000000;2.000000;-8.645630;-203.984283;1891.642090;0.046099;0.000000;0.000000;0.000000;0.000000;2.000000;-4.686768;-619.085449;2004.394897;0.117822;0.000000;0.000000;0.000000;0.000000;2.000000;116.203369;-597.384949;2000.935791;0.159282;0.000000;0.000000;0.000000;0.000000;2.000000;224.159882;-365.039978;1941.198486;0.077965;0.000000;0.000000;0.000000;0.000000;2.000000;418.880066;-286.503845;2005.005249;0.113827;0.000000;0.000000;0.000000;0.000000;2.000000;511.558777;-279.570343;2032.322876;0.097561;0.000000;0.000000;0.000000;0.000000;2.000000;599.096985;-245.687256;2064.512695;0.086520;0.000000;0.000000;0.000000;0.000000;2.000000;537.339539;-285.934021;2013.314087;0.130457;0.000000;0.000000;0.000000;0.000000;2.000000;-82.758728;-143.406769;1980.890747;0.023745;0.000000;0.000000;0.000000;0.000000;2.000000;-133.432251;217.325256;2065.786133;0.236233;0.000000;0.000000;0.000000;0.000000;1.000000;-33.562012;287.812744;1729.873901;0.263681;0.000000;0.000000;0.000000;0.000000;1.000000;-99.034485;442.301636;1779.701538;0.239845;0.000000;0.000000;0.000000;0.000000;1.000000;74.627228;-155.945343;2017.231567;0.021417;0.000000;0.000000;0.000000;0.000000;2.000000;88.281799;82.524414;2304.541992;0.571841;0.000000;0.000000;0.000000;0.000000;2.000000;97.560089;66.229370;1943.806396;0.277846;0.000000;0.000000;0.000000;0.000000;2.000000;83.766571;224.491943;1970.191162;0.351424;0.000000;0.000000;0.000000;0.000000;2.000000;-43.631348;-726.344788;2011.086792;0.128454;0.000000;0.000000;0.000000;0.000000;2.000000;26.338562;-801.122864;2120.869629;0.420269;0.000000;0.000000;0.000000;0.000000;2.000000;-9.578979;-827.310669;2093.321289;0.648742;0.000000;0.000000;0.000000;0.000000;1.000000;-106.897095;-797.911316;2032.544922;0.725158;0.000000;0.000000;0.000000;0.000000;1.000000;34.925232;-816.993408;2076.025391;0.531400;0.000000;0.000000;0.000000;0.000000;2.000000;28.859131;-772.162292;1962.277954;0.642227;0.000000;0.000000;0.000000;0.000000;1.000000;14938532864.000000
0.000000;-149.999969;2000.000000;0.000000;0.000000;0.000000;0.000000;0.000000;2.000000;-13.302246;-316.120331;1999.886841;0.002875;0.000000;0.000000;0.000000;0.000000;2.000000;-25.982544;-448.445862;2008.801392;0.005734;0.000000;0.000000;0.000000;0.000000;2.000000;-38.212219;-650.724609;2000.899414;0.016537;0.000000;0.000000;0.000000;0.000000;2.000000;-67.416626;-615.546936;1998.456665;0.015602;0.000000;0.000000;0.000000;0.000000;2.000000;-192.039917;-575.489441;1972.076538;0.013560;0.000000;0.000000;0.000000;0.000000;2.000000;-181.171570;-351.730225;1843.826172;0.026906;0.000000;0.000000;0.000000;0.000000;2.000000;-115.737244;-154.527527;1905.221558;0.041592;0.000000;0.000000;0.000000;0.000000;2.000000;-27.443481;-138.262115;1910.742920;0.028426;0.000000;0.000000;0.000000;0.000000;2.000000;72.702759;-143.161255;1922.350586;0.018149;0.000000;0.000000;0.000000;0.000000;2.000000;-9.030640;-203.419159;1891.972412;0.022473;0.000000;0.000000;0.000000;0.000000;2.000000;-4.892273;-618.984375;2003.992554;0.013700;0.000000;0.000000;0.000000;0.000000;2.000000;115.976105;-597.259338;2000.813232;0.008497;0.000000;0.000000;0.000000;0.000000;2.000000;223.883881;-364.696472;1942.076416;0.029069;0.000000;0.000000;0.000000;0.000000;2.000000;418.286011;-286.075439;2006.593262;0.051751;0.000000;0.000000;0.000000;0.000000;2.000000;510.438110;-278.630615;2035.445801;0.102049;0.000000;0.000000;0.000000;0.000000;2.000000;598.502869;-247.677704;2069.057617;0.147879;0.000000;0.000000;0.000000;0.000000;2.000000;536.000366;-285.018951;2018.287598;0.154809;0.000000;0.000000;0.000000;0.000000;2.000000;-82.728638;-143.362335;1980.851929;0.001960;0.000000;0.000000;0.000000;0.000000;2.000000;-133.427063;217.066223;2066.686035;0.027712;0.000000;0.000000;0.000000;0.000000;1.000000;-33.928345;289.221191;1731.093994;0.056199;0.000000;0.000000;0.000000;0.000000;1.000000;-99.482971;443.382996;1781.697510;0.068476;0.000000;0.000000;0.000000;0.000000;1.000000;74.600037;-155.985413;2017.266724;0.001771;0.000000;0.000000;0.000000;0.000000;2.000000;87.059631;82.726807;2304.332520;0.037180;0.000000;0.000000;0.000000;0.000000;2.000000;98.081665;65.993469;1943.738525;0.017059;0.000000;0.000000;0.000000;0.000000;2.000000;85.395874;224.245422;1970.542358;0.049860;0.000000;0.000000;0.000000;0.000000;2.000000;-43.878418;-726.219543;2010.434082;0.020983;0.000000;0.000000;0.000000;0.000000;2.000000;23.092529;-801.710510;2121.550537;0.099679;0.000000;0.000000;0.000000;0.000000;2.000000;-12.767883;-827.418213;2093.500000;0.094570;0.000000;0.000000;0.000000;0.000000;2.000000;-108.586792;-796.706055;2031.059692;0.075526;0.000000;0.000000;0.000000;0.000000;1.000000;32.160645;-817.854736;2076.909180;0.089593;0.000000;0.000000;0.000000;0.000000;2.000000;28.660278;-773.310913;1962.967529;0.040080;0.000000;0.000000;0.000000;0.000000;1.000000;14938566656.000000
0.000000;-149.999969;2000.000000;0.000000;0.000000;0.000000;0.000000;0.000000;2.000000;-13.755188;-317.311157;1999.736694;0.037964;0.000000;0.000000;0.000000;0.000000;2.000000;-26.959106;-450.528839;2009.257446;0.069404;0.000000;0.000000;0.000000;0.000000;2.000000;-38.112488;-654.327515;2000.503906;0.107301;0.000000;0.000000;0.000000;0.000000;2.000000;-67.682739;-619.036865;1997.782837;0.105479;0.000000;0.000000;0.000000;0.000000;2.000000;-193.921936;-581.901672;1969.873169;0.208232;0.000000;0.000000;0.000000;0.000000;2.000000;-177.195740;-354.599548;1844.690674;0.147334;0.000000;0.000000;0.000000;0.000000;2.000000;-119.142822;-153.913879;1907.832764;0.128287;0.000000;0.000000;0.000000;0.000000;2.000000;-29.962891;-138.386383;1911.823120;0.081204;0.000000;0.000000;0.000000;0.000000;2.000000;71.360291;-132.983734;1918.350708;0.326036;0.000000;0.000000;0.000000;0.000000;2.000000;-10.979980;-192.386780;1889.239258;0.341260;0.000000;0.000000;0.000000;0.000000;2.000000;-4.757324;-622.190796;2004.143677;0.095076;0.000000;0.000000;0.000000;0.000000;2.000000;116.678711;-598.436462;2002.497314;0.064261;0.000000;0.000000;0.000000;0.000000;2.000000;223.520325;-364.010681;1940.620361;0.048829;0.000000;0.000000;0.000000;0.000000;2.000000;419.074158;-284.604706;2006.185547;0.050831;0.000000;0.000000;0.000000;0.000000;2.000000;512.029480;-277.378540;2034.913086;0.061961;0.000000;0.000000;0.000000;0.000000;2.000000;601.529785;-244.594635;2064.966797;0.176077;0.000000;0.000000;0.000000;0.000000;2.000000;536.581360;-281.510651;2016.104492;0.123483;0.000000;0.000000;0.000000;0.000000;2.000000;-83.322021;-143.119476;1980.718506;0.019380;0.000000;0.000000;0.000000;0.000000;2.000000;-133.580566;219.452637;2069.731934;0.114597;0.000000;0.000000;0.000000;0.000000;1.000000;-35.845032;289.583801;1730.408691;0.061185;0.000000;0.000000;0.000000;0.000000;1.000000;-103.904236;442.013184;1787.053101;0.209475;0.000000;0.000000;0.000000;0.000000;1.000000;75.135071;-156.204376;2017.386841;0.017473;0.000000;0.000000;0.000000;0.000000;2.000000;88.459351;91.949524;2299.954590;0.304941;0.000000;0.000000;0.000000;0.000000;2.000000;97.878265;63.737976;1937.370117;0.200020;0.000000;0.000000;0.000000;0.000000;2.000000;88.279572;222.132263;1970.900391;0.106326;0.000000;0.000000;0.000000;0.000000;2.000000;-43.543640;-730.435730;2009.797241;0.126572;0.000000;0.000000;0.000000;0.000000;2.000000;23.993835;-803.201843;2123.844238;0.085243;0.000000;0.000000;0.000000;0.000000;2.000000;-10.763733;-830.487549;2095.184570;0.119385;0.000000;0.000000;0.000000;0.000000;1.000000;-106.930847;-803.182739;2030.097412;0.199868;0.000000;0.000000;0.000000;0.000000;1.000000;34.499573;-819.646851;2079.242676;0.111229;0.000000;0.000000;0.000000;0.000000;2.000000;31.861511;-776.109131;1963.928223;0.128995;0.000000;0.000000;0.000000;0.000000;1.000000;14938600448.000000
0.000000;-149.999969;2000.000000;0.000000;0.000000;0.000000;0.000000;0.000000;2.000000;-13.765320;-317.265381;1999.718872;0.001531;0.000000;0.000000;0.000000;0.000000;2.000000;-26.977356;-450.448090;2009.213501;0.002860;0.000000;0.000000;0.000000;0.000000;2.000000;-38.131653;-654.188721;2000.380859;0.005691;0.000000;0.000000;0.000000;0.000000;2.000000;-67.690735;-618.905151;1997.655029;0.005606;0.000000;0.000000;0.000000;0.000000;2.000000;-193.872742;-581.744812;1969.693115;0.007441;0.000000;0.000000;0.000000;0.000000;2.000000;-177.064392;-354.423279;1844.701050;0.006716;0.000000;0.000000;0.000000;0.000000;2.000000;-119.055176;-153.777649;1907.809570;0.004994;0.000000;0.000000;0.000000;0.000000;2.000000;-29.908264;-138.174988;1911.695190;0.007723;0.000000;0.000000;0.000000;0.000000;2.000000;71.389771;-132.624390;1918.064209;0.014054;0.000000;0.000000;0.000000;0.000000;2.000000;-10.535400;-191.695374;1889.353027;0.025325;0.000000;0.000000;0.000000;0.000000;2.000000;-4.786194;-622.063477;2004.051880;0.004870;0.000000;0.000000;0.000000;0.000000;2.000000;116.615723;-598.298645;2002.521973;0.004685;0.000000;0.000000;0.000000;0.000000;2.000000;223.421906;-363.830627;1941.047607;0.014464;0.000000;0.000000;0.000000;0.000000;2.000000;418.829590;-284.504456;2006.945557;0.024556;0.000000;0.000000;0.000000;0.000000;2.000000;511.616913;-277.316010;2036.133423;0.039359;0.000000;0.000000;0.000000;0.000000;2.000000;601.498108;-246.470764;2067.002930;0.084500;0.000000;0.000000;0.000000;0.000000;2.000000;536.186951;-281.445862;2017.608887;0.047503;0.000000;0.000000;0.000000;0.000000;2.000000;-83.294128;-143.112732;1980.702515;0.001003;0.000000;0.000000;0.000000;0.000000;2.000000;-133.558716;219.300049;2069.936035;0.007805;0.000000;0.000000;0.000000;0.000000;1.000000;-35.955811;289.796448;1730.752075;0.012781;0.000000;0.000000;0.000000;0.000000;1.000000;-104.046021;442.092041;1787.572754;0.016613;0.000000;0.000000;0.000000;0.000000;1.000000;75.110046;-156.210510;2017.401367;0.000903;0.000000;0.000000;0.000000;0.000000;2.000000;88.257660;91.698120;2300.059082;0.010340;0.000000;0.000000;0.000000;0.000000;2.000000;97.934296;63.694092;1937.562622;0.006263;0.000000;0.000000;0.000000;0.000000;2.000000;88.362244;222.072876;1970.964355;0.003669;0.000000;0.000000;0.000000;0.000000;2.000000;-43.570557;-730.279785;2009.640381;0.006800;0.000000;0.000000;0.000000;0.000000;2.000000;23.294373;-802.835693;2124.163086;0.025984;0.000000;0.000000;0.000000;0.000000;2.000000;-11.363770;-830.132935;2095.419922;0.022450;0.000000;0.000000;0.000000;0.000000;1.000000;-107.154358;-802.850586;2029.828247;0.014722;0.000000;0.000000;0.000000;0.000000;1.000000;33.979248;-819.410645;2079.666260;0.021707;0.000000;0.000000;0.000000;0.000000;2.000000;31.953735;-776.184021;1964.257690;0.010688;0.000000;0.000000;0.000000;0.000000;1.000000;14938633216.000000
0.000000;-150.000000;2000.000000;0.000001;0.000000;0.000000;0.000000;0.000000;2.000000;-13.722412;-316.974060;2001.048950;0.040314;0.000000;0.000000;0.000000;0.000000;2.000000;-26.478455;-450.009338;2009.931274;0.028944;0.000000;0.000000;0.000000;0.000000;2.000000;-37.941589;-653.344910;2000.367554;0.025599;0.000000;0.000000;0.000000;0.000000;2.000000;-67.400024;-618.067322;1997.831665;0.026759;0.000000;0.000000;0.000000;0.000000;2.000000;-193.842834;-582.250732;1970.419434;0.026209;0.000000;0.000000;0.000000;0.000000;2.000000;-178.197266;-356.588440;1843.225586;0.084473;0.000000;0.000000;0.000000;0.000000;2.000000;-122.422363;-156.194275;1907.823486;0.122652;0.000000;0.000000;0.000000;0.000000;2.000000;-33.583618;-139.790039;1911.809692;0.118850;0.000000;0.000000;0.000000;0.000000;2.000000;67.442413;-132.131256;1917.463501;0.119056;0.000000;0.000000;0.000000;0.000000;2.000000;-10.369446;-189.521027;1892.524780;0.113905;0.000000;0.000000;0.000000;0.000000;2.000000;-4.598267;-621.340332;2004.094116;0.022146;0.000000;0.000000;0.000000;0.000000;2.000000;116.977295;-599.661804;2002.699097;0.042063;0.000000;0.000000;0.000000;0.000000;2.000000;222.500031;-364.624023;1943.191772;0.072950;0.000000;0.000000;0.000000;0.000000;2.000000;416.019196;-282.414795;2009.842041;0.134491;0.000000;0.000000;0.000000;0.000000;2.000000;509.545349;-276.729767;2036.312744;0.063931;0.000000;0.000000;0.000000;0.000000;2.000000;598.647583;-251.028473;2073.036621;0.239141;0.000000;0.000000;0.000000;0.000000;2.000000;536.549072;-281.438416;2014.610474;0.089376;0.000000;0.000000;0.000000;0.000000;2.000000;-83.254639;-143.276367;1981.139648;0.013862;0.000000;0.000000;0.000000;0.000000;2.000000;-133.258972;218.204651;2071.539307;0.058142;0.000000;0.000000;0.000000;0.000000;1.000000;-37.996582;291.139526;1732.867188;0.095628;0.000000;0.000000;0.000000;0.000000;1.000000;-106.202637;442.929260;1789.955444;0.098278;0.000000;0.000000;0.000000;0.000000;1.000000;75.074402;-156.062988;2017.007446;0.012492;0.000000;0.000000;0.000000;0.000000;2.000000;86.576355;89.174744;2301.195801;0.095829;0.000000;0.000000;0.000000;0.000000;2.000000;97.131531;62.379944;1939.264893;0.067929;0.000000;0.000000;0.000000;0.000000;2.000000;86.007324;220.663452;1971.244507;0.081639;0.000000;0.000000;0.000000;0.000000;2.000000;-43.471436;-729.330017;2009.334595;0.029672;0.000000;0.000000;0.000000;0.000000;2.000000;15.089050;-801.552307;2128.188477;0.273118;0.000000;0.000000;0.000000;0.000000;2.000000;-13.024597;-830.171387;2094.225586;0.060548;0.000000;0.000000;0.000000;0.000000;2.000000;-101.948914;-807.970215;2018.247070;0.405142;0.000000;0.000000;0.000000;0.000000;1.000000;32.644714;-814.768066;2084.854736;0.209785;0.000000;0.000000;0.000000;0.000000;2.000000;40.860962;-766.001648;1972.189209;0.464077;0.000000;0.000000;0.000000;0.000000;1.000000;14938667008.000000
0.000000;-150.000000;2000.000000;0.000000;0.000000;0.000000;0.000000;0.000000;2.000000;-13.718628;-316.970398;2001.028931;0.000632;0.000000;0.000000;0.000000;0.000000;2.000000;-26.466431;-450.006165;2009.867065;0.001996;0.000000;0.000000;0.000000;0.000000;2.000000;-37.901672;-653.333862;2000.208618;0.005012;0.000000;0.000000;0.000000;0.000000;2.000000;-67.363220;-618.059692;1997.682251;0.004702;0.000000;0.000000;0.000000;0.000000;2.000000;-193.796692;-582.247803;1970.237061;0.005742;0.000000;0.000000;0.000000;0.000000;2.000000;-178.128174;-356.565643;1843.093872;0.004592;0.000000;0.000000;0.000000;0.000000;2.000000;-122.411133;-156.161377;1907.692749;0.004128;0.000000;0.000000;0.000000;0.000000;2.000000;-33.580200;-139.729004;1911.685059;0.004236;0.000000;0.000000;0.000000;0.000000;2.000000;67.438416;-131.986938;1917.314331;0.006335;0.000000;0.000000;0.000000;0.000000;2.000000;-10.351318;-189.455627;1892.401733;0.004288;0.000000;0.000000;0.000000;0.000000;2.000000;-4.564026;-621.327576;2003.957031;0.004330;0.000000;0.000000;0.000000;0.000000;2.000000;117.005188;-599.627441;2002.608154;0.003087;0.000000;0.000000;0.000000;0.000000;2.000000;222.493103;-364.532227;1943.295044;0.004222;0.000000;0.000000;0.000000;0.000000;2.000000;415.963959;-282.325836;2010.071289;0.007691;0.000000;0.000000;0.000000;0.000000;2.000000;509.448120;-276.632263;2036.679443;0.011954;0.000000;0.000000;0.000000;0.000000;2.000000;598.414734;-250.702057;2073.564453;0.020229;0.000000;0.000000;0.000000;0.000000;2.000000;536.452576;-281.377625;2015.113892;0.015752;0.000000;0.000000;0.000000;0.000000;2.000000;-83.250732;-143.276215;1981.131592;0.000273;0.000000;0.000000;0.000000;0.000000;2.000000;-133.272278;218.179626;2071.583984;0.001615;0.000000;0.000000;0.000000;0.000000;1.000000;-37.995056;291.195190;1732.942871;0.002867;0.000000;0.000000;0.000000;0.000000;1.000000;-106.211670;442.964355;1790.059937;0.003375;0.000000;0.000000;0.000000;0.000000;1.000000;75.070801;-156.063141;2017.014526;0.000242;0.000000;0.000000;0.000000;0.000000;2.000000;86.527985;89.143982;2301.219238;0.001890;0.000000;0.000000;0.000000;0.000000;2.000000;97.161774;62.391907;1939.296143;0.001376;0.000000;0.000000;0.000000;0.000000;2.000000;86.117523;220.686035;1971.230957;0.003458;0.000000;0.000000;0.000000;0.000000;2.000000;-43.423889;-729.321899;2009.139648;0.006129;0.000000;0.000000;0.000000;0.000000;2.000000;15.298279;-801.697510;2127.815430;0.013785;0.000000;0.000000;0.000000;0.000000;2.000000;-12.835083;-830.277588;2093.838135;0.013556;0.000000;0.000000;0.000000;0.000000;2.000000;-101.848694;-808.005249;2017.989502;0.008502;0.000000;0.000000;0.000000;0.000000;1.000000;32.815002;-814.835632;2084.443848;0.013729;0.000000;0.000000;0.000000;0.000000;2.000000;40.886871;-765.889343;1971.849243;0.010955;0.000000;0.000000;0.000000;0.000000;1.000000;14938699776.000000
0.000000;-150.000031;2000.000000;0.000001;0.000000;0.000000;0.000000;0.000000;2.000000;-14.466614;-316.805023;2000.595581;0.026045;0.000000;0.000000;0.000000;0.000000;2.000000;-27.823120;-449.720245;2009.082031;0.047150;0.000000;0.000000;0.000000;0.000000;2.000000;-39.919067;-652.613037;1994.839478;0.171069;0.000000;0.000000;0.000000;0.000000;2.000000;-69.214355;-617.201660;1992.881714;0.154360;0.000000;0.000000;0.000000;0.000000;2.000000;-195.538940;-581.552490;1965.132202;0.160944;0.000000;0.000000;0.000000;0.000000;2.000000;-176.178467;-354.506287;1841.297729;0.099339;0.000000;0.000000;0.000000;0.000000;2.000000;-124.426392;-153.884552;1908.029053;0.090528;0.000000;0.000000;0.000000;0.000000;2.000000;-36.001221;-136.045868;1913.461304;0.140626;0.000000;0.000000;0.000000;0.000000;2.000000;64.346680;-122.084137;1917.818481;0.307364;0.000000;0.000000;0.000000;0.000000;2.000000;-13.438354;-189.642181;1894.267700;0.106889;0.000000;0.000000;0.000000;0.000000;2.000000;-6.514526;-620.844421;1999.538452;0.143645;0.000000;0.000000;0.000000;0.000000;2.000000;114.680695;-597.511292;1999.172363;0.137809;0.000000;0.000000;0.000000;0.000000;2.000000;221.380249;-361.562256;1946.522217;0.133902;0.000000;0.000000;0.000000;0.000000;2.000000;413.250183;-274.590607;2011.402222;0.245762;0.000000;0.000000;0.000000;0.000000;2.000000;506.235565;-271.061829;2039.848877;0.212153;0.000000;0.000000;0.000000;0.000000;2.000000;592.457947;-243.127777;2081.333496;0.366295;0.000000;0.000000;0.000000;0.000000;2.000000;533.351624;-277.805267;2020.199707;0.205544;0.000000;0.000000;0.000000;0.000000;2.000000;-83.135803;-142.857605;1981.020142;0.013263;0.000000;0.000000;0.000000;0.000000;2.000000;-131.627563;218.109924;2073.268555;0.069702;0.000000;0.000000;0.000000;0.000000;1.000000;-38.464844;291.132690;1734.277100;0.041900;0.000000;0.000000;0.000000;0.000000;1.000000;-108.948669;440.408264;1794.776367;0.178220;0.000000;0.000000;0.000000;0.000000;1.000000;74.967194;-156.440674;2017.114990;0.011961;0.000000;0.000000;0.000000;0.000000;2.000000;90.949738;87.705933;2301.706055;0.138350;0.000000;0.000000;0.000000;0.000000;2.000000;96.625366;59.279175;1940.024902;0.095928;0.000000;0.000000;0.000000;0.000000;2.000000;84.681122;216.337158;1976.854980;0.214636;0.000000;0.000000;0.000000;0.000000;2.000000;-45.780273;-728.711487;2002.036987;0.222188;0.000000;0.000000;0.000000;0.000000;2.000000;5.422485;-803.226563;2122.734863;0.331758;0.000000;0.000000;0.000000;0.000000;2.000000;-24.019836;-830.234009;2088.630859;0.365104;0.000000;0.000000;0.000000;0.000000;2.000000;-109.759338;-802.876526;2010.815674;0.350579;0.000000;0.000000;0.000000;0.000000;2.000000;22.748169;-818.210571;2079.922363;0.341505;0.000000;0.000000;0.000000;0.000000;2.000000;36.342926;-771.680664;1966.918823;0.262186;0.000000;0.000000;0.000000;0.000000;1.000000;14938733568.000000
0.000000;-149.999969;2000.000000;0.000002;0.000000;0.000000;0.000000;0.000000;2.000000;-13.350586;-317.597229;1999.501343;0.053475;0.000000;0.000000;0.000000;0.000000;2.000000;-25.826172;-451.166473;2007.862183;0.083951;0.000000;0.000000;0.000000;0.000000;2.000000;-35.890442;-655.030884;1993.760376;0.147120;0.000000;0.000000;0.000000;0.000000;2.000000;-65.773010;-619.827515;1992.571655;0.132441;0.000000;0.000000;0.000000;0.000000;2.000000;-192.810852;-582.253845;1968.107300;0.125031;0.000000;0.000000;0.000000;0.000000;2.000000;-175.043884;-355.740570;1840.840820;0.053029;0.000000;0.000000;0.000000;0.000000;2.000000;-126.365906;-154.231659;1910.123901;0.087764;0.000000;0.000000;0.000000;0.000000;2.000000;-37.871582;-134.603912;1914.411011;0.077682;0.000000;0.000000;0.000000;0.000000;2.000000;61.984283;-114.658447;1915.005737;0.252824;0.000000;0.000000;0.000000;0.000000;2.000000;-19.973572;-180.963745;1881.381714;0.514357;0.000000;0.000000;0.000000;0.000000;2.000000;-2.621887;-622.730774;1997.633545;0.144241;0.000000;0.000000;0.000000;0.000000;2.000000;118.614502;-597.242920;1994.169922;0.194384;0.000000;0.000000;0.000000;0.000000;2.000000;223.556793;-358.650085;1944.454102;0.127647;0.000000;0.000000;0.000000;0.000000;2.000000;415.541107;-274.456238;2015.490723;0.143082;0.000000;0.000000;0.000000;0.000000;2.000000;509.666321;-267.692657;2040.820313;0.149708;0.000000;0.000000;0.000000;0.000000;2.000000;596.630676;-237.384979;2080.025879;0.220280;0.000000;0.000000;0.000000;0.000000;2.000000;532.746643;-275.707886;2028.719604;0.268405;0.000000;0.000000;0.000000;0.000000;2.000000;-83.843811;-143.268768;1982.427979;0.049701;0.000000;0.000000;0.000000;0.000000;2.000000;-132.602661;219.937073;2072.094238;0.072657;0.000000;0.000000;0.000000;0.000000;1.000000;-41.963196;289.060181;1730.029175;0.179454;0.000000;0.000000;0.000000;0.000000;1.000000;-111.725525;437.408875;1795.565674;0.127044;0.000000;0.000000;0.000000;0.000000;1.000000;75.605713;-156.069763;2015.845581;0.044817;0.000000;0.000000;0.000000;0.000000;2.000000;101.949493;95.871460;2294.882080;0.467066;0.000000;0.000000;0.000000;0.000000;2.000000;98.064178;57.816467;1932.544922;0.236703;0.000000;0.000000;0.000000;0.000000;2.000000;87.344360;214.781677;1972.937256;0.152163;0.000000;0.000000;0.000000;0.000000;2.000000;-40.670898;-731.513123;2001.092773;0.180148;0.000000;0.000000;0.000000;0.000000;2.000000;9.361206;-800.903198;2126.047363;0.172321;0.000000;0.000000;0.000000;0.000000;2.000000;-22.595032;-828.460632;2094.397461;0.189181;0.000000;0.000000;0.000000;0.000000;2.000000;-108.902588;-801.237488;2016.404663;0.179658;0.000000;0.000000;0.000000;0.000000;2.000000;24.753967;-819.841064;2083.837402;0.143170;0.000000;0.000000;0.000000;0.000000;2.000000;38.215881;-781.810852;1967.140259;0.314461;0.000000;0.000000;0.000000;0.000000;1.000000;14938766336.000000
0.000000;-150.000000;2000.000000;0.000001;0.000000;0.000000;0.000000;0.000000;2.000000;-13.351929;-318.311218;1998.925903;0.027137;0.000000;0.000000;0.000000;0.000000;2.000000;-26.045105;-452.407684;2007.711914;0.037562;0.000000;0.000000;0.000000;0.000000;2.000000;-36.166138;-657.093567;1992.925049;0.066359;0.000000;0.000000;0.000000;0.000000;2.000000;-66.182800;-621.740662;1991.923096;0.060998;0.000000;0.000000;0.000000;0.000000;2.000000;-194.192383;-585.209229;1967.788208;0.097003;0.000000;0.000000;0.000000;0.000000;2.000000;-172.742371;-359.795593;1836.918335;0.180312;0.000000;0.000000;0.000000;0.000000;2.000000;-127.417603;-157.336823;1908.602173;0.106960;0.000000;0.000000;0.000000;0.000000;2.000000;-38.868530;-136.943970;1915.544312;0.082405;0.000000;0.000000;0.000000;0.000000;2.000000;60.847748;-114.405334;1918.069458;0.096991;0.000000;0.000000;0.000000;0.000000;2.000000;-19.949280;-183.772980;1882.465820;0.089112;0.000000;0.000000;0.000000;0.000000;2.000000;-2.749756;-624.664612;1996.829590;0.062091;0.000000;0.000000;0.000000;0.000000;2.000000;118.785339;-598.115906;1992.943481;0.044835;0.000000;0.000000;0.000000;0.000000;2.000000;220.915863;-356.999451;1943.516235;0.096250;0.000000;0.000000;0.000000;0.000000;2.000000;415.654999;-275.805267;2013.475098;0.071854;0.000000;0.000000;0.000000;0.000000;2.000000;509.474762;-268.398163;2041.245483;0.025027;0.000000;0.000000;0.000000;0.000000;2.000000;595.248474;-238.338318;2084.176514;0.132499;0.000000;0.000000;0.000000;0.000000;2.000000;533.884277;-279.677460;2028.424438;0.122512;0.000000;0.000000;0.000000;0.000000;2.000000;-84.136597;-143.211090;1982.063721;0.013935;0.000000;0.000000;0.000000;0.000000;2.000000;-131.854736;220.671143;2076.196777;0.125304;0.000000;0.000000;0.000000;0.000000;1.000000;-42.500305;294.426880;1733.143799;0.184311;0.000000;0.000000;0.000000;0.000000;1.000000;-111.735657;446.467163;1792.513916;0.282864;0.000000;0.000000;0.000000;0.000000;1.000000;75.869659;-156.121887;2016.174072;0.012565;0.000000;0.000000;0.000000;0.000000;2.000000;91.734161;88.448242;2304.571777;0.471025;0.000000;0.000000;0.000000;0.000000;2.000000;97.976563;57.347229;1940.050171;0.222550;0.000000;0.000000;0.000000;0.000000;2.000000;87.961884;217.279358;1970.556763;0.103729;0.000000;0.000000;0.000000;0.000000;2.000000;-40.938721;-733.924438;2000.056763;0.078068;0.000000;0.000000;0.000000;0.000000;2.000000;12.133423;-806.216309;2122.875488;0.200654;0.000000;0.000000;0.000000;0.000000;2.000000;-20.404785;-833.339600;2091.069336;0.186406;0.000000;0.000000;0.000000;0.000000;2.000000;-108.737610;-804.718567;2015.091309;0.110211;0.000000;0.000000;0.000000;0.000000;2.000000;26.879578;-824.136475;2079.760254;0.186204;0.000000;0.000000;0.000000;0.000000;2.000000;37.903778;-783.119812;1963.262451;0.121468;0.000000;0.000000;0.000000;0.000000;1.000000;14938800128.000000
0.000000;-150.000031;2000.000000;0.000001;0.000000;0.000000;0.000000;0.000000;2.000000;-13.706055;-319.219543;1998.783203;0.030069;0.000000;0.000000;0.000000;0.000000;2.000000;-26.917236;-454.014832;2007.622559;0.055869;0.000000;0.000000;0.000000;0.000000;2.000000;-33.397095;-660.104797;1994.544556;0.134270;0.000000;0.000000;0.000000;0.000000;2.000000;-64.089172;-625.055542;1992.250854;0.120067;0.000000;0.000000;0.000000;0.000000;2.000000;-191.977661;-588.497253;1963.707642;0.173621;0.000000;0.000000;0.000000;0.000000;2.000000;-174.264099;-359.464508;1835.692383;0.060485;0.000000;0.000000;0.000000;0.000000;2.000000;-134.122253;-155.304260;1909.344116;0.215001;0.000000;0.000000;0.000000;0.000000;2.000000;-45.728943;-131.775848;1914.842041;0.262997;0.000000;0.000000;0.000000;0.000000;2.000000;54.611877;-109.510925;1917.971313;0.241939;0.000000;0.000000;0.000000;0.000000;2.000000;-27.233948;-174.598267;1877.489624;0.388430;0.000000;0.000000;0.000000;0.000000;2.000000;-0.448975;-626.925964;1999.166504;0.121568;0.000000;0.000000;0.000000;0.000000;2.000000;122.129730;-601.684326;1999.146729;0.241067;0.000000;0.000000;0.000000;0.000000;2.000000;220.571045;-359.044769;1942.273804;0.073786;0.000000;0.000000;0.000000;0.000000;2.000000;414.397919;-271.736023;2011.316895;0.145709;0.000000;0.000000;0.000000;0.000000;2.000000;508.169617;-264.710693;2041.193604;0.119384;0.000000;0.000000;0.000000;0.000000;2.000000;592.102173;-241.521301;2092.511230;0.288707;0.000000;0.000000;0.000000;0.000000;2.000000;532.872681;-283.078033;2024.125122;0.170110;0.000000;0.000000;0.000000;0.000000;2.000000;-84.221130;-143.036865;1980.308472;0.053891;0.000000;0.000000;0.000000;0.000000;2.000000;-134.651550;223.010315;2073.089111;0.146203;0.000000;0.000000;0.000000;0.000000;1.000000;-38.902222;296.676880;1729.621216;0.168310;0.000000;0.000000;0.000000;0.000000;1.000000;-106.207397;451.284302;1787.501831;0.271053;0.000000;0.000000;0.000000;0.000000;1.000000;75.945923;-156.279022;2017.756592;0.048588;0.000000;0.000000;0.000000;0.000000;2.000000;82.932800;93.181763;2305.072266;0.305360;0.000000;0.000000;0.000000;0.000000;2.000000;96.819092;55.956177;1939.299194;0.059792;0.000000;0.000000;0.000000;0.000000;2.000000;87.193878;217.015991;1968.824463;0.058384;0.000000;0.000000;0.000000;0.000000;2.000000;-37.200500;-737.354797;2002.351196;0.169931;0.000000;0.000000;0.000000;0.000000;2.000000;19.618164;-807.214844;2125.944092;0.248741;0.000000;0.000000;0.000000;0.000000;2.000000;-10.979980;-836.343140;2093.501953;0.310869;0.000000;0.000000;0.000000;0.000000;2.000000;-100.774719;-812.879272;2016.426147;0.350337;0.000000;0.000000;0.000000;0.000000;1.000000;35.971558;-823.973389;2082.632813;0.291027;0.000000;0.000000;0.000000;0.000000;2.000000;45.438171;-781.380127;1965.831665;0.248666;0.000000;0.000000;0.000000;0.000000;2.000000;14938832896.000000
0.000000;-149.999969;2000.000000;0.000002;0.000000;0.000000;0.000000;0.000000;2.000000;-13.699890;-319.192139;1998.733276;0.001695;0.000000;0.000000;0.000000;0.000000;2.000000;-26.891357;-453.974548;2007.460693;0.004995;0.000000;0.000000;0.000000;0.000000;2.000000;-33.316162;-660.017151;1994.139282;0.012502;0.000000;0.000000;0.000000;0.000000;2.000000;-64.011353;-624.978394;1991.879272;0.011464;0.000000;0.000000;0.000000;0.000000;2.000000;-191.879272;-588.423584;1963.344238;0.011353;0.000000;0.000000;0.000000;0.000000;2.000000;-174.203308;-359.276428;1835.616089;0.006270;0.000000;0.000000;0.000000;0.000000;2.000000;-134.141052;-155.217773;1909.485718;0.004942;0.000000;0.000000;0.000000;0.000000;2.000000;-45.768616;-131.681793;1915.039673;0.006583;0.000000;0.000000;0.000000;0.000000;2.000000;54.557281;-109.437958;1918.247681;0.008612;0.000000;0.000000;0.000000;0.000000;2.000000;-27.241211;-174.420319;1877.660889;0.007312;0.000000;0.000000;0.000000;0.000000;2.000000;-0.382813;-626.841125;1998.808472;0.011063;0.000000;0.000000;0.000000;0.000000;2.000000;122.166565;-601.557251;1998.861206;0.009312;0.000000;0.000000;0.000000;0.000000;2.000000;220.492706;-358.825073;1942.389648;0.007707;0.000000;0.000000;0.000000;0.000000;2.000000;414.196533;-271.468903;2011.600708;0.012982;0.000000;0.000000;0.000000;0.000000;2.000000;507.917572;-264.241821;2041.535522;0.018723;0.000000;0.000000;0.000000;0.000000;2.000000;591.748474;-240.876251;2092.907471;0.024727;0.000000;0.000000;0.000000;0.000000;2.000000;532.639160;-282.430634;2024.576660;0.024359;0.000000;0.000000;0.000000;0.000000;2.000000;-84.204773;-143.034210;1980.301147;0.000536;0.000000;0.000000;0.000000;0.000000;2.000000;-134.629150;222.944275;2073.103027;0.002104;0.000000;0.000000;0.000000;0.000000;1.000000;-38.740234;296.708679;1729.757690;0.006338;0.000000;0.000000;0.000000;0.000000;1.000000;-106.015442;451.294922;1787.640869;0.007021;0.000000;0.000000;0.000000;0.000000;1.000000;75.931152;-156.281342;2017.763184;0.000484;0.000000;0.000000;0.000000;0.000000;2.000000;83.057037;92.966248;2305.178955;0.008010;0.000000;0.000000;0.000000;0.000000;2.000000;96.753113;56.037598;1939.428467;0.004925;0.000000;0.000000;0.000000;0.000000;2.000000;87.100952;217.067078;1968.962769;0.005157;0.000000;0.000000;0.000000;0.000000;2.000000;-37.102051;-737.264771;2001.852295;0.015283;0.000000;0.000000;0.000000;0.000000;2.000000;19.963257;-807.552368;2125.058105;0.029858;0.000000;0.000000;0.000000;0.000000;2.000000;-10.666077;-836.570740;2092.561035;0.030116;0.000000;0.000000;0.000000;0.000000;2.000000;-100.592651;-812.872742;2015.741455;0.020967;0.000000;0.000000;0.000000;0.000000;1.000000;36.251221;-824.130249;2081.661621;0.030266;0.000000;0.000000;0.000000;0.000000;2.000000;45.489685;-781.087402;1965.028809;0.025335;0.000000;0.000000;0.000000;0.000000;1.000000;14938866688.000000
0.000000;-150.000000;2000.000000;0.000001;0.000000;0.000000;0.000000;0.000000;2.000000;-13.158325;-319.567200;1998.458496;0.021122;0.000000;0.000000;0.000000;0.000000;2.000000;-25.623291;-454.744049;2006.251709;0.056628;0.000000;0.000000;0.000000;0.000000;2.000000;-35.859680;-660.770630;1989.271973;0.164041;0.000000;0.000000;0.000000;0.000000;2.000000;-66.067139;-625.128479;1988.425903;0.119015;0.000000;0.000000;0.000000;0.000000;2.000000;-194.855347;-587.966614;1963.807983;0.090153;0.000000;0.000000;0.000000;0.000000;2.000000;-174.450500;-359.324280;1834.527588;0.033062;0.000000;0.000000;0.000000;0.000000;2.000000;-140.147400;-154.660004;1910.875000;0.183183;0.000000;0.000000;0.000000;0.000000;2.000000;-52.622925;-127.010773;1912.447632;0.257166;0.000000;0.000000;0.000000;0.000000;2.000000;48.918823;-110.130676;1916.480957;0.176055;0.000000;0.000000;0.000000;0.000000;2.000000;-31.636963;-172.441559;1877.290039;0.143076;0.000000;0.000000;0.000000;0.000000;2.000000;-2.201599;-628.167358;1993.732666;0.164315;0.000000;0.000000;0.000000;0.000000;2.000000;120.384216;-602.017578;1990.889526;0.242112;0.000000;0.000000;0.000000;0.000000;2.000000;219.842316;-357.116455;1944.095215;0.073990;0.000000;0.000000;0.000000;0.000000;2.000000;414.299774;-270.897736;2014.034058;0.074030;0.000000;0.000000;0.000000;0.000000;2.000000;508.927826;-263.617645;2041.651855;0.035310;0.000000;0.000000;0.000000;0.000000;2.000000;594.927979;-235.897034;2087.350098;0.240023;0.000000;0.000000;0.000000;0.000000;2.000000;534.122681;-282.292297;2025.807861;0.057198;0.000000;0.000000;0.000000;0.000000;2.000000;-84.661865;-143.261749;1981.464355;0.037593;0.000000;0.000000;0.000000;0.000000;2.000000;-133.755798;223.624817;2074.467285;0.051995;0.000000;0.000000;0.000000;0.000000;1.000000;-42.971313;303.233582;1730.281616;0.230655;0.000000;0.000000;0.000000;0.000000;1.000000;-111.715332;456.755920;1790.310059;0.246591;0.000000;0.000000;0.000000;0.000000;1.000000;76.343292;-156.076172;2016.714478;0.033893;0.000000;0.000000;0.000000;0.000000;2.000000;88.910950;89.188110;2308.330078;0.226288;0.000000;0.000000;0.000000;0.000000;2.000000;96.107635;59.283630;1941.027954;0.108778;0.000000;0.000000;0.000000;0.000000;2.000000;86.282806;220.433655;1971.619751;0.129205;0.000000;0.000000;0.000000;0.000000;2.000000;-40.761475;-738.229370;1995.666870;0.214586;0.000000;0.000000;0.000000;0.000000;2.000000;11.313293;-813.398132;2118.574219;0.363685;0.000000;0.000000;0.000000;0.000000;2.000000;-21.601685;-839.900146;2085.990723;0.390178;0.000000;0.000000;0.000000;0.000000;2.000000;-109.896484;-809.008057;2009.462769;0.351294;0.000000;0.000000;0.000000;0.000000;2.000000;26.181946;-830.984497;2074.956055;0.411474;0.000000;0.000000;0.000000;0.000000;2.000000;38.299133;-788.108154;1958.263428;0.358507;0.000000;0.000000;0.000000;0.000000;1.000000;14938900480.000000
0.000000;-149.999969;2000.000000;0.000001;0.000000;0.000000;0.000000;0.000000;2.000000;-12.914917;-318.292542;1999.537842;0.051510;0.000000;0.000000;0.000000;0.000000;2.000000;-25.105469;-452.425751;2007.776123;0.086136;0.000000;0.000000;0.000000;0.000000;2.000000;-31.245972;-657.175903;1992.631226;0.205836;0.000000;0.000000;0.000000;0.000000;2.000000;-61.895325;-622.399231;1991.360474;0.176540;0.000000;0.000000;0.000000;0.000000;2.000000;-189.309875;-585.000000;1965.703003;0.200452;0.000000;0.000000;0.000000;0.000000;2.000000;-171.456543;-356.751099;1839.460571;0.192815;0.000000;0.000000;0.000000;0.000000;2.000000;-139.007629;-154.731689;1918.745239;0.242696;0.000000;0.000000;0.000000;0.000000;2.000000;-53.356812;-123.977722;1914.542236;0.114696;0.000000;0.000000;0.000000;0.000000;2.000000;47.692871;-108.510437;1913.802368;0.102600;0.000000;0.000000;0.000000;0.000000;2.000000;-32.723877;-165.743103;1877.452026;0.207153;0.000000;0.000000;0.000000;0.000000;2.000000;1.505737;-624.145691;1996.924561;0.193266;0.000000;0.000000;0.000000;0.000000;2.000000;123.251129;-598.607239;1994.395630;0.173017;0.000000;0.000000;0.000000;0.000000;2.000000;221.906464;-356.019562;1945.583984;0.084575;0.000000;0.000000;0.000000;0.000000;2.000000;414.401428;-269.981506;2015.732056;0.058963;0.000000;0.000000;0.000000;0.000000;2.000000;507.612671;-261.898773;2045.197632;0.126774;0.000000;0.000000;0.000000;0.000000;2.000000;590.631042;-240.471558;2097.599609;0.366773;0.000000;0.000000;0.000000;0.000000;2.000000;531.734070;-278.766174;2027.542725;0.140344;0.000000;0.000000;0.000000;0.000000;2.000000;-84.004944;-143.502533;1981.484131;0.021360;0.000000;0.000000;0.000000;0.000000;2.000000;-132.919739;221.442993;2070.232422;0.147604;0.000000;0.000000;0.000000;0.000000;1.000000;-42.887268;303.524536;1729.380493;0.029012;0.000000;0.000000;0.000000;0.000000;1.000000;-108.690308;456.391846;1790.335571;0.092986;0.000000;0.000000;0.000000;0.000000;1.000000;75.750916;-155.859009;2016.696533;0.019262;0.000000;0.000000;0.000000;0.000000;2.000000;95.532532;88.716614;2304.684082;0.231131;0.000000;0.000000;0.000000;0.000000;2.000000;96.617706;58.856628;1940.127563;0.034163;0.000000;0.000000;0.000000;0.000000;2.000000;87.460327;218.862854;1970.226074;0.073473;0.000000;0.000000;0.000000;0.000000;2.000000;-34.656128;-734.067505;1999.613403;0.255641;0.000000;0.000000;0.000000;0.000000;2.000000;11.527100;-808.600342;2123.806641;0.216745;0.000000;0.000000;0.000000;0.000000;2.000000;-11.343262;-837.230957;2085.577881;0.323731;0.000000;0.000000;0.000000;0.000000;2.000000;-91.484192;-815.297974;1999.082520;0.672997;0.000000;0.000000;0.000000;0.000000;1.000000;34.923035;-820.030090;2082.358887;0.483689;0.000000;0.000000;0.000000;0.000000;2.000000;55.494019;-767.234497;1972.109131;0.927191;0.000000;0.000000;0.000000;0.000000;1.000000;14938933248.000000
0.000000;-150.000031;2000.000000;0.000002;0.000000;0.000000;0.000000;0.000000;2.000000;-12.544922;-319.354858;1998.425659;0.046812;0.000000;0.000000;0.000000;0.000000;2.000000;-24.658142;-454.317139;2006.872192;0.063432;0.000000;0.000000;0.000000;0.000000;2.000000;-33.880676;-660.016541;1989.181396;0.153519;0.000000;0.000000;0.000000;0.000000;2.000000;-64.236328;-624.587646;1988.651978;0.124168;0.000000;0.000000;0.000000;0.000000;2.000000;-193.083130;-587.753235;1965.010986;0.139735;0.000000;0.000000;0.000000;0.000000;2.000000;-166.255005;-358.196014;1839.390137;0.159770;0.000000;0.000000;0.000000;0.000000;2.000000;-138.785034;-155.428772;1922.310913;0.107717;0.000000;0.000000;0.000000;0.000000;2.000000;-54.944946;-118.767303;1916.951050;0.176252;0.000000;0.000000;0.000000;0.000000;2.000000;47.571747;-110.418427;1917.580444;0.125304;0.000000;0.000000;0.000000;0.000000;2.000000;-30.966370;-162.757172;1878.220215;0.105022;0.000000;0.000000;0.000000;0.000000;2.000000;-0.422241;-627.300354;1993.563599;0.147861;0.000000;0.000000;0.000000;0.000000;2.000000;122.105652;-601.875427;1990.090454;0.163506;0.000000;0.000000;0.000000;0.000000;2.000000;221.316284;-356.755371;1946.349243;0.035945;0.000000;0.000000;0.000000;0.000000;2.000000;415.648224;-270.336853;2015.297607;0.040462;0.000000;0.000000;0.000000;0.000000;2.000000;503.506653;-251.561768;2056.150879;0.461957;0.000000;0.000000;0.000000;0.000000;2.000000;591.249756;-235.633881;2103.787109;0.233148;0.000000;0.000000;0.000000;0.000000;2.000000;528.110352;-285.130737;2028.001831;0.217159;0.000000;0.000000;0.000000;0.000000;2.000000;-84.569824;-143.564026;1981.554688;0.016944;0.000000;0.000000;0.000000;0.000000;2.000000;-135.106384;223.318909;2071.372070;0.091686;0.000000;0.000000;0.000000;0.000000;1.000000;-44.053406;303.960205;1728.084595;0.053177;0.000000;0.000000;0.000000;0.000000;1.000000;-113.564270;455.853943;1790.519653;0.145212;0.000000;0.000000;0.000000;0.000000;1.000000;76.260345;-155.803619;2016.633057;0.015280;0.000000;0.000000;0.000000;0.000000;2.000000;91.045197;91.414551;2305.728760;0.158000;0.000000;0.000000;0.000000;0.000000;2.000000;97.639587;57.348450;1939.339355;0.058741;0.000000;0.000000;0.000000;0.000000;2.000000;85.809540;217.826599;1971.381958;0.067059;0.000000;0.000000;0.000000;0.000000;2.000000;-38.324280;-737.406982;1995.295410;0.194622;0.000000;0.000000;0.000000;0.000000;2.000000;2.546692;-811.661438;2122.625977;0.282936;0.000000;0.000000;0.000000;0.000000;2.000000;-27.495667;-838.265137;2087.575928;0.482609;0.000000;0.000000;0.000000;0.000000;2.000000;-108.588257;-807.717041;2003.591675;0.569500;0.000000;0.000000;0.000000;0.000000;2.000000;21.026917;-829.623169;2080.657227;0.502228;0.000000;0.000000;0.000000;0.000000;2.000000;43.335876;-787.791626;1965.299072;0.734947;0.000000;0.000000;0.000000;0.000000;1.000000;14938967040.000000
0.000000;-150.000031;2000.000000;0.000000;0.000000;0.000000;0.000000;0.000000;2.000000;-12.607422;-317.100830;1999.187012;0.072631;0.000000;0.000000;0.000000;0.000000;2.000000;-24.334839;-450.346100;2006.683105;0.121724;0.000000;0.000000;0.000000;0.000000;2.000000;-27.713562;-653.696167;1991.711914;0.280337;0.000000;0.000000;0.000000;0.000000;2.000000;-58.596741;-619.576050;1990.396240;0.236316;0.000000;0.000000;0.000000;0.000000;2.000000;-185.947632;-585.475342;1964.920654;0.228602;0.000000;0.000000;0.000000;0.000000;2.000000;-171.384460;-358.539581;1839.761719;0.157299;0.000000;0.000000;0.000000;0.000000;2.000000;-148.438599;-157.305573;1920.018311;0.308167;0.000000;0.000000;0.000000;0.000000;2.000000;-69.504578;-113.159973;1921.258911;0.493954;0.000000;0.000000;0.000000;0.000000;2.000000;31.803406;-110.670227;1915.603638;0.485039;0.000000;0.000000;0.000000;0.000000;2.000000;-32.737610;-160.015961;1880.605713;0.123369;0.000000;0.000000;0.000000;0.000000;2.000000;4.359558;-620.472900;1996.006958;0.265081;0.000000;0.000000;0.000000;0.000000;2.000000;124.553528;-592.059937;1993.667969;0.327456;0.000000;0.000000;0.000000;0.000000;2.000000;225.201630;-352.018005;1946.763428;0.187404;0.000000;0.000000;0.000000;0.000000;2.000000;415.247253;-264.771362;2017.068237;0.178653;0.000000;0.000000;0.000000;0.000000;2.000000;501.514679;-248.373627;2059.180664;0.147346;0.000000;0.000000;0.000000;0.000000;2.000000;588.842651;-235.681488;2105.716797;0.094161;0.000000;0.000000;0.000000;0.000000;2.000000;527.214417;-283.434265;2027.766846;0.058986;0.000000;0.000000;0.000000;0.000000;2.000000;-83.658997;-143.604462;1982.800781;0.047120;0.000000;0.000000;0.000000;0.000000;2.000000;-129.327942;219.470703;2069.374756;0.220464;0.000000;0.000000;0.000000;0.000000;1.000000;-47.777100;306.841187;1730.454590;0.160856;0.000000;0.000000;0.000000;0.000000;1.000000;-112.416321;457.074036;1795.392822;0.157259;0.000000;0.000000;0.000000;0.000000;1.000000;75.438965;-155.767181;2015.509399;0.042491;0.000000;0.000000;0.000000;0.000000;2.000000;100.055023;92.318481;2296.485352;0.394887;0.000000;0.000000;0.000000;0.000000;2.000000;95.588593;70.513794;1934.011841;0.437920;0.000000;0.000000;0.000000;0.000000;2.000000;87.019592;228.003418;1970.555054;0.313776;0.000000;0.000000;0.000000;0.000000;2.000000;-30.095764;-730.072266;1998.666870;0.351778;0.000000;0.000000;0.000000;0.000000;2.000000;14.571594;-817.780640;2113.095459;0.504116;0.000000;0.000000;0.000000;0.000000;2.000000;-6.642212;-841.751465;2071.388184;0.812630;0.000000;0.000000;0.000000;0.000000;2.000000;-84.706726;-811.101563;1986.853882;0.895958;0.000000;0.000000;0.000000;0.000000;1.000000;38.967041;-823.540710;2071.461426;0.642616;0.000000;0.000000;0.000000;0.000000;2.000000;60.703186;-757.688171;1969.790527;1.069429;0.000000;0.000000;0.000000;0.000000;1.000000;14938999808.000000
0.000000;-150.000000;2000.000000;0.000001;0.000000;0.000000;0.000000;0.000000;2.000000;-12.694092;-317.165100;1998.408691;0.023253;0.000000;0.000000;0.000000;0.000000;2.000000;-24.508850;-450.510406;2005.026245;0.049540;0.000000;0.000000;0.000000;0.000000;2.000000;-28.066162;-653.979980;1990.461182;0.039362;0.000000;0.000000;0.000000;0.000000;2.000000;-58.935608;-619.821228;1989.091431;0.040548;0.000000;0.000000;0.000000;0.000000;2.000000;-186.303650;-585.441528;1963.755371;0.036071;0.000000;0.000000;0.000000;0.000000;2.000000;-168.532593;-358.497467;1838.781006;0.089254;0.000000;0.000000;0.000000;0.000000;2.000000;-147.283630;-156.899109;1918.859375;0.049891;0.000000;0.000000;0.000000;0.000000;2.000000;-68.593506;-112.220001;1918.667969;0.085904;0.000000;0.000000;0.000000;0.000000;2.000000;32.839844;-110.014343;1914.511719;0.048596;0.000000;0.000000;0.000000;0.000000;2.000000;-32.095886;-159.322815;1879.789307;0.036947;0.000000;0.000000;0.000000;0.000000;2.000000;4.051453;-620.759705;1994.674805;0.041343;0.000000;0.000000;0.000000;0.000000;2.000000;124.032928;-591.266846;1991.874268;0.060048;0.000000;0.000000;0.000000;0.000000;2.000000;225.854828;-351.319366;1946.361938;0.030696;0.000000;0.000000;0.000000;0.000000;2.000000;414.786194;-263.615112;2019.363525;0.077270;0.000000;0.000000;0.000000;0.000000;2.000000;503.188599;-248.781189;2057.547363;0.070253;0.000000;0.000000;0.000000;0.000000;2.000000;575.785400;-227.541504;2122.666504;0.677438;0.000000;0.000000;0.000000;0.000000;2.000000;527.661743;-278.609528;2029.881958;0.156456;0.000000;0.000000;0.000000;0.000000;2.000000;-83.544922;-143.485535;1982.110718;0.020995;0.000000;0.000000;0.000000;0.000000;2.000000;-128.042664;219.830017;2069.028320;0.040802;0.000000;0.000000;0.000000;0.000000;1.000000;-47.647339;309.560364;1730.275391;0.080734;0.000000;0.000000;0.000000;0.000000;1.000000;-111.380432;460.489075;1794.710327;0.107522;0.000000;0.000000;0.000000;0.000000;1.000000;75.336121;-155.874420;2016.131470;0.018927;0.000000;0.000000;0.000000;0.000000;2.000000;98.628998;89.393372;2299.908691;0.139774;0.000000;0.000000;0.000000;0.000000;2.000000;92.980896;70.512329;1937.122314;0.120116;0.000000;0.000000;0.000000;0.000000;2.000000;85.982361;228.494446;1972.169678;0.058620;0.000000;0.000000;0.000000;0.000000;2.000000;-30.509583;-730.374573;1997.574951;0.035695;0.000000;0.000000;0.000000;0.000000;2.000000;8.331177;-823.449341;2109.962646;0.266157;0.000000;0.000000;0.000000;0.000000;2.000000;-4.709351;-845.473877;2064.011230;0.251124;0.000000;0.000000;0.000000;0.000000;2.000000;-74.209106;-814.894165;1972.212402;0.544827;0.000000;0.000000;0.000000;0.000000;1.000000;38.326996;-823.051270;2071.701172;0.024877;0.000000;0.000000;0.000000;0.000000;2.000000;65.702545;-746.446594;1979.277954;0.459764;0.000000;0.000000;0.000000;0.000000;1.000000;14939033600.000000
0.000000;-150.000031;2000.000000;0.000001;0.000000;0.000000;0.000000;0.000000;2.000000;-12.477173;-317.067322;1998.497192;0.007747;0.000000;0.000000;0.000000;0.000000;2.000000;-24.100647;-450.336548;2005.130615;0.013910;0.000000;0.000000;0.000000;0.000000;2.000000;-27.374573;-653.662842;1990.452393;0.023220;0.000000;0.000000;0.000000;0.000000;2.000000;-58.271729;-619.570313;1989.118408;0.021674;0.000000;0.000000;0.000000;0.000000;2.000000;-185.558655;-585.309998;1963.699707;0.023149;0.000000;0.000000;0.000000;0.000000;2.000000;-168.515320;-358.400879;1838.929688;0.005436;0.000000;0.000000;0.000000;0.000000;2.000000;-147.690674;-156.808502;1918.728638;0.013337;0.000000;0.000000;0.000000;0.000000;2.000000;-69.596497;-111.237305;1920.055542;0.060245;0.000000;0.000000;0.000000;0.000000;2.000000;31.778137;-110.782410;1915.612427;0.052226;0.000000;0.000000;0.000000;0.000000;2.000000;-32.693909;-159.536530;1879.232300;0.025779;0.000000;0.000000;0.000000;0.000000;2.000000;4.675964;-620.422546;1994.669067;0.021659;0.000000;0.000000;0.000000;0.000000;2.000000;124.532898;-590.778625;1991.859497;0.021331;0.000000;0.000000;0.000000;0.000000;2.000000;225.993652;-350.790588;1946.808472;0.021542;0.000000;0.000000;0.000000;0.000000;2.000000;414.922729;-263.668030;2020.056030;0.021601;0.000000;0.000000;0.000000;0.000000;2.000000;504.590668;-250.151184;2055.510254;0.086276;0.000000;0.000000;0.000000;0.000000;2.000000;581.848755;-231.371674;2115.733398;0.304416;0.000000;0.000000;0.000000;0.000000;2.000000;525.726135;-278.953278;2032.763306;0.106449;0.000000;0.000000;0.000000;0.000000;2.000000;-83.510681;-143.602936;1982.189209;0.004435;0.000000;0.000000;0.000000;0.000000;2.000000;-128.146729;219.450562;2069.017578;0.012012;0.000000;0.000000;0.000000;0.000000;1.000000;-49.522949;309.995422;1730.326538;0.058779;0.000000;0.000000;0.000000;0.000000;1.000000;-112.689026;460.770996;1795.346924;0.045236;0.000000;0.000000;0.000000;0.000000;1.000000;75.305206;-155.768585;2016.060913;0.003995;0.000000;0.000000;0.000000;0.000000;2.000000;101.279480;89.404419;2299.346680;0.082685;0.000000;0.000000;0.000000;0.000000;2.000000;91.185150;71.014893;1936.880127;0.057385;0.000000;0.000000;0.000000;0.000000;2.000000;86.095947;228.795471;1972.645874;0.017538;0.000000;0.000000;0.000000;0.000000;2.000000;-29.705200;-730.012939;1997.515625;0.026975;0.000000;0.000000;0.000000;0.000000;2.000000;11.107666;-824.399658;2107.954834;0.108513;0.000000;0.000000;0.000000;0.000000;2.000000;-2.601074;-845.834045;2061.960205;0.090433;0.000000;0.000000;0.000000;0.000000;2.000000;-73.574646;-814.243774;1971.750366;0.031107;0.000000;0.000000;0.000000;0.000000;1.000000;40.470154;-823.420654;2069.257080;0.099840;0.000000;0.000000;0.000000;0.000000;2.000000;66.175598;-745.585938;1977.496460;0.062081;0.000000;0.000000;0.000000;0.000000;1.000000;14939066368.000000
0.000000;-150.000031;2000.000000;0.000000;0.000000;0.000000;0.000000;0.000000;2.000000;-12.476868;-317.067322;1998.496948;0.000012;0.000000;0.000000;0.000000;0.000000;2.000000;-24.100037;-450.336609;2005.129639;0.000034;0.000000;0.000000;0.000000;0.000000;2.000000;-27.373352;-653.662781;1990.449097;0.000104;0.000000;0.000000;0.000000;0.000000;2.000000;-58.270630;-619.570313;1989.115479;0.000093;0.000000;0.000000;0.000000;0.000000;2.000000;-185.557617;-585.309875;1963.697876;0.000062;0.000000;0.000000;0.000000;0.000000;2.000000;-168.515137;-358.397675;1838.933105;0.000139;0.000000;0.000000;0.000000;0.000000;2.000000;-147.690857;-156.807892;1918.738770;0.000300;0.000000;0.000000;0.000000;0.000000;2.000000;-69.596619;-111.236847;1920.071289;0.000466;0.000000;0.000000;0.000000;0.000000;2.000000;31.778076;-110.782562;1915.629883;0.000517;0.000000;0.000000;0.000000;0.000000;2.000000;-32.692688;-159.533661;1879.245239;0.000394;0.000000;0.000000;0.000000;0.000000;2.000000;4.677063;-620.422485;1994.666260;0.000089;0.000000;0.000000;0.000000;0.000000;2.000000;124.533966;-590.778198;1991.857300;0.000073;0.000000;0.000000;0.000000;0.000000;2.000000;225.994202;-350.789215;1946.810181;0.000067;0.000000;0.000000;0.000000;0.000000;2.000000;414.922852;-263.667603;2020.059814;0.000113;0.000000;0.000000;0.000000;0.000000;2.000000;504.590637;-250.151611;2055.514648;0.000131;0.000000;0.000000;0.000000;0.000000;2.000000;581.848877;-231.373596;2115.738037;0.000149;0.000000;0.000000;0.000000;0.000000;2.000000;525.725647;-278.950989;2032.770508;0.000224;0.000000;0.000000;0.000000;0.000000;2.000000;-83.510620;-143.603027;1982.189087;0.000005;0.000000;0.000000;0.000000;0.000000;2.000000;-128.147339;219.450256;2069.018311;0.000030;0.000000;0.000000;0.000000;0.000000;1.000000;-49.524475;309.996338;1730.327271;0.000057;0.000000;0.000000;0.000000;0.000000;1.000000;-112.690735;460.771606;1795.348267;0.000067;0.000000;0.000000;0.000000;0.000000;1.000000;75.305267;-155.768463;2016.060913;0.000004;0.000000;0.000000;0.000000;0.000000;2.000000;101.277496;89.403137;2299.348145;0.000082;0.000000;0.000000;0.000000;0.000000;2.000000;91.184235;71.017273;1936.881592;0.000087;0.000000;0.000000;0.000000;0.000000;2.000000;86.095459;228.797913;1972.647095;0.000082;0.000000;0.000000;0.000000;0.000000;2.000000;-29.703735;-730.012939;1997.511597;0.000127;0.000000;0.000000;0.000000;0.000000;2.000000;11.117249;-824.401733;2107.945801;0.000395;0.000000;0.000000;0.000000;0.000000;2.000000;-2.593201;-845.835205;2061.951172;0.000356;0.000000;0.000000;0.000000;0.000000;2.000000;-73.572266;-814.244263;1971.745972;0.000149;0.000000;0.000000;0.000000;0.000000;1.000000;40.477722;-823.420837;2069.246582;0.000383;0.000000;0.000000;0.000000;0.000000;2.000000;66.176392;-745.582825;1977.486938;0.000297;0.000000;0.000000;0.000000;0.000000;1.000000;14939100160.000000
0.000000;-149.999969;2000.000000;0.000002;0.000000;0.000000;0.000000;0.000000;2.000000;-12.450134;-317.098389;1998.503540;0.001267;0.000000;0.000000;0.000000;0.000000;2.000000;-24.060425;-450.390198;2005.175537;0.002469;0.000000;0.000000;0.000000;0.000000;2.000000;-27.292175;-653.758057;1990.573486;0.005385;0.000000;0.000000;0.000000;0.000000;2.000000;-58.200195;-619.665710;1989.212280;0.004672;0.000000;0.000000;0.000000;0.000000;2.000000;-185.498840;-585.407654;1963.726929;0.003593;0.000000;0.000000;0.000000;0.000000;2.000000;-168.401001;-358.499329;1838.869263;0.005055;0.000000;0.000000;0.000000;0.000000;2.000000;-147.602905;-156.833954;1918.593506;0.005243;0.000000;0.000000;0.000000;0.000000;2.000000;-69.513306;-111.223511;1919.910278;0.005547;0.000000;0.000000;0.000000;0.000000;2.000000;31.877869;-110.875427;1915.432983;0.007308;0.000000;0.000000;0.000000;0.000000;2.000000;-32.623047;-159.649963;1879.022461;0.007958;0.000000;0.000000;0.000000;0.000000;2.000000;4.756104;-620.504639;1994.791870;0.005177;0.000000;0.000000;0.000000;0.000000;2.000000;124.627289;-590.822632;1992.053711;0.006773;0.000000;0.000000;0.000000;0.000000;2.000000;226.040771;-350.744324;1947.108643;0.009320;0.000000;0.000000;0.000000;0.000000;2.000000;414.903473;-263.554504;2020.562134;0.015724;0.000000;0.000000;0.000000;0.000000;2.000000;504.518463;-249.977417;2056.173340;0.020909;0.000000;0.000000;0.000000;0.000000;2.000000;581.848938;-231.229492;2116.341797;0.018943;0.000000;0.000000;0.000000;0.000000;2.000000;525.590942;-278.582428;2033.885376;0.036069;0.000000;0.000000;0.000000;0.000000;2.000000;-83.523010;-143.617188;1982.170532;0.000806;0.000000;0.000000;0.000000;0.000000;2.000000;-128.248230;219.490295;2069.009277;0.003324;0.000000;0.000000;0.000000;0.000000;1.000000;-49.657043;310.114136;1730.265381;0.005732;0.000000;0.000000;0.000000;0.000000;1.000000;-112.861694;460.889282;1795.332031;0.006353;0.000000;0.000000;0.000000;0.000000;1.000000;75.316315;-155.755585;2016.077637;0.000727;0.000000;0.000000;0.000000;0.000000;2.000000;101.158112;89.253357;2299.603516;0.009742;0.000000;0.000000;0.000000;0.000000;2.000000;91.021790;71.022522;1937.067261;0.007530;0.000000;0.000000;0.000000;0.000000;2.000000;85.768402;228.775757;1973.056152;0.015997;0.000000;0.000000;0.000000;0.000000;2.000000;-29.612610;-730.119019;1997.666992;0.006380;0.000000;0.000000;0.000000;0.000000;2.000000;11.196655;-824.488281;2108.158203;0.007407;0.000000;0.000000;0.000000;0.000000;1.000000;-2.499939;-845.939941;2062.157471;0.007613;0.000000;0.000000;0.000000;0.000000;1.000000;-73.469666;-814.377930;1971.907471;0.007123;0.000000;0.000000;0.000000;0.000000;1.000000;40.573273;-823.513794;2069.460449;0.007691;0.000000;0.000000;0.000000;0.000000;1.000000;66.292114;-745.683777;1977.670898;0.007313;0.000000;0.000000;0.000000;0.000000;1.000000;14939132928.000000
0.000000;-150.000000;2000.000000;0.000001;0.000000;0.000000;0.000000;0.000000;2.000000;-12.450073;-317.097565;1998.503418;0.000025;0.000000;0.000000;0.000000;0.000000;2.000000;-24.060364;-450.388641;2005.175415;0.000046;0.000000;0.000000;0.000000;0.000000;2.000000;-27.291504;-653.755432;1990.572998;0.000081;0.000000;0.000000;0.000000;0.000000;2.000000;-58.199402;-619.663269;1989.211182;0.000083;0.000000;0.000000;0.000000;0.000000;2.000000;-185.497131;-585.405273;1963.724487;0.000113;0.000000;0.000000;0.000000;0.000000;2.000000;-168.397705;-358.497345;1838.869263;0.000114;0.000000;0.000000;0.000000;0.000000;2.000000;-147.600586;-156.833740;1918.595093;0.000083;0.000000;0.000000;0.000000;0.000000;2.000000;-69.511169;-111.223907;1919.913574;0.000117;0.000000;0.000000;0.000000;0.000000;2.000000;31.879517;-110.878693;1915.437744;0.000178;0.000000;0.000000;0.000000;0.000000;2.000000;-32.620300;-159.651703;1879.026733;0.000159;0.000000;0.000000;0.000000;0.000000;2.000000;4.756531;-620.502136;1994.791992;0.000075;0.000000;0.000000;0.000000;0.000000;2.000000;124.627045;-590.819702;1992.057495;0.000142;0.000000;0.000000;0.000000;0.000000;2.000000;226.039398;-350.740234;1947.124023;0.000473;0.000000;0.000000;0.000000;0.000000;2.000000;414.897705;-263.552124;2020.587402;0.000770;0.000000;0.000000;0.000000;0.000000;2.000000;504.508575;-249.973755;2056.207031;0.001045;0.000000;0.000000;0.000000;0.000000;2.000000;581.855286;-231.237030;2116.357422;0.000547;0.000000;0.000000;0.000000;0.000000;2.000000;525.582397;-278.572571;2033.927856;0.001315;0.000000;0.000000;0.000000;0.000000;2.000000;-83.522461;-143.617279;1982.170166;0.000020;0.000000;0.000000;0.000000;0.000000;2.000000;-128.248047;219.488159;2069.008301;0.000070;0.000000;0.000000;0.000000;0.000000;1.000000;-49.656921;310.112915;1730.267090;0.000062;0.000000;0.000000;0.000000;0.000000;1.000000;-112.861450;460.886902;1795.333984;0.000091;0.000000;0.000000;0.000000;0.000000;1.000000;75.315857;-155.755615;2016.078003;0.000017;0.000000;0.000000;0.000000;0.000000;2.000000;101.158844;89.248840;2299.604980;0.000142;0.000000;0.000000;0.000000;0.000000;2.000000;91.019501;71.023926;1937.070557;0.000126;0.000000;0.000000;0.000000;0.000000;2.000000;85.768066;228.775269;1973.063599;0.000221;0.000000;0.000000;0.000000;0.000000;2.000000;-29.611938;-730.115967;1997.666260;0.000095;0.000000;0.000000;0.000000;0.000000;2.000000;11.187134;-824.475220;2108.168457;0.000566;0.000000;0.000000;0.000000;0.000000;2.000000;-2.503174;-845.930542;2062.167969;0.000428;0.000000;0.000000;0.000000;0.000000;2.000000;-73.462769;-814.377930;1971.907837;0.000204;0.000000;0.000000;0.000000;0.000000;1.000000;40.568176;-823.502502;2069.474609;0.000557;0.000000;0.000000;0.000000;0.000000;2.000000;66.295197;-745.678833;1977.682861;0.000394;0.000000;0.000000;0.000000;0.000000;1.000000;14939166720.000000
0.000000;-150.000000;2000.000000;0.000000;0.000000;0.000000;0.000000;0.000000;2.000000;-12.450073;-317.097565;1998.503418;0.000000;0.000000;0.000000;0.000000;0.000000;2.000000;-24.060364;-450.388641;2005.175415;0.000000;0.000000;0.000000;0.000000;0.000000;2.000000;-27.291504;-653.755432;1990.572998;0.000000;0.000000;0.000000;0.000000;0.000000;2.000000;-58.199402;-619.663269;1989.211182;0.000000;0.000000;0.000000;0.000000;0.000000;2.000000;-185.497131;-585.405273;1963.724487;0.000000;0.000000;0.000000;0.000000;0.000000;2.000000;-168.397705;-358.497345;1838.869263;0.000000;0.000000;0.000000;0.000000;0.000000;2.000000;-147.600586;-156.833740;1918.595093;0.000000;0.000000;0.000000;0.000000;0.000000;2.000000;-69.511169;-111.223907;1919.913574;0.000000;0.000000;0.000000;0.000000;0.000000;2.000000;31.879517;-110.878693;1915.437744;0.000000;0.000000;0.000000;0.000000;0.000000;2.000000;-32.620300;-159.651703;1879.026733;0.000000;0.000000;0.000000;0.000000;0.000000;2.000000;4.756531;-620.502136;1994.791992;0.000000;0.000000;0.000000;0.000000;0.000000;2.000000;124.627045;-590.819702;1992.057495;0.000000;0.000000;0.000000;0.000000;0.000000;2.000000;226.039398;-350.740234;1947.124023;0.000000;0.000000;0.000000;0.000000;0.000000;2.000000;414.897705;-263.552124;2020.587402;0.000000;0.000000;0.000000;0.000000;0.000000;2.000000;504.508575;-249.973755;2056.207031;0.000000;0.000000;0.000000;0.000000;0.000000;2.000000;581.855286;-231.237030;2116.357422;0.000000;0.000000;0.000000;0.000000;0.000000;2.000000;525.582397;-278.572571;2033.927856;0.000000;0.000000;0.000000;0.000000;0.000000;2.000000;-83.522461;-143.617279;1982.170166;0.000000;0.000000;0.000000;0.000000;0.000000;2.000000;-128.248047;219.488159;2069.008301;0.000000;0.000000;0.000000;0.000000;0.000000;1.000000;-49.656921;310.112915;1730.267090;0.000000;0.000000;0.000000;0.000000;0.000000;1.000000;-112.861450;460.886902;1795.333984;0.000000;0.000000;0.000000;0.000000;0.000000;1.000000;75.315857;-155.755615;2016.078003;0.000000;0.000000;0.000000;0.000000;0.000000;2.000000;101.158844;89.248840;2299.604980;0.000000;0.000000;0.000000;0.000000;0.000000;2.000000;91.019501;71.023926;1937.070557;0.000000;0.000000;0.000000;0.000000;0.000000;2.000000;85.768066;228.775269;1973.063599;0.000000;0.000000;0.000000;0.000000;0.000000;2.000000;-29.611938;-730.115967;1997.666260;0.000000;0.000000;0.000000;0.000000;0.000000;2.000000;11.187134;-824.475220;2108.168457;0.000000;0.000000;0.000000;0.000000;0.000000;2.000000;-2.503174;-845.930542;2062.167969;0.000000;0.000000;0.000000;0.000000;0.000000;2.000000;-73.462769;-814.377930;1971.907837;0.000000;0.000000;0.000000;0.000000;0.000000;1.000000;40.568176;-823.502502;2069.474609;0.000000;0.000000;0.000000;0.000000;0.000000;2.000000;66.295197;-745.678833;1977.682861;0.000000;0.000000;0.000000;0.000000;0.000000;1.000000;14939199488.000000
0.000000;-149.999969;2000.000000;0.000001;0.000000;0.000000;0.000000;0.000000;2.000000;-12.450012;-317.097565;1998.503296;0.000004;0.000000;0.000000;0.000000;0.000000;2.000000;-24.060242;-450.388672;2005.175171;0.000008;0.000000;0.000000;0.000000;0.000000;2.000000;-27.291321;-653.755432;1990.572510;0.000015;0.000000;0.000000;0.000000;0.000000;2.000000;-58.199219;-619.663269;1989.210693;0.000015;0.000000;0.000000;0.000000;0.000000;2.000000;-185.496948;-585.405212;1963.723755;0.000022;0.000000;0.000000;0.000000;0.000000;2.000000;-168.397400;-358.497131;1838.868774;0.000018;0.000000;0.000000;0.000000;0.000000;2.000000;-147.600403;-156.833557;1918.594849;0.000011;0.000000;0.000000;0.000000;0.000000;2.000000;-69.510986;-111.223785;1919.913574;0.000007;0.000000;0.000000;0.000000;0.000000;2.000000;31.879700;-110.878815;1915.437866;0.000007;0.000000;0.000000;0.000000;0.000000;2.000000;-32.619934;-159.651642;1879.026611;0.000012;0.000000;0.000000;0.000000;0.000000;2.000000;4.756714;-620.502136;1994.791504;0.000015;0.000000;0.000000;0.000000;0.000000;2.000000;124.627228;-590.819641;1992.057251;0.000009;0.000000;0.000000;0.000000;0.000000;2.000000;226.039520;-350.739929;1947.124756;0.000024;0.000000;0.000000;0.000000;0.000000;2.000000;414.897583;-263.552002;2020.588989;0.000047;0.000000;0.000000;0.000000;0.000000;2.000000;504.508270;-249.973785;2056.208984;0.000059;0.000000;0.000000;0.000000;0.000000;2.000000;581.855835;-231.237946;2116.358643;0.000048;0.000000;0.000000;0.000000;0.000000;2.000000;525.581848;-278.572479;2033.930786;0.000088;0.000000;0.000000;0.000000;0.000000;2.000000;-83.522461;-143.617249;1982.170044;0.000004;0.000000;0.000000;0.000000;0.000000;2.000000;-128.248169;219.488220;2069.008545;0.000008;0.000000;0.000000;0.000000;0.000000;1.000000;-49.656921;310.113159;1730.267334;0.000010;0.000000;0.000000;0.000000;0.000000;1.000000;-112.861511;460.887085;1795.334351;0.000012;0.000000;0.000000;0.000000;0.000000;1.000000;75.315857;-155.755585;2016.078125;0.000004;0.000000;0.000000;0.000000;0.000000;2.000000;101.159241;89.248413;2299.605713;0.000028;0.000000;0.000000;0.000000;0.000000;2.000000;91.019287;71.024170;1937.071045;0.000017;0.000000;0.000000;0.000000;0.000000;2.000000;85.767853;228.775452;1973.064941;0.000041;0.000000;0.000000;0.000000;0.000000;2.000000;-29.611755;-730.115967;1997.665649;0.000019;0.000000;0.000000;0.000000;0.000000;2.000000;11.188049;-824.475708;2108.167480;0.000042;0.000000;0.000000;0.000000;0.000000;2.000000;-2.502502;-845.930908;2062.166992;0.000037;0.000000;0.000000;0.000000;0.000000;2.000000;-73.462524;-814.377930;1971.906982;0.000026;0.000000;0.000000;0.000000;0.000000;1.000000;40.568878;-823.502808;2069.473145;0.000049;0.000000;0.000000;0.000000;0.000000;2.000000;66.295319;-745.678650;1977.681763;0.000033;0.000000;0.000000;0.000000;0.000000;1.000000;14939233280.000000
0.000000;-150.000000;2000.000000;0.000001;0.000000;0.000000;0.000000;0.000000;2.000000;-12.435974;-317.092041;1998.465820;0.001195;0.000000;0.000000;0.000000;0.000000;2.000000;-24.034363;-450.381653;2005.086670;0.002737;0.000000;0.000000;0.000000;0.000000;2.000000;-27.213562;-653.734375;1990.383789;0.006072;0.000000;0.000000;0.000000;0.000000;2.000000;-58.124512;-619.648071;1989.002441;0.006563;0.000000;0.000000;0.000000;0.000000;2.000000;-185.386292;-585.391479;1963.361328;0.011221;0.000000;0.000000;0.000000;0.000000;2.000000;-168.117249;-358.445251;1838.619141;0.011210;0.000000;0.000000;0.000000;0.000000;2.000000;-147.437744;-156.831909;1918.480469;0.005885;0.000000;0.000000;0.000000;0.000000;2.000000;-69.336426;-111.253632;1919.942627;0.005311;0.000000;0.000000;0.000000;0.000000;2.000000;32.057861;-111.044952;1915.626953;0.009126;0.000000;0.000000;0.000000;0.000000;2.000000;-32.357971;-159.745850;1879.152954;0.009047;0.000000;0.000000;0.000000;0.000000;2.000000;4.822632;-620.478882;1994.655884;0.004515;0.000000;0.000000;0.000000;0.000000;2.000000;124.684906;-590.762329;1992.147461;0.003594;0.000000;0.000000;0.000000;0.000000;2.000000;226.077332;-350.566895;1947.851563;0.022138;0.000000;0.000000;0.000000;0.000000;2.000000;414.740112;-263.500305;2021.934204;0.040110;0.000000;0.000000;0.000000;0.000000;2.000000;504.125061;-249.952698;2058.118652;0.057642;0.000000;0.000000;0.000000;0.000000;2.000000;581.823547;-231.669586;2117.948242;0.048753;0.000000;0.000000;0.000000;0.000000;2.000000;525.178162;-278.320404;2036.401489;0.074459;0.000000;0.000000;0.000000;0.000000;2.000000;-83.511719;-143.620544;1982.134155;0.001113;0.000000;0.000000;0.000000;0.000000;2.000000;-128.304077;219.446472;2069.038086;0.002242;0.000000;0.000000;0.000000;0.000000;1.000000;-49.634766;310.190735;1730.361084;0.003660;0.000000;0.000000;0.000000;0.000000;1.000000;-112.870117;460.927673;1795.466064;0.004087;0.000000;0.000000;0.000000;0.000000;1.000000;75.306213;-155.752655;2016.110474;0.001003;0.000000;0.000000;0.000000;0.000000;2.000000;101.199463;89.003967;2299.828613;0.009862;0.000000;0.000000;0.000000;0.000000;2.000000;90.907104;70.997070;1937.300781;0.007608;0.000000;0.000000;0.000000;0.000000;2.000000;85.608917;228.709167;1973.432251;0.012005;0.000000;0.000000;0.000000;0.000000;2.000000;-29.529114;-730.095825;1997.437622;0.007202;0.000000;0.000000;0.000000;0.000000;2.000000;10.886414;-824.181641;2108.305908;0.013122;0.000000;0.000000;0.000000;0.000000;2.000000;-2.568542;-845.744202;2062.288330;0.006873;0.000000;0.000000;0.000000;0.000000;2.000000;-73.156189;-814.460449;1971.649414;0.012093;0.000000;0.000000;0.000000;0.000000;1.000000;40.439728;-823.248474;2069.744629;0.011653;0.000000;0.000000;0.000000;0.000000;2.000000;66.483246;-745.577026;1977.919434;0.009457;0.000000;0.000000;0.000000;0.000000;1.000000;14939267072.000000
0.000000;-150.000031;2000.000000;0.000001;0.000000;0.000000;0.000000;0.000000;2.000000;-12.446045;-317.116241;1998.361084;0.003295;0.000000;0.000000;0.000000;0.000000;2.000000;-24.033081;-450.438354;2004.762085;0.010056;0.000000;0.000000;0.000000;0.000000;2.000000;-27.068909;-653.786621;1989.540405;0.026162;0.000000;0.000000;0.000000;0.000000;2.000000;-57.997437;-619.706909;1988.153809;0.026248;0.000000;0.000000;0.000000;0.000000;2.000000;-185.212280;-585.459167;1962.161743;0.037049;0.000000;0.000000;0.000000;0.000000;2.000000;-167.685059;-358.260132;1837.833252;0.027948;0.000000;0.000000;0.000000;0.000000;2.000000;-147.376282;-156.763184;1918.173706;0.009775;0.000000;0.000000;0.000000;0.000000;2.000000;-69.278809;-111.171967;1920.195068;0.008286;0.000000;0.000000;0.000000;0.000000;2.000000;32.146301;-111.042389;1916.249512;0.019190;0.000000;0.000000;0.000000;0.000000;2.000000;-32.131897;-159.723541;1879.255493;0.007606;0.000000;0.000000;0.000000;0.000000;2.000000;4.943054;-620.521118;1993.989502;0.020706;0.000000;0.000000;0.000000;0.000000;2.000000;124.807587;-590.688599;1992.104126;0.004564;0.000000;0.000000;0.000000;0.000000;2.000000;226.089600;-350.025696;1949.899048;0.064631;0.000000;0.000000;0.000000;0.000000;2.000000;414.263397;-263.379120;2025.796753;0.118828;0.000000;0.000000;0.000000;0.000000;2.000000;503.163757;-250.138611;2063.304932;0.161069;0.000000;0.000000;0.000000;0.000000;2.000000;581.914490;-233.178497;2122.166260;0.136740;0.000000;0.000000;0.000000;0.000000;2.000000;524.385010;-277.848541;2042.524536;0.188971;0.000000;0.000000;0.000000;0.000000;2.000000;-83.504150;-143.604919;1982.041260;0.002884;0.000000;0.000000;0.000000;0.000000;2.000000;-128.362366;219.461548;2069.164551;0.004274;0.000000;0.000000;0.000000;0.000000;1.000000;-49.463501;310.537842;1730.571411;0.013443;0.000000;0.000000;0.000000;0.000000;1.000000;-112.732239;461.237671;1795.803101;0.014594;0.000000;0.000000;0.000000;0.000000;1.000000;75.299377;-155.766815;2016.194092;0.002597;0.000000;0.000000;0.000000;0.000000;2.000000;101.086487;89.037231;2299.957520;0.005329;0.000000;0.000000;0.000000;0.000000;2.000000;91.005249;70.776245;1937.380615;0.007767;0.000000;0.000000;0.000000;0.000000;2.000000;85.887299;228.548340;1973.387207;0.009907;0.000000;0.000000;0.000000;0.000000;2.000000;-29.367493;-730.178345;1996.398071;0.032204;0.000000;0.000000;0.000000;0.000000;2.000000;12.413757;-824.477722;2106.608398;0.070270;0.000000;0.000000;0.000000;0.000000;2.000000;-1.229553;-845.938599;2060.589355;0.066281;0.000000;0.000000;0.000000;0.000000;2.000000;-72.653259;-814.721252;1970.560425;0.037462;0.000000;0.000000;0.000000;0.000000;1.000000;41.695190;-823.201050;2067.840576;0.069617;0.000000;0.000000;0.000000;0.000000;2.000000;66.615662;-744.979736;1976.145264;0.057272;0.000000;0.000000;0.000000;0.000000;1.000000;14939299840.000000
0.000000;-150.000031;2000.000000;0.000000;0.000000;0.000000;0.000000;0.000000;2.000000;-12.448730;-317.120972;1998.355103;0.000239;0.000000;0.000000;0.000000;0.000000;2.000000;-24.036682;-450.447510;2004.745605;0.000568;0.000000;0.000000;0.000000;0.000000;2.000000;-27.072388;-653.800293;1989.502441;0.001199;0.000000;0.000000;0.000000;0.000000;2.000000;-58.001831;-619.719421;1988.119019;0.001102;0.000000;0.000000;0.000000;0.000000;2.000000;-185.221252;-585.470459;1962.130737;0.001012;0.000000;0.000000;0.000000;0.000000;2.000000;-167.702698;-358.249054;1837.825684;0.000656;0.000000;0.000000;0.000000;0.000000;2.000000;-147.398254;-156.760315;1918.205322;0.001143;0.000000;0.000000;0.000000;0.000000;2.000000;-69.295898;-111.173370;1920.255249;0.001852;0.000000;0.000000;0.000000;0.000000;2.000000;32.132751;-111.065491;1916.323242;0.002321;0.000000;0.000000;0.000000;0.000000;2.000000;-32.131958;-159.719299;1879.319092;0.001886;0.000000;0.000000;0.000000;0.000000;2.000000;4.940430;-620.534180;1993.955444;0.001082;0.000000;0.000000;0.000000;0.000000;2.000000;124.808716;-590.701233;1992.075684;0.000922;0.000000;0.000000;0.000000;0.000000;2.000000;226.096161;-350.026306;1949.902466;0.000220;0.000000;0.000000;0.000000;0.000000;2.000000;414.277374;-263.408905;2025.834229;0.001476;0.000000;0.000000;0.000000;0.000000;2.000000;503.178375;-250.220947;2063.366699;0.003077;0.000000;0.000000;0.000000;0.000000;2.000000;582.042664;-233.380615;2122.115234;0.007242;0.000000;0.000000;0.000000;0.000000;2.000000;524.412170;-277.891418;2042.577759;0.002176;0.000000;0.000000;0.000000;0.000000;2.000000;-83.506470;-143.602936;1982.040649;0.000092;0.000000;0.000000;0.000000;0.000000;2.000000;-128.359558;219.470825;2069.184326;0.000652;0.000000;0.000000;0.000000;0.000000;1.000000;-49.468018;310.572266;1730.584717;0.001100;0.000000;0.000000;0.000000;0.000000;1.000000;-112.733276;461.273071;1795.831909;0.001351;0.000000;0.000000;0.000000;0.000000;1.000000;75.301453;-155.768555;2016.194702;0.000082;0.000000;0.000000;0.000000;0.000000;2.000000;101.290039;88.997498;2299.987305;0.006200;0.000000;0.000000;0.000000;0.000000;2.000000;90.982819;70.780884;1937.403687;0.000962;0.000000;0.000000;0.000000;0.000000;2.000000;85.912933;228.555664;1973.427246;0.001424;0.000000;0.000000;0.000000;0.000000;2.000000;-29.371033;-730.195007;1996.352295;0.001445;0.000000;0.000000;0.000000;0.000000;2.000000;12.569824;-824.519104;2106.486816;0.005981;0.000000;0.000000;0.000000;0.000000;2.000000;-1.109009;-845.969482;2060.471680;0.005068;0.000000;0.000000;0.000000;0.000000;2.000000;-72.640808;-814.752258;1970.523926;0.001464;0.000000;0.000000;0.000000;0.000000;1.000000;41.812592;-823.212158;2067.688965;0.005684;0.000000;0.000000;0.000000;0.000000;2.000000;66.602081;-744.939819;1975.996704;0.004570;0.000000;0.000000;0.000000;0.000000;1.000000;14939333632.000000
0.000000;-150.000000;2000.000000;0.000001;0.000000;0.000000;0.000000;0.000000;2.000000;-12.532471;-317.157104;1998.325195;0.002929;0.000000;0.000000;0.000000;0.000000;2.000000;-24.189026;-450.513214;2004.689087;0.005349;0.000000;0.000000;0.000000;0.000000;2.000000;-27.407288;-653.909912;1989.375732;0.011428;0.000000;0.000000;0.000000;0.000000;2.000000;-58.311279;-619.790649;1987.980713;0.010570;0.000000;0.000000;0.000000;0.000000;2.000000;-185.525818;-585.417480;1961.955688;0.010842;0.000000;0.000000;0.000000;0.000000;2.000000;-167.792358;-358.122559;1837.677612;0.006543;0.000000;0.000000;0.000000;0.000000;2.000000;-147.344666;-156.669281;1918.260010;0.003630;0.000000;0.000000;0.000000;0.000000;2.000000;-69.083313;-111.318878;1920.496704;0.010775;0.000000;0.000000;0.000000;0.000000;2.000000;32.372803;-112.153107;1916.696045;0.035844;0.000000;0.000000;0.000000;0.000000;2.000000;-31.921021;-160.094330;1879.640137;0.016383;0.000000;0.000000;0.000000;0.000000;2.000000;4.642029;-620.667175;1993.863159;0.010360;0.000000;0.000000;0.000000;0.000000;2.000000;124.587738;-591.006409;1992.135742;0.011644;0.000000;0.000000;0.000000;0.000000;2.000000;226.469055;-350.403259;1950.565674;0.025913;0.000000;0.000000;0.000000;0.000000;2.000000;414.877563;-264.777466;2027.218140;0.062157;0.000000;0.000000;0.000000;0.000000;2.000000;503.657562;-252.614899;2065.441406;0.097776;0.000000;0.000000;0.000000;0.000000;2.000000;584.189758;-237.804504;2122.492676;0.150509;0.000000;0.000000;0.000000;0.000000;2.000000;524.702393;-279.992065;2045.256226;0.104257;0.000000;0.000000;0.000000;0.000000;2.000000;-83.519531;-143.557983;1982.013428;0.001653;0.000000;0.000000;0.000000;0.000000;2.000000;-128.209473;219.599060;2069.306641;0.007087;0.000000;0.000000;0.000000;0.000000;1.000000;-49.343140;310.927490;1730.665283;0.011751;0.000000;0.000000;0.000000;0.000000;1.000000;-112.520325;461.655273;1796.055786;0.014999;0.000000;0.000000;0.000000;0.000000;1.000000;75.313232;-155.809021;2016.219238;0.001488;0.000000;0.000000;0.000000;0.000000;2.000000;101.472839;88.560547;2300.463867;0.020505;0.000000;0.000000;0.000000;0.000000;2.000000;91.001892;70.995483;1937.760498;0.012720;0.000000;0.000000;0.000000;0.000000;2.000000;86.085114;228.771484;1973.984619;0.018982;0.000000;0.000000;0.000000;0.000000;2.000000;-29.783813;-730.324036;1996.201660;0.013976;0.000000;0.000000;0.000000;0.000000;2.000000;11.503845;-824.772522;2106.528809;0.033462;0.000000;0.000000;0.000000;0.000000;2.000000;-2.053894;-846.195862;2060.450195;0.029659;0.000000;0.000000;0.000000;0.000000;2.000000;-73.176147;-814.795105;1970.202026;0.019108;0.000000;0.000000;0.000000;0.000000;1.000000;40.907410;-823.540283;2067.834717;0.029718;0.000000;0.000000;0.000000;0.000000;2.000000;66.254669;-745.314270;1976.213379;0.016933;0.000000;0.000000;0.000000;0.000000;1.000000;14939366400.000000
0.000000;-150.000000;2000.000000;0.000000;0.000000;0.000000;0.000000;0.000000;2.000000;-12.539734;-317.292664;1998.281738;0.004218;0.000000;0.000000;0.000000;0.000000;2.000000;-24.198181;-450.760254;2004.597290;0.007804;0.000000;0.000000;0.000000;0.000000;2.000000;-27.526062;-654.312439;1989.166016;0.013884;0.000000;0.000000;0.000000;0.000000;2.000000;-58.438904;-620.149475;1987.801147;0.012460;0.000000;0.000000;0.000000;0.000000;2.000000;-185.775696;-585.698059;1961.914917;0.011184;0.000000;0.000000;0.000000;0.000000;2.000000;-168.124756;-358.133728;1837.677612;0.009842;0.000000;0.000000;0.000000;0.000000;2.000000;-147.530457;-156.689209;1918.722046;0.014749;0.000000;0.000000;0.000000;0.000000;2.000000;-69.020081;-111.638611;1921.250366;0.024299;0.000000;0.000000;0.000000;0.000000;2.000000;32.495850;-114.028809;1917.502686;0.060532;0.000000;0.000000;0.000000;0.000000;2.000000;-31.936523;-160.509033;1880.236938;0.021511;0.000000;0.000000;0.000000;0.000000;2.000000;4.567688;-621.060852;1993.660522;0.013286;0.000000;0.000000;0.000000;0.000000;2.000000;124.656891;-591.566101;1991.882568;0.018293;0.000000;0.000000;0.000000;0.000000;2.000000;227.305206;-351.021729;1950.492188;0.030854;0.000000;0.000000;0.000000;0.000000;2.000000;416.298889;-266.436371;2027.375000;0.064813;0.000000;0.000000;0.000000;0.000000;2.000000;505.347748;-255.308624;2065.489746;0.094118;0.000000;0.000000;0.000000;0.000000;2.000000;587.481995;-242.344482;2120.822266;0.173163;0.000000;0.000000;0.000000;0.000000;2.000000;526.129456;-282.437073;2045.304321;0.083789;0.000000;0.000000;0.000000;0.000000;2.000000;-83.589905;-143.549591;1982.011963;0.002098;0.000000;0.000000;0.000000;0.000000;2.000000;-128.300049;219.864075;2069.542969;0.010844;0.000000;0.000000;0.000000;0.000000;1.000000;-49.544250;311.501465;1730.649536;0.018004;0.000000;0.000000;0.000000;0.000000;1.000000;-112.736755;462.305847;1796.233032;0.020957;0.000000;0.000000;0.000000;0.000000;1.000000;75.376709;-155.816650;2016.220581;0.001892;0.000000;0.000000;0.000000;0.000000;2.000000;101.249451;88.536377;2300.909180;0.014761;0.000000;0.000000;0.000000;0.000000;2.000000;91.063354;71.288513;1937.886597;0.009614;0.000000;0.000000;0.000000;0.000000;2.000000;86.105194;229.140076;1974.363037;0.015644;0.000000;0.000000;0.000000;0.000000;2.000000;-29.939209;-730.791016;1995.958374;0.016247;0.000000;0.000000;0.000000;0.000000;2.000000;12.243408;-825.564209;2105.835449;0.038064;0.000000;0.000000;0.000000;0.000000;2.000000;-1.578003;-846.894409;2059.743164;0.032610;0.000000;0.000000;0.000000;0.000000;2.000000;-73.381226;-815.331421;1969.964111;0.018393;0.000000;0.000000;0.000000;0.000000;1.000000;41.423920;-824.165771;2066.928955;0.035982;0.000000;0.000000;0.000000;0.000000;2.000000;66.075439;-745.564148;1975.304932;0.028382;0.000000;0.000000;0.000000;0.000000;1.000000;14939400192.000000
0.000000;-150.000031;2000.000000;0.000001;0.000000;0.000000;0.000000;0.000000;2.000000;-12.538452;-317.345398;1998.249512;0.001886;0.000000;0.000000;0.000000;0.000000;2.000000;-24.195618;-450.857147;2004.529785;0.003605;0.000000;0.000000;0.000000;0.000000;2.000000;-27.537292;-654.468567;1989.033081;0.006267;0.000000;0.000000;0.000000;0.000000;2.000000;-58.455627;-620.291321;1987.661255;0.006101;0.000000;0.000000;0.000000;0.000000;2.000000;-185.815002;-585.831909;1961.676758;0.008423;0.000000;0.000000;0.000000;0.000000;2.000000;-168.081909;-358.199280;1837.405151;0.008651;0.000000;0.000000;0.000000;0.000000;2.000000;-147.550354;-156.738159;1918.608521;0.003821;0.000000;0.000000;0.000000;0.000000;2.000000;-68.949341;-111.802643;1921.374634;0.006641;0.000000;0.000000;0.000000;0.000000;2.000000;32.587769;-114.812988;1917.783813;0.025577;0.000000;0.000000;0.000000;0.000000;2.000000;-31.837036;-160.697266;1880.335571;0.007161;0.000000;0.000000;0.000000;0.000000;2.000000;4.567566;-621.211121;1993.555664;0.005592;0.000000;0.000000;0.000000;0.000000;2.000000;124.709198;-591.760803;1991.876709;0.006155;0.000000;0.000000;0.000000;0.000000;2.000000;227.641144;-351.184875;1950.842285;0.015622;0.000000;0.000000;0.000000;0.000000;2.000000;416.749176;-267.005402;2028.088257;0.031051;0.000000;0.000000;0.000000;0.000000;2.000000;505.774933;-256.241241;2066.439209;0.042656;0.000000;0.000000;0.000000;0.000000;2.000000;588.244568;-243.879669;2121.466797;0.055887;0.000000;0.000000;0.000000;0.000000;2.000000;526.471680;-283.253540;2046.484741;0.045029;0.000000;0.000000;0.000000;0.000000;2.000000;-83.612305;-143.546936;1981.988281;0.000998;0.000000;0.000000;0.000000;0.000000;2.000000;-128.363159;219.959290;2069.624268;0.004279;0.000000;0.000000;0.000000;0.000000;1.000000;-49.554871;311.741211;1730.661865;0.007333;0.000000;0.000000;0.000000;0.000000;1.000000;-112.776184;462.569580;1796.311523;0.008483;0.000000;0.000000;0.000000;0.000000;1.000000;75.396881;-155.819092;2016.241943;0.000900;0.000000;0.000000;0.000000;0.000000;2.000000;101.138000;88.512451;2301.116943;0.007232;0.000000;0.000000;0.000000;0.000000;2.000000;91.122070;71.362061;1937.970703;0.003852;0.000000;0.000000;0.000000;0.000000;2.000000;86.318024;229.267029;1974.463623;0.008162;0.000000;0.000000;0.000000;0.000000;2.000000;-29.962708;-730.972900;1995.804199;0.007312;0.000000;0.000000;0.000000;0.000000;2.000000;12.044678;-825.750366;2105.810059;0.008346;0.000000;0.000000;0.000000;0.000000;2.000000;-1.708679;-847.098389;2059.686768;0.007591;0.000000;0.000000;0.000000;0.000000;2.000000;-73.385376;-815.542358;1969.754639;0.009073;0.000000;0.000000;0.000000;0.000000;1.000000;41.297485;-824.365234;2066.938477;0.007213;0.000000;0.000000;0.000000;0.000000;2.000000;66.113892;-745.766663;1975.304321;0.006291;0.000000;0.000000;0.000000;0.000000;1.000000;14939432960.000000
0.000000;-150.000031;2000.000000;0.000000;0.000000;0.000000;0.000000;0.000000;2.000000;-12.520508;-317.681519;1998.051636;0.011555;0.000000;0.000000;0.000000;0.000000;2.000000;-24.159729;-451.474274;2004.127319;0.021829;0.000000;0.000000;0.000000;0.000000;2.000000;-27.554932;-655.474609;1988.364746;0.035746;0.000000;0.000000;0.000000;0.000000;2.000000;-58.521667;-621.216858;1986.984741;0.033982;0.000000;0.000000;0.000000;0.000000;2.000000;-186.111572;-586.808411;1960.671509;0.042391;0.000000;0.000000;0.000000;0.000000;2.000000;-168.503967;-358.910400;1835.780029;0.053960;0.000000;0.000000;0.000000;0.000000;2.000000;-148.321350;-157.126923;1917.444214;0.042896;0.000000;0.000000;0.000000;0.000000;2.000000;-69.348206;-112.531189;1920.956299;0.027521;0.000000;0.000000;0.000000;0.000000;2.000000;32.316040;-117.744232;1917.739258;0.087126;0.000000;0.000000;0.000000;0.000000;2.000000;-32.130127;-161.558014;1879.728271;0.032358;0.000000;0.000000;0.000000;0.000000;2.000000;4.618958;-622.166626;1992.979980;0.033047;0.000000;0.000000;0.000000;0.000000;2.000000;125.062897;-592.896118;1991.565796;0.036373;0.000000;0.000000;0.000000;0.000000;2.000000;229.244995;-352.100281;1951.562378;0.058657;0.000000;0.000000;0.000000;0.000000;2.000000;419.094208;-269.616760;2030.076172;0.119366;0.000000;0.000000;0.000000;0.000000;2.000000;508.185120;-260.633453;2069.223145;0.169613;0.000000;0.000000;0.000000;0.000000;2.000000;593.065186;-251.650146;2121.537354;0.270614;0.000000;0.000000;0.000000;0.000000;2.000000;528.397827;-287.310394;2050.063232;0.169930;0.000000;0.000000;0.000000;0.000000;2.000000;-83.767456;-143.534912;1981.894897;0.005371;0.000000;0.000000;0.000000;0.000000;2.000000;-128.714478;220.550232;2070.267578;0.027863;0.000000;0.000000;0.000000;0.000000;1.000000;-49.834167;313.276733;1730.813477;0.046403;0.000000;0.000000;0.000000;0.000000;1.000000;-113.179016;464.273071;1796.905029;0.054698;0.000000;0.000000;0.000000;0.000000;1.000000;75.536774;-155.829895;2016.326050;0.004841;0.000000;0.000000;0.000000;0.000000;2.000000;101.113464;88.163879;2302.498047;0.042159;0.000000;0.000000;0.000000;0.000000;2.000000;91.246918;71.971802;1938.574463;0.025661;0.000000;0.000000;0.000000;0.000000;2.000000;87.340088;230.210266;1975.173462;0.046208;0.000000;0.000000;0.000000;0.000000;2.000000;-30.020813;-732.138916;1995.059448;0.040980;0.000000;0.000000;0.000000;0.000000;2.000000;13.757141;-827.859253;2103.969482;0.097106;0.000000;0.000000;0.000000;0.000000;2.000000;-0.603577;-848.923889;2057.780518;0.084676;0.000000;0.000000;0.000000;0.000000;1.000000;-73.703064;-816.769409;1968.894531;0.045330;0.000000;0.000000;0.000000;0.000000;1.000000;42.535583;-826.107422;2064.639160;0.092900;0.000000;0.000000;0.000000;0.000000;2.000000;65.991974;-746.593018;1973.104614;0.069631;0.000000;0.000000;0.000000;0.000000;1.000000;14939466752.000000
0.000000;-150.000000;2000.000000;0.000001;0.000000;0.000000;0.000000;0.000000;2.000000;-12.525940;-317.703674;1998.040283;0.000778;0.000000;0.000000;0.000000;0.000000;2.000000;-24.171143;-451.514313;2004.111938;0.001355;0.000000;0.000000;0.000000;0.000000;2.000000;-27.599915;-655.542358;1988.356445;0.002495;0.000000;0.000000;0.000000;0.000000;2.000000;-58.564636;-621.274658;1986.969971;0.002244;0.000000;0.000000;0.000000;0.000000;2.000000;-186.161560;-586.856079;1960.610840;0.002806;0.000000;0.000000;0.000000;0.000000;2.000000;-168.505676;-358.980469;1835.611938;0.005558;0.000000;0.000000;0.000000;0.000000;2.000000;-148.324280;-157.156219;1917.254761;0.005851;0.000000;0.000000;0.000000;0.000000;2.000000;-69.326599;-112.583435;1920.821899;0.004450;0.000000;0.000000;0.000000;0.000000;2.000000;32.342896;-117.986176;1917.646606;0.007949;0.000000;0.000000;0.000000;0.000000;2.000000;-32.100952;-161.605988;1879.588013;0.004611;0.000000;0.000000;0.000000;0.000000;2.000000;4.583374;-622.235229;1992.975464;0.002363;0.000000;0.000000;0.000000;0.000000;2.000000;125.056152;-593.011658;1991.583496;0.003573;0.000000;0.000000;0.000000;0.000000;2.000000;229.437225;-352.247101;1951.672607;0.008112;0.000000;0.000000;0.000000;0.000000;2.000000;419.380890;-270.006287;2030.296509;0.016219;0.000000;0.000000;0.000000;0.000000;2.000000;508.493225;-261.215851;2069.471436;0.021488;0.000000;0.000000;0.000000;0.000000;2.000000;593.589966;-252.567352;2121.515137;0.032256;0.000000;0.000000;0.000000;0.000000;2.000000;528.677795;-287.806946;2050.353271;0.019519;0.000000;0.000000;0.000000;0.000000;2.000000;-83.777405;-143.530914;1981.887329;0.000401;0.000000;0.000000;0.000000;0.000000;2.000000;-128.722778;220.595032;2070.310059;0.001901;0.000000;0.000000;0.000000;0.000000;1.000000;-49.836731;313.389709;1730.824097;0.003464;0.000000;0.000000;0.000000;0.000000;1.000000;-113.182556;464.399658;1796.946533;0.004067;0.000000;0.000000;0.000000;0.000000;1.000000;75.545746;-155.833435;2016.332886;0.000361;0.000000;0.000000;0.000000;0.000000;2.000000;101.127777;88.178528;2302.555908;0.001873;0.000000;0.000000;0.000000;0.000000;2.000000;91.260986;71.956116;1938.584351;0.000710;0.000000;0.000000;0.000000;0.000000;2.000000;87.418610;230.235107;1975.111938;0.003137;0.000000;0.000000;0.000000;0.000000;2.000000;-30.080383;-732.216248;1995.055420;0.002982;0.000000;0.000000;0.000000;0.000000;2.000000;13.540771;-827.919922;2104.071289;0.007529;0.000000;0.000000;0.000000;0.000000;2.000000;-0.782532;-849.001953;2057.870605;0.006562;0.000000;0.000000;0.000000;0.000000;1.000000;-73.781067;-816.849365;1968.879517;0.003440;0.000000;0.000000;0.000000;0.000000;1.000000;42.366119;-826.199951;2064.765869;0.007048;0.000000;0.000000;0.000000;0.000000;2.000000;65.961884;-746.728516;1973.207153;0.005266;0.000000;0.000000;0.000000;0.000000;1.000000;14939499520.000000
0.000000;-149.999969;2000.000000;0.000001;0.000000;0.000000;0.000000;0.000000;2.000000;-12.525940;-317.704163;1998.040161;0.000015;0.000000;0.000000;0.000000;0.000000;2.000000;-24.171204;-451.515137;2004.111938;0.000024;0.000000;0.000000;0.000000;0.000000;2.000000;-27.600586;-655.543762;1988.357056;0.000049;0.000000;0.000000;0.000000;0.000000;2.000000;-58.565247;-621.275879;1986.970337;0.000042;0.000000;0.000000;0.000000;0.000000;2.000000;-186.162354;-586.857178;1960.609985;0.000047;0.000000;0.000000;0.000000;0.000000;2.000000;-168.504944;-358.982300;1835.608398;0.000120;0.000000;0.000000;0.000000;0.000000;2.000000;-148.323608;-157.157196;1917.250977;0.000117;0.000000;0.000000;0.000000;0.000000;2.000000;-69.325378;-112.585205;1920.820190;0.000081;0.000000;0.000000;0.000000;0.000000;2.000000;32.344177;-117.992432;1917.646484;0.000189;0.000000;0.000000;0.000000;0.000000;2.000000;-32.099121;-161.607361;1879.586426;0.000082;0.000000;0.000000;0.000000;0.000000;2.000000;4.582947;-622.236633;1992.976074;0.000047;0.000000;0.000000;0.000000;0.000000;2.000000;125.056305;-593.014038;1991.584839;0.000081;0.000000;0.000000;0.000000;0.000000;2.000000;229.441711;-352.250183;1951.676270;0.000194;0.000000;0.000000;0.000000;0.000000;2.000000;419.387268;-270.014862;2030.303223;0.000373;0.000000;0.000000;0.000000;0.000000;2.000000;508.499420;-261.228973;2069.479980;0.000498;0.000000;0.000000;0.000000;0.000000;2.000000;593.599365;-252.587433;2121.520508;0.000675;0.000000;0.000000;0.000000;0.000000;2.000000;528.682739;-287.818359;2050.365234;0.000511;0.000000;0.000000;0.000000;0.000000;2.000000;-83.777588;-143.530884;1981.887207;0.000007;0.000000;0.000000;0.000000;0.000000;2.000000;-128.723145;220.596008;2070.310547;0.000034;0.000000;0.000000;0.000000;0.000000;1.000000;-49.836853;313.391907;1730.823975;0.000065;0.000000;0.000000;0.000000;0.000000;1.000000;-113.182800;464.402222;1796.947021;0.000078;0.000000;0.000000;0.000000;0.000000;1.000000;75.545959;-155.833405;2016.333008;0.000007;0.000000;0.000000;0.000000;0.000000;2.000000;101.126892;88.178894;2302.557129;0.000046;0.000000;0.000000;0.000000;0.000000;2.000000;91.261688;71.956909;1938.584717;0.000033;0.000000;0.000000;0.000000;0.000000;2.000000;87.420471;230.236328;1975.112427;0.000067;0.000000;0.000000;0.000000;0.000000;2.000000;-30.081360;-732.217834;1995.056274;0.000061;0.000000;0.000000;0.000000;0.000000;2.000000;13.537598;-827.920471;2104.074707;0.000139;0.000000;0.000000;0.000000;0.000000;2.000000;-0.784790;-849.003052;2057.873535;0.000114;0.000000;0.000000;0.000000;0.000000;2.000000;-73.781799;-816.851440;1968.880371;0.000070;0.000000;0.000000;0.000000;0.000000;1.000000;42.363770;-826.201050;2064.769531;0.000133;0.000000;0.000000;0.000000;0.000000;2.000000;65.961548;-746.730530;1973.210205;0.000109;0.000000;0.000000;0.000000;0.000000;1.000000;14939533312.000000
0.000000;-149.999969;2000.000000;0.000000;0.000000;0.000000;0.000000;0.000000;2.000000;-12.519226;-317.801331;1998.029785;0.002899;0.000000;0.000000;0.000000;0.000000;2.000000;-24.162964;-451.689911;2004.102783;0.005185;0.000000;0.000000;0.000000;0.000000;2.000000;-27.630676;-655.837402;1988.369385;0.008743;0.000000;0.000000;0.000000;0.000000;2.000000;-58.604675;-621.543152;1986.958374;0.008003;0.000000;0.000000;0.000000;0.000000;2.000000;-186.254517;-587.139771;1960.438477;0.010155;0.000000;0.000000;0.000000;0.000000;2.000000;-168.524841;-359.292175;1835.086426;0.017973;0.000000;0.000000;0.000000;0.000000;2.000000;-148.434998;-157.318512;1916.720093;0.016747;0.000000;0.000000;0.000000;0.000000;2.000000;-69.363586;-112.790741;1920.538208;0.010388;0.000000;0.000000;0.000000;0.000000;2.000000;32.345276;-118.641876;1917.540527;0.019473;0.000000;0.000000;0.000000;0.000000;2.000000;-32.062683;-161.773285;1879.269653;0.010637;0.000000;0.000000;0.000000;0.000000;2.000000;4.576111;-622.517639;1993.004761;0.008361;0.000000;0.000000;0.000000;0.000000;2.000000;125.145905;-593.386475;1991.714600;0.011969;0.000000;0.000000;0.000000;0.000000;2.000000;230.050018;-352.615112;1952.200317;0.026099;0.000000;0.000000;0.000000;0.000000;2.000000;420.242371;-271.044067;2031.279053;0.049009;0.000000;0.000000;0.000000;0.000000;2.000000;509.352173;-262.860870;2070.730957;0.065875;0.000000;0.000000;0.000000;0.000000;2.000000;594.854309;-255.126129;2122.363525;0.087439;0.000000;0.000000;0.000000;0.000000;2.000000;529.356689;-289.434937;2051.850098;0.067950;0.000000;0.000000;0.000000;0.000000;2.000000;-83.822144;-143.533203;1981.858276;0.001574;0.000000;0.000000;0.000000;0.000000;2.000000;-128.828003;220.785400;2070.385742;0.006782;0.000000;0.000000;0.000000;0.000000;1.000000;-49.903687;313.749329;1730.734009;0.011085;0.000000;0.000000;0.000000;0.000000;1.000000;-113.290161;464.830444;1796.927368;0.013077;0.000000;0.000000;0.000000;0.000000;1.000000;75.586090;-155.831360;2016.359131;0.001418;0.000000;0.000000;0.000000;0.000000;2.000000;100.940002;88.282776;2302.801758;0.009615;0.000000;0.000000;0.000000;0.000000;2.000000;91.303345;72.179993;1938.608398;0.006752;0.000000;0.000000;0.000000;0.000000;2.000000;87.592834;230.584900;1975.020752;0.011823;0.000000;0.000000;0.000000;0.000000;2.000000;-30.133972;-732.553833;1995.083130;0.010096;0.000000;0.000000;0.000000;0.000000;2.000000;13.887695;-828.469238;2103.873047;0.020166;0.000000;0.000000;0.000000;0.000000;2.000000;-0.576538;-849.495239;2057.655762;0.017078;0.000000;0.000000;0.000000;0.000000;1.000000;-73.903870;-817.212280;1968.889893;0.011276;0.000000;0.000000;0.000000;0.000000;1.000000;42.608093;-826.672546;2064.459473;0.018198;0.000000;0.000000;0.000000;0.000000;2.000000;65.902283;-746.997742;1972.904297;0.012147;0.000000;0.000000;0.000000;0.000000;1.000000;14939567104.000000
0.000000;-150.000000;2000.000000;0.000001;0.000000;0.000000;0.000000;0.000000;2.000000;-12.519897;-317.809204;1998.026245;0.000264;0.000000;0.000000;0.000000;0.000000;2.000000;-24.164368;-451.704254;2004.096313;0.000482;0.000000;0.000000;0.000000;0.000000;2.000000;-27.638611;-655.861328;1988.363037;0.000793;0.000000;0.000000;0.000000;0.000000;2.000000;-58.612671;-621.564331;1986.949707;0.000740;0.000000;0.000000;0.000000;0.000000;2.000000;-186.266785;-587.165405;1960.412231;0.001181;0.000000;0.000000;0.000000;0.000000;2.000000;-168.539856;-359.333923;1835.004761;0.002836;0.000000;0.000000;0.000000;0.000000;2.000000;-148.463257;-157.338196;1916.614746;0.003382;0.000000;0.000000;0.000000;0.000000;2.000000;-69.386902;-112.811035;1920.437988;0.003201;0.000000;0.000000;0.000000;0.000000;2.000000;32.324707;-118.705200;1917.453369;0.003347;0.000000;0.000000;0.000000;0.000000;2.000000;-32.081116;-161.810303;1879.178589;0.003052;0.000000;0.000000;0.000000;0.000000;2.000000;4.570557;-622.541138;1993.000366;0.000749;0.000000;0.000000;0.000000;0.000000;2.000000;125.149384;-593.421814;1991.720337;0.001098;0.000000;0.000000;0.000000;0.000000;2.000000;230.111145;-352.655212;1952.245972;0.002630;0.000000;0.000000;0.000000;0.000000;2.000000;420.329407;-271.159027;2031.369141;0.005189;0.000000;0.000000;0.000000;0.000000;2.000000;509.440247;-263.039307;2070.843262;0.006973;0.000000;0.000000;0.000000;0.000000;2.000000;594.987610;-255.401520;2122.424561;0.009521;0.000000;0.000000;0.000000;0.000000;2.000000;529.425476;-289.614716;2051.979736;0.007082;0.000000;0.000000;0.000000;0.000000;2.000000;-83.825500;-143.532501;1981.855103;0.000143;0.000000;0.000000;0.000000;0.000000;2.000000;-128.834106;220.800537;2070.397949;0.000622;0.000000;0.000000;0.000000;0.000000;1.000000;-49.904114;313.785706;1730.735229;0.001111;0.000000;0.000000;0.000000;0.000000;1.000000;-113.292908;464.871704;1796.937134;0.001297;0.000000;0.000000;0.000000;0.000000;1.000000;75.589203;-155.832001;2016.362183;0.000134;0.000000;0.000000;0.000000;0.000000;2.000000;100.905670;88.279480;2302.833740;0.001435;0.000000;0.000000;0.000000;0.000000;2.000000;91.313538;72.202332;1938.620728;0.000838;0.000000;0.000000;0.000000;0.000000;2.000000;87.615784;230.613464;1975.041504;0.001285;0.000000;0.000000;0.000000;0.000000;2.000000;-30.145142;-732.581299;1995.077393;0.000922;0.000000;0.000000;0.000000;0.000000;2.000000;13.918213;-828.526245;2103.834473;0.002298;0.000000;0.000000;0.000000;0.000000;2.000000;-0.562744;-849.542480;2057.615234;0.001946;0.000000;0.000000;0.000000;0.000000;2.000000;-73.925171;-817.238098;1968.878418;0.001080;0.000000;0.000000;0.000000;0.000000;1.000000;42.625977;-826.719788;2064.409180;0.002175;0.000000;0.000000;0.000000;0.000000;2.000000;65.887970;-747.019348;1972.860229;0.001560;0.000000;0.000000;0.000000;0.000000;1.000000;14939599872.000000
0.000000;-150.000000;2000.000000;0.000000;0.000000;0.000000;0.000000;0.000000;2.000000;-12.519836;-317.809937;1998.025635;0.000028;0.000000;0.000000;0.000000;0.000000;2.000000;-24.164307;-451.705566;2004.095093;0.000053;0.000000;0.000000;0.000000;0.000000;2.000000;-27.638672;-655.863403;1988.361084;0.000084;0.000000;0.000000;0.000000;0.000000;2.000000;-58.612793;-621.566223;1986.947632;0.000083;0.000000;0.000000;0.000000;0.000000;2.000000;-186.267151;-587.167664;1960.408081;0.000140;0.000000;0.000000;0.000000;0.000000;2.000000;-168.540039;-359.336975;1834.996948;0.000248;0.000000;0.000000;0.000000;0.000000;2.000000;-148.465271;-157.339539;1916.605713;0.000277;0.000000;0.000000;0.000000;0.000000;2.000000;-69.388489;-112.812225;1920.429810;0.000249;0.000000;0.000000;0.000000;0.000000;2.000000;32.323425;-118.709045;1917.446655;0.000232;0.000000;0.000000;0.000000;0.000000;2.000000;-32.082214;-161.812592;1879.171021;0.000236;0.000000;0.000000;0.000000;0.000000;2.000000;4.570618;-622.543091;1992.998779;0.000074;0.000000;0.000000;0.000000;0.000000;2.000000;125.150146;-593.424500;1991.720581;0.000083;0.000000;0.000000;0.000000;0.000000;2.000000;230.116180;-352.657471;1952.252563;0.000254;0.000000;0.000000;0.000000;0.000000;2.000000;420.335602;-271.167511;2031.381836;0.000488;0.000000;0.000000;0.000000;0.000000;2.000000;509.445190;-263.052338;2070.860840;0.000664;0.000000;0.000000;0.000000;0.000000;2.000000;594.994263;-255.421448;2122.440918;0.000788;0.000000;0.000000;0.000000;0.000000;2.000000;529.428406;-289.627655;2052.002441;0.000778;0.000000;0.000000;0.000000;0.000000;2.000000;-83.825806;-143.532501;1981.854614;0.000017;0.000000;0.000000;0.000000;0.000000;2.000000;-128.835083;220.801697;2070.398926;0.000053;0.000000;0.000000;0.000000;0.000000;1.000000;-49.903931;313.789001;1730.735474;0.000098;0.000000;0.000000;0.000000;0.000000;1.000000;-113.293152;464.875427;1796.938110;0.000114;0.000000;0.000000;0.000000;0.000000;1.000000;75.589417;-155.832062;2016.362427;0.000010;0.000000;0.000000;0.000000;0.000000;2.000000;100.903625;88.278687;2302.836914;0.000114;0.000000;0.000000;0.000000;0.000000;2.000000;91.314362;72.203979;1938.622314;0.000072;0.000000;0.000000;0.000000;0.000000;2.000000;87.617706;230.615295;1975.045044;0.000131;0.000000;0.000000;0.000000;0.000000;2.000000;-30.145386;-732.583679;1995.075195;0.000096;0.000000;0.000000;0.000000;0.000000;2.000000;13.919922;-828.532898;2103.828613;0.000267;0.000000;0.000000;0.000000;0.000000;2.000000;-0.562439;-849.547607;2057.608887;0.000242;0.000000;0.000000;0.000000;0.000000;2.000000;-73.927002;-817.239685;1968.874390;0.000139;0.000000;0.000000;0.000000;0.000000;1.000000;42.626923;-826.725464;2064.402588;0.000259;0.000000;0.000000;0.000000;0.000000;2.000000;65.887543;-747.021973;1972.855103;0.000171;0.000000;0.000000;0.000000;0.000000;1.000000;14939633664.000000
0.000000;-150.000000;2000.000000;0.000000;0.000000;0.000000;0.000000;0.000000;2.000000;-15.151367;-320.765076;2020.266968;0.689410;0.000000;0.000000;0.000000;0.000000;2.000000;-24.474426;-458.453766;2019.073242;0.501436;0.000000;0.000000;0.000000;0.000000;2.000000;-28.499695;-667.653076;2000.323608;0.513240;0.000000;0.000000;0.000000;0.000000;2.000000;-60.249207;-632.424316;1999.754150;0.514819;0.000000;0.000000;0.000000;0.000000;2.000000;-191.496216;-596.349121;1975.128784;0.552984;0.000000;0.000000;0.000000;0.000000;2.000000;-216.962769;-398.707458;1796.832153;2.232449;0.000000;0.000000;0.000000;0.000000;2.000000;-163.633118;-220.406219;1922.260742;1.987032;0.000000;0.000000;0.000000;0.000000;2.000000;-78.614746;-185.066559;1907.955078;2.255295;0.000000;0.000000;0.000000;0.000000;2.000000;24.433167;-179.083160;1891.302490;2.022192;0.000000;0.000000;0.000000;0.000000;2.000000;-46.671265;-196.677612;1880.315918;1.153920;0.000000;0.000000;0.000000;0.000000;2.000000;4.641724;-633.568848;2005.063843;0.498790;0.000000;0.000000;0.000000;0.000000;2.000000;129.323792;-608.214355;2002.872192;0.579446;0.000000;0.000000;0.000000;0.000000;2.000000;237.579407;-361.858459;1960.200073;0.435366;0.000000;0.000000;0.000000;0.000000;2.000000;432.051605;-293.038788;2055.569824;1.057458;0.000000;0.000000;0.000000;0.000000;2.000000;519.803833;-282.692261;2103.081543;1.194170;0.000000;0.000000;0.000000;0.000000;2.000000;621.635742;-294.896118;2109.666016;1.504741;0.000000;0.000000;0.000000;0.000000;2.000000;545.737488;-307.326782;2082.383301;1.182824;0.000000;0.000000;0.000000;0.000000;2.000000;-86.850769;-143.994934;1985.668457;0.149223;0.000000;0.000000;0.000000;0.000000;2.000000;-111.731323;231.075439;2079.273682;0.666409;0.000000;0.000000;0.000000;0.000000;1.000000;-63.546692;328.825623;1725.467773;0.640123;0.000000;0.000000;0.000000;0.000000;1.000000;-116.314026;493.154419;1780.892944;0.996517;0.000000;0.000000;0.000000;0.000000;1.000000;78.317139;-155.415009;2012.923340;0.134560;0.000000;0.000000;0.000000;0.000000;2.000000;66.070282;64.462769;2331.104980;1.549994;0.000000;0.000000;0.000000;0.000000;2.000000;83.554688;67.476318;1957.421509;0.637206;0.000000;0.000000;0.000000;0.000000;2.000000;89.685669;233.428467;1972.860962;0.125681;0.000000;0.000000;0.000000;0.000000;2.000000;-31.067871;-746.431396;2006.244873;0.543669;0.000000;0.000000;0.000000;0.000000;2.000000;19.517639;-837.464905;2121.701172;0.633226;0.000000;0.000000;0.000000;0.000000;2.000000;1.530823;-862.069580;2076.930664;0.705552;0.000000;0.000000;0.000000;0.000000;1.000000;-78.665955;-834.162292;1988.403931;0.801768;0.000000;0.000000;0.000000;0.000000;1.000000;46.479950;-839.000610;2079.547363;0.606440;0.000000;0.000000;0.000000;0.000000;2.000000;65.675293;-764.541260;1978.749268;0.564131;0.000000;0.000000;0.000000;0.000000;1.000000;14939666432.000000
0.000000;-149.999969;2000.000000;0.000001;0.000000;0.000000;0.000000;0.000000;2.000000;-14.840942;-320.403503;2020.601807;0.017235;0.000000;0.000000;0.000000;0.000000;2.000000;-23.885010;-457.835724;2019.575928;0.029326;0.000000;0.000000;0.000000;0.000000;2.000000;-27.405640;-666.687134;2001.559448;0.056593;0.000000;0.000000;0.000000;0.000000;2.000000;-59.165649;-631.599365;2000.791870;0.050668;0.000000;0.000000;0.000000;0.000000;2.000000;-190.127319;-595.889465;1975.671143;0.045647;0.000000;0.000000;0.000000;0.000000;2.000000;-217.062256;-399.746124;1796.737549;0.031004;0.000000;0.000000;0.000000;0.000000;2.000000;-163.913757;-221.117096;1920.969116;0.044413;0.000000;0.000000;0.000000;0.000000;2.000000;-79.137512;-185.760529;1906.481079;0.050634;0.000000;0.000000;0.000000;0.000000;2.000000;23.673889;-179.619446;1889.734985;0.053930;0.000000;0.000000;0.000000;0.000000;2.000000;-47.032593;-201.787598;1877.406372;0.174341;0.000000;0.000000;0.000000;0.000000;2.000000;5.584229;-632.583862;2006.259399;0.053659;0.000000;0.000000;0.000000;0.000000;2.000000;130.006897;-607.204590;2004.388184;0.057569;0.000000;0.000000;0.000000;0.000000;2.000000;238.373932;-361.402588;1962.281372;0.067293;0.000000;0.000000;0.000000;0.000000;2.000000;432.191040;-293.302185;2058.416504;0.084702;0.000000;0.000000;0.000000;0.000000;2.000000;519.121460;-281.257599;2106.611328;0.114548;0.000000;0.000000;0.000000;0.000000;2.000000;590.970154;-264.150879;2177.780029;2.390462;0.000000;0.000000;0.000000;0.000000;2.000000;544.878784;-306.156555;2087.109375;0.146305;0.000000;0.000000;0.000000;0.000000;2.000000;-86.678040;-144.188599;1985.627319;0.007775;0.000000;0.000000;0.000000;0.000000;2.000000;-109.556091;232.151245;2071.093750;0.252495;0.000000;0.000000;0.000000;0.000000;1.000000;-64.607056;330.590698;1717.826904;0.234181;0.000000;0.000000;0.000000;0.000000;1.000000;-115.354187;494.479126;1775.223511;0.174619;0.000000;0.000000;0.000000;0.000000;1.000000;78.161377;-155.240326;2012.960449;0.007012;0.000000;0.000000;0.000000;0.000000;2.000000;73.697021;71.926819;2325.231445;0.360471;0.000000;0.000000;0.000000;0.000000;2.000000;86.716339;64.742188;1952.170654;0.198609;0.000000;0.000000;0.000000;0.000000;2.000000;102.086182;229.858154;1966.505249;0.425679;0.000000;0.000000;0.000000;0.000000;2.000000;-29.814697;-745.293030;2007.728027;0.066607;0.000000;0.000000;0.000000;0.000000;2.000000;17.758850;-839.522827;2121.469238;0.080404;0.000000;0.000000;0.000000;0.000000;2.000000;-1.497986;-862.780640;2076.637939;0.092474;0.000000;0.000000;0.000000;0.000000;1.000000;-80.968933;-830.622681;1989.245117;0.127422;0.000000;0.000000;0.000000;0.000000;1.000000;44.278809;-841.632141;2079.178711;0.102110;0.000000;0.000000;0.000000;0.000000;2.000000;65.719330;-766.935669;1979.331299;0.072932;0.000000;0.000000;0.000000;0.000000;1.000000;14939700224.000000
0.000000;-150.000000;2000.000000;0.000001;0.000000;0.000000;0.000000;0.000000;2.000000;-14.684631;-320.519684;2020.647095;0.006102;0.000000;0.000000;0.000000;0.000000;2.000000;-23.637756;-458.045105;2019.860474;0.013159;0.000000;0.000000;0.000000;0.000000;2.000000;-26.986267;-667.099792;2002.673462;0.038447;0.000000;0.000000;0.000000;0.000000;2.000000;-58.796509;-632.020996;2001.774658;0.034525;0.000000;0.000000;0.000000;0.000000;2.000000;-189.879883;-596.587952;1976.426270;0.032287;0.000000;0.000000;0.000000;0.000000;2.000000;-217.164978;-401.709747;1795.923218;0.064949;0.000000;0.000000;0.000000;0.000000;2.000000;-164.263428;-221.854156;1918.733154;0.072636;0.000000;0.000000;0.000000;0.000000;2.000000;-79.540894;-186.388397;1903.833496;0.083946;0.000000;0.000000;0.000000;0.000000;2.000000;23.308228;-180.258087;1886.912109;0.089027;0.000000;0.000000;0.000000;0.000000;2.000000;-47.489746;-202.607086;1874.726563;0.086650;0.000000;0.000000;0.000000;0.000000;2.000000;5.996155;-632.928406;2007.228271;0.033806;0.000000;0.000000;0.000000;0.000000;2.000000;130.481842;-607.476929;2005.182861;0.029450;0.000000;0.000000;0.000000;0.000000;2.000000;238.862579;-361.676941;1962.022461;0.018839;0.000000;0.000000;0.000000;0.000000;2.000000;432.903931;-293.303772;2057.843750;0.027908;0.000000;0.000000;0.000000;0.000000;2.000000;520.203491;-281.370544;2105.525391;0.046910;0.000000;0.000000;0.000000;0.000000;2.000000;596.964355;-266.475586;2171.999512;0.263848;0.000000;0.000000;0.000000;0.000000;2.000000;545.644531;-306.384827;2086.154785;0.037991;0.000000;0.000000;0.000000;0.000000;2.000000;-86.738586;-144.270935;1985.624634;0.003120;0.000000;0.000000;0.000000;0.000000;2.000000;-109.897217;232.472717;2070.318848;0.027638;0.000000;0.000000;0.000000;0.000000;1.000000;-65.109680;330.448547;1716.662964;0.038933;0.000000;0.000000;0.000000;0.000000;1.000000;-115.957336;494.448364;1774.006836;0.041453;0.000000;0.000000;0.000000;0.000000;1.000000;78.216003;-155.166138;2012.962769;0.002812;0.000000;0.000000;0.000000;0.000000;2.000000;74.239807;71.645325;2325.795166;0.025380;0.000000;0.000000;0.000000;0.000000;2.000000;86.363739;65.144287;1952.459717;0.018552;0.000000;0.000000;0.000000;0.000000;2.000000;101.710480;230.285522;1967.700684;0.040404;0.000000;0.000000;0.000000;0.000000;2.000000;-29.327087;-745.731079;2009.162476;0.048130;0.000000;0.000000;0.000000;0.000000;2.000000;18.502686;-839.739746;2123.110596;0.055391;0.000000;0.000000;0.000000;0.000000;1.000000;-0.836182;-863.122131;2078.338867;0.056665;0.000000;0.000000;0.000000;0.000000;1.000000;-80.517761;-831.172607;1990.955078;0.056519;0.000000;0.000000;0.000000;0.000000;1.000000;44.966644;-841.940308;2080.752930;0.053264;0.000000;0.000000;0.000000;0.000000;1.000000;66.223938;-767.423035;1980.633301;0.045135;0.000000;0.000000;0.000000;0.000000;1.000000;14939732992.000000
0.000000;-150.000000;2000.000000;0.000000;0.000000;0.000000;0.000000;0.000000;2.000000;-14.684082;-320.519958;2020.646851;0.000020;0.000000;0.000000;0.000000;0.000000;2.000000;-23.636719;-458.045563;2019.860229;0.000034;0.000000;0.000000;0.000000;0.000000;2.000000;-26.984192;-667.100586;2002.674683;0.000075;0.000000;0.000000;0.000000;0.000000;2.000000;-58.794556;-632.021851;2001.775269;0.000066;0.000000;0.000000;0.000000;0.000000;2.000000;-189.877930;-596.590515;1976.424561;0.000108;0.000000;0.000000;0.000000;0.000000;2.000000;-217.164856;-401.719727;1795.913330;0.000416;0.000000;0.000000;0.000000;0.000000;2.000000;-164.266907;-221.856354;1918.713867;0.000584;0.000000;0.000000;0.000000;0.000000;2.000000;-79.545593;-186.388672;1903.811157;0.000676;0.000000;0.000000;0.000000;0.000000;2.000000;23.303162;-180.255524;1886.887817;0.000738;0.000000;0.000000;0.000000;0.000000;2.000000;-47.494629;-202.606689;1874.704712;0.000663;0.000000;0.000000;0.000000;0.000000;2.000000;5.998108;-632.929016;2007.229492;0.000071;0.000000;0.000000;0.000000;0.000000;2.000000;130.483856;-607.477234;2005.184814;0.000084;0.000000;0.000000;0.000000;0.000000;2.000000;238.865356;-361.676941;1962.026001;0.000133;0.000000;0.000000;0.000000;0.000000;2.000000;432.906433;-293.305298;2057.849609;0.000194;0.000000;0.000000;0.000000;0.000000;2.000000;520.207947;-281.374268;2105.528076;0.000189;0.000000;0.000000;0.000000;0.000000;2.000000;596.991577;-266.492065;2171.979004;0.001120;0.000000;0.000000;0.000000;0.000000;2.000000;545.644714;-306.392609;2086.158691;0.000258;0.000000;0.000000;0.000000;0.000000;2.000000;-86.738647;-144.271240;1985.624512;0.000010;0.000000;0.000000;0.000000;0.000000;2.000000;-109.898804;232.473389;2070.316162;0.000094;0.000000;0.000000;0.000000;0.000000;1.000000;-65.110840;330.447632;1716.659302;0.000117;0.000000;0.000000;0.000000;0.000000;1.000000;-115.959106;494.447510;1774.002930;0.000129;0.000000;0.000000;0.000000;0.000000;1.000000;78.216003;-155.165863;2012.963135;0.000014;0.000000;0.000000;0.000000;0.000000;2.000000;74.233826;71.643066;2325.797852;0.000205;0.000000;0.000000;0.000000;0.000000;2.000000;86.362854;65.145935;1952.462158;0.000091;0.000000;0.000000;0.000000;0.000000;2.000000;101.709808;230.286865;1967.707275;0.000200;0.000000;0.000000;0.000000;0.000000;2.000000;-29.324707;-745.731934;2009.164307;0.000092;0.000000;0.000000;0.000000;0.000000;2.000000;18.510193;-839.731079;2123.118164;0.000407;0.000000;0.000000;0.000000;0.000000;2.000000;-0.825928;-863.117310;2078.347656;0.000424;0.000000;0.000000;0.000000;0.000000;1.000000;-80.508179;-831.178467;1990.960205;0.000365;0.000000;0.000000;0.000000;0.000000;1.000000;44.975281;-841.931641;2080.761230;0.000438;0.000000;0.000000;0.000000;0.000000;2.000000;66.228821;-767.417725;1980.638062;0.000256;0.000000;0.000000;0.000000;0.000000;1.000000;14939766784.000000
0.000000;-150.000000;2000.000000;0.000000;0.000000;0.000000;0.000000;0.000000;2.000000;-14.684021;-320.519989;2020.646851;0.000002;0.000000;0.000000;0.000000;0.000000;2.000000;-23.636658;-458.045624;2019.860229;0.000003;0.000000;0.000000;0.000000;0.000000;2.000000;-26.984009;-667.100708;2002.674561;0.000008;0.000000;0.000000;0.000000;0.000000;2.000000;-58.794434;-632.022034;2001.775146;0.000008;0.000000;0.000000;0.000000;0.000000;2.000000;-189.877869;-596.590759;1976.424316;0.000011;0.000000;0.000000;0.000000;0.000000;2.000000;-217.165100;-401.720032;1795.912842;0.000019;0.000000;0.000000;0.000000;0.000000;2.000000;-164.267456;-221.856262;1918.712891;0.000034;0.000000;0.000000;0.000000;0.000000;2.000000;-79.546265;-186.388245;1903.809814;0.000048;0.000000;0.000000;0.000000;0.000000;2.000000;23.302429;-180.254425;1886.886353;0.000060;0.000000;0.000000;0.000000;0.000000;2.000000;-47.495422;-202.605988;1874.703247;0.000055;0.000000;0.000000;0.000000;0.000000;2.000000;5.998230;-632.929077;2007.229492;0.000004;0.000000;0.000000;0.000000;0.000000;2.000000;130.483978;-607.477234;2005.184937;0.000005;0.000000;0.000000;0.000000;0.000000;2.000000;238.865540;-361.676788;1962.026855;0.000027;0.000000;0.000000;0.000000;0.000000;2.000000;432.906464;-293.305328;2057.850586;0.000030;0.000000;0.000000;0.000000;0.000000;2.000000;520.208130;-281.374542;2105.529297;0.000039;0.000000;0.000000;0.000000;0.000000;2.000000;596.993408;-266.493439;2171.978516;0.000071;0.000000;0.000000;0.000000;0.000000;2.000000;545.644531;-306.393158;2086.159668;0.000035;0.000000;0.000000;0.000000;0.000000;2.000000;-86.738647;-144.271271;1985.624390;0.000004;0.000000;0.000000;0.000000;0.000000;2.000000;-109.898865;232.473389;2070.315918;0.000008;0.000000;0.000000;0.000000;0.000000;1.000000;-65.110840;330.447571;1716.658813;0.000015;0.000000;0.000000;0.000000;0.000000;1.000000;-115.959167;494.447510;1774.002319;0.000019;0.000000;0.000000;0.000000;0.000000;1.000000;78.216034;-155.165833;2012.963257;0.000004;0.000000;0.000000;0.000000;0.000000;2.000000;74.235657;71.639832;2325.800293;0.000136;0.000000;0.000000;0.000000;0.000000;2.000000;86.364502;65.164551;1952.464111;0.000573;0.000000;0.000000;0.000000;0.000000;1.000000;101.712311;230.304749;1967.715820;0.000610;0.000000;0.000000;0.000000;0.000000;1.000000;-29.324463;-745.732056;2009.164063;0.000011;0.000000;0.000000;0.000000;0.000000;2.000000;18.510986;-839.730957;2123.118164;0.000024;0.000000;0.000000;0.000000;0.000000;2.000000;-0.825012;-863.117310;2078.347168;0.000032;0.000000;0.000000;0.000000;0.000000;1.000000;-80.507568;-831.179016;1990.959961;0.000026;0.000000;0.000000;0.000000;0.000000;1.000000;44.976013;-841.931396;2080.761230;0.000024;0.000000;0.000000;0.000000;0.000000;2.000000;66.229095;-767.417419;1980.637817;0.000015;0.000000;0.000000;0.000000;0.000000;1.000000;14939799552.000000
0.000000;-150.000000;2000.000000;0.000000;0.000000;0.000000;0.000000;0.000000;2.000000;-14.676697;-320.517456;2020.645630;0.000232;0.000000;0.000000;0.000000;0.000000;2.000000;-23.622864;-458.040894;2019.860718;0.000432;0.000000;0.000000;0.000000;0.000000;2.000000;-26.948425;-667.093262;2002.685791;0.001126;0.000000;0.000000;0.000000;0.000000;2.000000;-58.761230;-632.018188;2001.779785;0.000999;0.000000;0.000000;0.000000;0.000000;2.000000;-189.840942;-596.607056;1976.395020;0.001476;0.000000;0.000000;0.000000;0.000000;2.000000;-217.125488;-401.783569;1795.839600;0.003100;0.000000;0.000000;0.000000;0.000000;2.000000;-164.282959;-221.871185;1918.584595;0.003850;0.000000;0.000000;0.000000;0.000000;2.000000;-79.574280;-186.380920;1903.674194;0.004104;0.000000;0.000000;0.000000;0.000000;2.000000;23.269409;-180.199341;1886.749878;0.004464;0.000000;0.000000;0.000000;0.000000;2.000000;-47.531372;-202.583923;1874.561279;0.004383;0.000000;0.000000;0.000000;0.000000;2.000000;6.029419;-632.919006;2007.243774;0.001058;0.000000;0.000000;0.000000;0.000000;2.000000;130.510315;-607.453186;2005.226196;0.001614;0.000000;0.000000;0.000000;0.000000;2.000000;238.866577;-361.636658;1962.128784;0.003242;0.000000;0.000000;0.000000;0.000000;2.000000;432.865479;-293.244873;2058.013184;0.005275;0.000000;0.000000;0.000000;0.000000;2.000000;520.133118;-281.273834;2105.739746;0.007252;0.000000;0.000000;0.000000;0.000000;2.000000;596.994324;-266.420105;2172.104492;0.004314;0.000000;0.000000;0.000000;0.000000;2.000000;545.574768;-306.301331;2086.396973;0.007808;0.000000;0.000000;0.000000;0.000000;2.000000;-86.736511;-144.275543;1985.619995;0.000192;0.000000;0.000000;0.000000;0.000000;2.000000;-109.916992;232.465210;2070.289795;0.000972;0.000000;0.000000;0.000000;0.000000;1.000000;-65.117981;330.426636;1716.638062;0.000898;0.000000;0.000000;0.000000;0.000000;1.000000;-115.974731;494.421997;1773.976074;0.001177;0.000000;0.000000;0.000000;0.000000;1.000000;78.214111;-155.162018;2012.967041;0.000169;0.000000;0.000000;0.000000;0.000000;2.000000;74.135956;71.637024;2325.798584;0.002952;0.000000;0.000000;0.000000;0.000000;2.000000;86.359314;65.167419;1952.472656;0.000308;0.000000;0.000000;0.000000;0.000000;2.000000;101.698517;230.304077;1967.737183;0.000753;0.000000;0.000000;0.000000;0.000000;2.000000;-29.282593;-745.723022;2009.178833;0.001341;0.000000;0.000000;0.000000;0.000000;2.000000;18.526794;-839.622925;2123.221191;0.004442;0.000000;0.000000;0.000000;0.000000;2.000000;-0.766418;-863.047302;2078.453125;0.004139;0.000000;0.000000;0.000000;0.000000;1.000000;-80.406494;-831.207275;1990.994507;0.003270;0.000000;0.000000;0.000000;0.000000;1.000000;45.020691;-841.835571;2080.884277;0.004801;0.000000;0.000000;0.000000;0.000000;2.000000;66.299744;-767.374207;1980.730347;0.003675;0.000000;0.000000;0.000000;0.000000;1.000000;14939833344.000000
0.000000;-150.000031;2000.000000;0.000001;0.000000;0.000000;0.000000;0.000000;2.000000;-14.676270;-320.517609;2020.645264;0.000017;0.000000;0.000000;0.000000;0.000000;2.000000;-23.622009;-458.041107;2019.859619;0.000042;0.000000;0.000000;0.000000;0.000000;2.000000;-26.945801;-667.093384;2002.683105;0.000111;0.000000;0.000000;0.000000;0.000000;2.000000;-58.758911;-632.018494;2001.777100;0.000105;0.000000;0.000000;0.000000;0.000000;2.000000;-189.838684;-596.609009;1976.390503;0.000160;0.000000;0.000000;0.000000;0.000000;2.000000;-217.125671;-401.785950;1795.835083;0.000151;0.000000;0.000000;0.000000;0.000000;2.000000;-164.287354;-221.870850;1918.577881;0.000238;0.000000;0.000000;0.000000;0.000000;2.000000;-79.580200;-186.377563;1903.666260;0.000309;0.000000;0.000000;0.000000;0.000000;2.000000;23.262817;-180.189606;1886.740356;0.000448;0.000000;0.000000;0.000000;0.000000;2.000000;-47.538330;-202.577332;1874.552368;0.000387;0.000000;0.000000;0.000000;0.000000;2.000000;6.031738;-632.918884;2007.241821;0.000090;0.000000;0.000000;0.000000;0.000000;2.000000;130.512512;-607.452209;2005.226685;0.000073;0.000000;0.000000;0.000000;0.000000;2.000000;238.868103;-361.633911;1962.137329;0.000269;0.000000;0.000000;0.000000;0.000000;2.000000;432.864624;-293.243774;2058.027832;0.000435;0.000000;0.000000;0.000000;0.000000;2.000000;520.130615;-281.273590;2105.757813;0.000540;0.000000;0.000000;0.000000;0.000000;2.000000;596.998291;-266.425781;2172.116211;0.000403;0.000000;0.000000;0.000000;0.000000;2.000000;545.571655;-306.302063;2086.416016;0.000571;0.000000;0.000000;0.000000;0.000000;2.000000;-86.736511;-144.275818;1985.619507;0.000017;0.000000;0.000000;0.000000;0.000000;2.000000;-109.918518;232.465088;2070.288330;0.000063;0.000000;0.000000;0.000000;0.000000;1.000000;-65.118225;330.426270;1716.636597;0.000045;0.000000;0.000000;0.000000;0.000000;1.000000;-115.975708;494.421509;1773.974487;0.000057;0.000000;0.000000;0.000000;0.000000;1.000000;78.214081;-155.161774;2012.967407;0.000013;0.000000;0.000000;0.000000;0.000000;2.000000;74.136078;71.635437;2325.800293;0.000069;0.000000;0.000000;0.000000;0.000000;2.000000;86.358551;65.168396;1952.473999;0.000054;0.000000;0.000000;0.000000;0.000000;2.000000;101.698273;230.305054;1967.739380;0.000072;0.000000;0.000000;0.000000;0.000000;2.000000;-29.279480;-745.723206;2009.175659;0.000132;0.000000;0.000000;0.000000;0.000000;2.000000;18.533325;-839.618042;2123.221191;0.000241;0.000000;0.000000;0.000000;0.000000;2.000000;-0.757690;-863.044434;2078.453125;0.000272;0.000000;0.000000;0.000000;0.000000;1.000000;-80.398132;-831.210815;1990.992310;0.000276;0.000000;0.000000;0.000000;0.000000;1.000000;45.028168;-841.830078;2080.884521;0.000275;0.000000;0.000000;0.000000;0.000000;2.000000;66.304688;-767.369446;1980.729492;0.000205;0.000000;0.000000;0.000000;0.000000;1.000000;14939867136.000000
0.000000;-150.000000;2000.000000;0.000001;0.000000;0.000000;0.000000;0.000000;2.000000;-12.837769;-321.512634;2019.027710;0.080665;0.000000;0.000000;0.000000;0.000000;2.000000;-19.818115;-459.628662;2015.455078;0.184094;0.000000;0.000000;0.000000;0.000000;2.000000;-18.021423;-669.173279;1994.699219;0.370902;0.000000;0.000000;0.000000;0.000000;2.000000;-50.735718;-634.689514;1993.795776;0.354855;0.000000;0.000000;0.000000;0.000000;2.000000;-183.043823;-603.731934;1966.204956;0.432286;0.000000;0.000000;0.000000;0.000000;2.000000;-221.008667;-412.036682;1782.755493;0.520797;0.000000;0.000000;0.000000;0.000000;2.000000;-176.932434;-224.474823;1898.885620;0.718599;0.000000;0.000000;0.000000;0.000000;2.000000;-92.483582;-184.756714;1895.141846;0.474536;0.000000;0.000000;0.000000;0.000000;2.000000;11.589661;-175.963348;1886.444336;0.378973;0.000000;0.000000;0.000000;0.000000;2.000000;-55.102417;-200.192017;1868.031616;0.313345;0.000000;0.000000;0.000000;0.000000;2.000000;14.197266;-634.208618;2000.434937;0.326799;0.000000;0.000000;0.000000;0.000000;2.000000;138.574646;-605.908997;2000.684937;0.286292;0.000000;0.000000;0.000000;0.000000;2.000000;243.593140;-356.470306;1964.111572;0.221933;0.000000;0.000000;0.000000;0.000000;2.000000;436.017792;-289.390961;2065.949219;0.285523;0.000000;0.000000;0.000000;0.000000;2.000000;520.550049;-274.053772;2118.218262;0.439670;0.000000;0.000000;0.000000;0.000000;2.000000;582.733459;-253.150085;2197.645752;0.980126;0.000000;0.000000;0.000000;0.000000;2.000000;547.950989;-300.964447;2097.168457;0.373471;0.000000;0.000000;0.000000;0.000000;2.000000;-86.948303;-145.205994;1984.549194;0.043755;0.000000;0.000000;0.000000;0.000000;2.000000;-111.675537;234.057739;2064.068848;0.203133;0.000000;0.000000;0.000000;0.000000;1.000000;-66.433289;337.471985;1710.559204;0.286778;0.000000;0.000000;0.000000;0.000000;1.000000;-116.933777;503.618164;1764.061157;0.413702;0.000000;0.000000;0.000000;0.000000;1.000000;78.405060;-154.322968;2013.932495;0.039455;0.000000;0.000000;0.000000;0.000000;2.000000;64.625610;71.777649;2328.797607;0.304340;0.000000;0.000000;0.000000;0.000000;2.000000;84.245789;67.935669;1954.333618;0.120457;0.000000;0.000000;0.000000;0.000000;2.000000;104.999512;233.691223;1960.918579;0.253292;0.000000;0.000000;0.000000;0.000000;2.000000;-18.661804;-748.232666;1999.871094;0.437592;0.000000;0.000000;0.000000;0.000000;2.000000;28.526062;-834.312012;2120.930176;0.352286;0.000000;0.000000;0.000000;0.000000;2.000000;12.884949;-860.901184;2076.256836;0.426743;0.000000;0.000000;0.000000;0.000000;1.000000;-64.042725;-837.632324;1983.198120;0.586608;0.000000;0.000000;0.000000;0.000000;1.000000;57.383331;-836.861572;2079.954590;0.407385;0.000000;0.000000;0.000000;0.000000;2.000000;79.713043;-765.550659;1977.163940;0.427034;0.000000;0.000000;0.000000;0.000000;1.000000;14939899904.000000
0.000000;-150.000031;2000.000000;0.000001;0.000000;0.000000;0.000000;0.000000;2.000000;-10.342896;-320.012512;2017.395630;0.098764;0.000000;0.000000;0.000000;0.000000;2.000000;-15.009277;-456.735992;2012.917480;0.182259;0.000000;0.000000;0.000000;0.000000;2.000000;-11.593323;-664.066956;1992.599243;0.250763;0.000000;0.000000;0.000000;0.000000;2.000000;-44.188049;-630.174561;1991.361450;0.246142;0.000000;0.000000;0.000000;0.000000;2.000000;-175.034973;-599.798157;1963.483765;0.276057;0.000000;0.000000;0.000000;0.000000;2.000000;-223.544495;-412.920959;1781.672607;0.085692;0.000000;0.000000;0.000000;0.000000;2.000000;-176.390564;-223.525604;1888.678223;0.303792;0.000000;0.000000;0.000000;0.000000;2.000000;-92.531372;-185.287811;1895.403442;0.017577;0.000000;0.000000;0.000000;0.000000;2.000000;10.326416;-180.854218;1882.998535;0.180952;0.000000;0.000000;0.000000;0.000000;2.000000;-54.123596;-201.132172;1858.392212;0.288071;0.000000;0.000000;0.000000;0.000000;2.000000;19.987610;-629.245789;1998.547119;0.232490;0.000000;0.000000;0.000000;0.000000;2.000000;143.028290;-601.201050;2000.283813;0.192150;0.000000;0.000000;0.000000;0.000000;2.000000;245.901154;-354.080994;1963.313599;0.101104;0.000000;0.000000;0.000000;0.000000;2.000000;436.966492;-289.121613;2063.717285;0.072210;0.000000;0.000000;0.000000;0.000000;2.000000;525.240356;-276.343536;2107.816895;0.344385;0.000000;0.000000;0.000000;0.000000;2.000000;599.660400;-259.171143;2175.315918;0.848130;0.000000;0.000000;0.000000;0.000000;2.000000;546.132202;-298.249207;2094.620605;0.122630;0.000000;0.000000;0.000000;0.000000;2.000000;-85.775818;-146.517029;1983.040771;0.068569;0.000000;0.000000;0.000000;0.000000;2.000000;-117.589172;229.426453;2055.565918;0.335744;0.000000;0.000000;0.000000;0.000000;1.000000;-66.129028;335.945679;1707.973633;0.089306;0.000000;0.000000;0.000000;0.000000;1.000000;-117.878113;500.373047;1759.049561;0.178880;0.000000;0.000000;0.000000;0.000000;1.000000;77.347870;-153.140808;2015.293091;0.061837;0.000000;0.000000;0.000000;0.000000;2.000000;64.476746;72.549438;2325.432129;0.102274;0.000000;0.000000;0.000000;0.000000;2.000000;85.149536;69.816589;1954.984619;0.064689;0.000000;0.000000;0.000000;0.000000;2.000000;107.539001;233.685486;1957.637207;0.122789;0.000000;0.000000;0.000000;0.000000;2.000000;-11.732483;-742.288635;1997.785767;0.277125;0.000000;0.000000;0.000000;0.000000;2.000000;26.666870;-833.338257;2116.176270;0.153781;0.000000;0.000000;0.000000;0.000000;2.000000;14.112366;-857.419434;2069.831543;0.219294;0.000000;0.000000;0.000000;0.000000;2.000000;-55.638672;-829.605591;1974.110596;0.436571;0.000000;0.000000;0.000000;0.000000;1.000000;57.853485;-834.078918;2077.548340;0.109750;0.000000;0.000000;0.000000;0.000000;2.000000;86.844238;-758.867554;1981.044556;0.311185;0.000000;0.000000;0.000000;0.000000;1.000000;14939933696.000000
0.000000;-149.999969;2000.000000;0.000002;0.000000;0.000000;0.000000;0.000000;2.000000;-10.332397;-320.023865;2017.386230;0.000552;0.000000;0.000000;0.000000;0.000000;2.000000;-14.984497;-456.754547;2012.875488;0.001592;0.000000;0.000000;0.000000;0.000000;2.000000;-11.516968;-664.088013;1992.470581;0.004611;0.000000;0.000000;0.000000;0.000000;2.000000;-44.121643;-630.200989;1991.244263;0.004189;0.000000;0.000000;0.000000;0.000000;2.000000;-174.991760;-599.871460;1963.386108;0.003953;0.000000;0.000000;0.000000;0.000000;2.000000;-223.698669;-412.907074;1781.695557;0.004776;0.000000;0.000000;0.000000;0.000000;2.000000;-176.620728;-223.518188;1888.772339;0.007592;0.000000;0.000000;0.000000;0.000000;2.000000;-92.819702;-185.138397;1895.486572;0.010230;0.000000;0.000000;0.000000;0.000000;2.000000;10.030945;-180.500031;1883.048462;0.014158;0.000000;0.000000;0.000000;0.000000;2.000000;-54.402527;-200.829803;1858.487671;0.012888;0.000000;0.000000;0.000000;0.000000;2.000000;20.056946;-629.259766;1998.435547;0.004031;0.000000;0.000000;0.000000;0.000000;2.000000;143.097809;-601.185547;2000.205322;0.003235;0.000000;0.000000;0.000000;0.000000;2.000000;245.931244;-354.005554;1963.415039;0.003966;0.000000;0.000000;0.000000;0.000000;2.000000;436.967926;-289.061310;2063.911865;0.006217;0.000000;0.000000;0.000000;0.000000;2.000000;525.205444;-276.246399;2108.086426;0.008808;0.000000;0.000000;0.000000;0.000000;2.000000;599.943726;-259.227081;2175.280273;0.008880;0.000000;0.000000;0.000000;0.000000;2.000000;546.154175;-298.109711;2094.867188;0.008672;0.000000;0.000000;0.000000;0.000000;2.000000;-85.780273;-146.521729;1983.036743;0.000233;0.000000;0.000000;0.000000;0.000000;2.000000;-117.642883;229.442078;2055.551514;0.001763;0.000000;0.000000;0.000000;0.000000;1.000000;-66.161011;335.938293;1707.933350;0.001586;0.000000;0.000000;0.000000;0.000000;1.000000;-117.939331;500.375854;1758.982910;0.002763;0.000000;0.000000;0.000000;0.000000;1.000000;77.351837;-153.136414;2015.296753;0.000212;0.000000;0.000000;0.000000;0.000000;2.000000;64.664886;72.524963;2325.491211;0.006064;0.000000;0.000000;0.000000;0.000000;2.000000;85.113586;69.838013;1955.009888;0.001492;0.000000;0.000000;0.000000;0.000000;2.000000;107.469666;233.721252;1957.641846;0.002385;0.000000;0.000000;0.000000;0.000000;2.000000;-11.637695;-742.316284;1997.624878;0.005761;0.000000;0.000000;0.000000;0.000000;2.000000;26.842834;-833.388916;2115.982910;0.008127;0.000000;0.000000;0.000000;0.000000;2.000000;14.288696;-857.463135;2069.630859;0.008261;0.000000;0.000000;0.000000;0.000000;1.000000;-55.505676;-829.653992;1973.931274;0.006972;0.000000;0.000000;0.000000;0.000000;1.000000;58.021729;-834.100464;2077.344238;0.008099;0.000000;0.000000;0.000000;0.000000;2.000000;86.949158;-758.837952;1980.852173;0.006748;0.000000;0.000000;0.000000;0.000000;1.000000;14939966464.000000
0.000000;-150.000000;2000.000000;0.000001;0.000000;0.000000;0.000000;0.000000;2.000000;-10.212646;-320.171997;2017.342651;0.005783;0.000000;0.000000;0.000000;0.000000;2.000000;-14.724976;-457.008331;2012.611816;0.013277;0.000000;0.000000;0.000000;0.000000;2.000000;-10.767456;-664.447510;1991.693115;0.033682;0.000000;0.000000;0.000000;0.000000;2.000000;-43.473694;-630.604736;1990.520264;0.031136;0.000000;0.000000;0.000000;0.000000;2.000000;-174.545227;-600.676147;1962.640625;0.035048;0.000000;0.000000;0.000000;0.000000;2.000000;-224.515564;-413.257965;1781.454956;0.027256;0.000000;0.000000;0.000000;0.000000;2.000000;-178.203674;-223.613708;1888.779785;0.046930;0.000000;0.000000;0.000000;0.000000;2.000000;-94.815125;-184.135864;1895.265259;0.066408;0.000000;0.000000;0.000000;0.000000;2.000000;8.008362;-177.685028;1882.726196;0.103019;0.000000;0.000000;0.000000;0.000000;2.000000;-56.249634;-199.154297;1858.337891;0.073932;0.000000;0.000000;0.000000;0.000000;2.000000;20.747314;-629.534729;1997.773560;0.029451;0.000000;0.000000;0.000000;0.000000;2.000000;143.814667;-601.146362;1999.797974;0.024427;0.000000;0.000000;0.000000;0.000000;2.000000;246.212311;-353.389771;1964.116821;0.028854;0.000000;0.000000;0.000000;0.000000;2.000000;437.023834;-288.237610;2065.304443;0.047908;0.000000;0.000000;0.000000;0.000000;2.000000;524.976929;-274.978088;2110.088379;0.070457;0.000000;0.000000;0.000000;0.000000;2.000000;603.766296;-259.766754;2173.078857;0.131512;0.000000;0.000000;0.000000;0.000000;2.000000;546.321960;-296.719788;2096.716553;0.068641;0.000000;0.000000;0.000000;0.000000;2.000000;-85.845032;-146.581238;1982.994629;0.002886;0.000000;0.000000;0.000000;0.000000;2.000000;-118.209351;229.687561;2055.314941;0.019565;0.000000;0.000000;0.000000;0.000000;1.000000;-66.600159;335.907288;1707.324463;0.022235;0.000000;0.000000;0.000000;0.000000;1.000000;-118.639221;500.504395;1758.094849;0.033676;0.000000;0.000000;0.000000;0.000000;1.000000;77.410187;-153.082886;2015.334473;0.002596;0.000000;0.000000;0.000000;0.000000;2.000000;66.443939;72.711243;2325.873535;0.054131;0.000000;0.000000;0.000000;0.000000;2.000000;84.951630;70.120911;1954.995728;0.009656;0.000000;0.000000;0.000000;0.000000;2.000000;107.385773;234.128540;1957.434692;0.013748;0.000000;0.000000;0.000000;0.000000;2.000000;-10.715271;-742.749939;1996.662598;0.041482;0.000000;0.000000;0.000000;0.000000;2.000000;27.413025;-833.333862;2115.666992;0.019359;0.000000;0.000000;0.000000;0.000000;2.000000;15.292236;-857.633301;2069.267578;0.031982;0.000000;0.000000;0.000000;0.000000;1.000000;-54.021301;-830.445618;1972.919800;0.058089;0.000000;0.000000;0.000000;0.000000;1.000000;58.889496;-834.012634;2077.218994;0.026076;0.000000;0.000000;0.000000;0.000000;2.000000;88.144684;-758.850159;1980.617798;0.036054;0.000000;0.000000;0.000000;0.000000;1.000000;14940000256.000000
0.000000;-149.999969;2000.000000;0.000001;0.000000;0.000000;0.000000;0.000000;2.000000;-10.128113;-320.221069;2017.278687;0.003565;0.000000;0.000000;0.000000;0.000000;2.000000;-14.548279;-457.084808;2012.393555;0.008882;0.000000;0.000000;0.000000;0.000000;2.000000;-10.344604;-664.541565;1991.246094;0.018997;0.000000;0.000000;0.000000;0.000000;2.000000;-43.096497;-630.727905;1990.099854;0.017642;0.000000;0.000000;0.000000;0.000000;2.000000;-174.223938;-601.000916;1962.120361;0.021129;0.000000;0.000000;0.000000;0.000000;2.000000;-224.622437;-413.798035;1780.746216;0.027388;0.000000;0.000000;0.000000;0.000000;2.000000;-178.818298;-223.678833;1887.547852;0.042062;0.000000;0.000000;0.000000;0.000000;2.000000;-95.719543;-183.401459;1893.050049;0.076382;0.000000;0.000000;0.000000;0.000000;2.000000;6.998047;-176.190521;1879.885864;0.102685;0.000000;0.000000;0.000000;0.000000;2.000000;-57.182373;-198.641724;1856.135986;0.074635;0.000000;0.000000;0.000000;0.000000;2.000000;21.134949;-629.591553;1997.375366;0.017047;0.000000;0.000000;0.000000;0.000000;2.000000;144.193542;-601.048340;1999.468506;0.015612;0.000000;0.000000;0.000000;0.000000;2.000000;246.327850;-353.076233;1964.084717;0.010244;0.000000;0.000000;0.000000;0.000000;2.000000;437.066833;-287.791962;2065.433105;0.014216;0.000000;0.000000;0.000000;0.000000;2.000000;525.015503;-274.451843;2110.249756;0.016839;0.000000;0.000000;0.000000;0.000000;2.000000;605.886292;-260.251282;2170.828369;0.095505;0.000000;0.000000;0.000000;0.000000;2.000000;546.450867;-296.465912;2096.616943;0.009206;0.000000;0.000000;0.000000;0.000000;2.000000;-85.862183;-146.619324;1982.975586;0.001401;0.000000;0.000000;0.000000;0.000000;2.000000;-118.505859;229.714478;2055.277344;0.009158;0.000000;0.000000;0.000000;0.000000;1.000000;-66.894470;335.880371;1707.186157;0.009958;0.000000;0.000000;0.000000;0.000000;1.000000;-119.059998;500.506226;1757.872070;0.014530;0.000000;0.000000;0.000000;0.000000;1.000000;77.425659;-153.048462;2015.351685;0.001266;0.000000;0.000000;0.000000;0.000000;2.000000;67.073730;72.624573;2326.103271;0.020629;0.000000;0.000000;0.000000;0.000000;2.000000;84.830536;70.236267;1955.106323;0.006119;0.000000;0.000000;0.000000;0.000000;2.000000;107.233948;234.281311;1957.750610;0.011668;0.000000;0.000000;0.000000;0.000000;2.000000;-10.203674;-742.866272;1996.131592;0.022781;0.000000;0.000000;0.000000;0.000000;2.000000;29.254395;-833.881470;2114.414551;0.069985;0.000000;0.000000;0.000000;0.000000;2.000000;16.818359;-858.015320;2067.999023;0.061674;0.000000;0.000000;0.000000;0.000000;1.000000;-53.421570;-830.620056;1972.349854;0.025804;0.000000;0.000000;0.000000;0.000000;1.000000;60.410767;-834.276184;2075.688965;0.066334;0.000000;0.000000;0.000000;0.000000;2.000000;88.591492;-758.556152;1979.168457;0.047146;0.000000;0.000000;0.000000;0.000000;1.000000;14940033024.000000
0.000000;-150.000031;2000.000000;0.000002;0.000000;0.000000;0.000000;0.000000;2.000000;-10.973999;-321.534119;2016.593872;0.050469;0.000000;0.000000;0.000000;0.000000;2.000000;-15.253662;-459.351807;2009.780518;0.104479;0.000000;0.000000;0.000000;0.000000;2.000000;-6.979980;-668.040405;1986.534546;0.200187;0.000000;0.000000;0.000000;0.000000;2.000000;-40.454468;-634.477234;1984.584595;0.212277;0.000000;0.000000;0.000000;0.000000;2.000000;-172.811401;-611.126343;1951.691284;0.432182;0.000000;0.000000;0.000000;0.000000;2.000000;-225.726440;-419.768372;1772.450073;0.304230;0.000000;0.000000;0.000000;0.000000;2.000000;-186.303406;-225.883667;1878.534058;0.352809;0.000000;0.000000;0.000000;0.000000;2.000000;-107.632996;-177.230164;1889.976074;0.407333;0.000000;0.000000;0.000000;0.000000;2.000000;-3.674988;-171.756226;1879.895996;0.342020;0.000000;0.000000;0.000000;0.000000;2.000000;-62.673950;-196.200043;1852.762939;0.203947;0.000000;0.000000;0.000000;0.000000;2.000000;23.943970;-632.408142;1994.153198;0.151491;0.000000;0.000000;0.000000;0.000000;2.000000;146.101898;-597.134155;2000.205078;0.130696;0.000000;0.000000;0.000000;0.000000;2.000000;249.071747;-347.621094;1962.543457;0.186371;0.000000;0.000000;0.000000;0.000000;2.000000;441.694580;-281.993683;2063.898682;0.224185;0.000000;0.000000;0.000000;0.000000;2.000000;529.499146;-272.369629;2111.531738;0.151132;0.000000;0.000000;0.000000;0.000000;2.000000;599.797180;-257.180054;2184.989990;0.465145;0.000000;0.000000;0.000000;0.000000;2.000000;558.129578;-289.522644;2090.645996;0.439185;0.000000;0.000000;0.000000;0.000000;2.000000;-86.027954;-146.370697;1980.624512;0.070135;0.000000;0.000000;0.000000;0.000000;2.000000;-119.202942;233.463013;2049.751953;0.198663;0.000000;0.000000;0.000000;0.000000;1.000000;-64.276245;330.937805;1696.731689;0.350871;0.000000;0.000000;0.000000;0.000000;1.000000;-123.462158;492.711548;1753.363525;0.296612;0.000000;0.000000;0.000000;0.000000;1.000000;77.575165;-153.272736;2017.471680;0.063242;0.000000;0.000000;0.000000;0.000000;2.000000;65.312469;85.177185;2322.137207;0.393039;0.000000;0.000000;0.000000;0.000000;2.000000;88.626007;66.936279;1949.087891;0.232105;0.000000;0.000000;0.000000;0.000000;2.000000;105.779846;232.337036;1962.572266;0.159754;0.000000;0.000000;0.000000;0.000000;2.000000;-5.757263;-746.990051;1990.665894;0.241594;0.000000;0.000000;0.000000;0.000000;2.000000;44.799896;-834.983521;2108.531738;0.492953;0.000000;0.000000;0.000000;0.000000;2.000000;25.494446;-860.768860;2064.970703;0.283886;0.000000;0.000000;0.000000;0.000000;1.000000;-55.606995;-834.223511;1976.796631;0.181302;0.000000;0.000000;0.000000;0.000000;1.000000;70.997101;-838.644531;2066.009766;0.443734;0.000000;0.000000;0.000000;0.000000;2.000000;90.100677;-768.281006;1962.245239;0.579328;0.000000;0.000000;0.000000;0.000000;1.000000;14940066816.000000
0.000000;-150.000031;2000.000000;0.000000;0.000000;0.000000;0.000000;0.000000;2.000000;-10.900696;-321.613953;2016.880005;0.009338;0.000000;0.000000;0.000000;0.000000;2.000000;-15.204956;-459.535278;2010.536499;0.023787;0.000000;0.000000;0.000000;0.000000;2.000000;-6.745789;-668.405945;1987.873291;0.042950;0.000000;0.000000;0.000000;0.000000;2.000000;-40.268311;-634.857056;1985.822266;0.039916;0.000000;0.000000;0.000000;0.000000;2.000000;-172.682373;-611.536621;1952.791992;0.036064;0.000000;0.000000;0.000000;0.000000;2.000000;-227.658325;-419.784546;1774.357422;0.082851;0.000000;0.000000;0.000000;0.000000;2.000000;-187.312622;-226.492828;1881.453491;0.096083;0.000000;0.000000;0.000000;0.000000;2.000000;-112.197937;-171.811188;1889.522705;0.216674;0.000000;0.000000;0.000000;0.000000;2.000000;-9.309082;-164.059296;1872.041504;0.377085;0.000000;0.000000;0.000000;0.000000;2.000000;-66.249634;-192.804688;1847.468018;0.220805;0.000000;0.000000;0.000000;0.000000;2.000000;24.165283;-632.704651;1995.398438;0.039644;0.000000;0.000000;0.000000;0.000000;2.000000;146.353912;-597.270447;2001.480347;0.039888;0.000000;0.000000;0.000000;0.000000;2.000000;249.326569;-347.608154;1963.645996;0.034536;0.000000;0.000000;0.000000;0.000000;2.000000;441.916016;-281.835785;2065.272461;0.042738;0.000000;0.000000;0.000000;0.000000;2.000000;530.450989;-271.924316;2111.602539;0.032142;0.000000;0.000000;0.000000;0.000000;2.000000;604.604065;-255.776611;2181.041260;0.194616;0.000000;0.000000;0.000000;0.000000;2.000000;556.993835;-289.771271;2094.527588;0.123656;0.000000;0.000000;0.000000;0.000000;2.000000;-86.106934;-146.426361;1980.726929;0.004297;0.000000;0.000000;0.000000;0.000000;2.000000;-119.608887;233.939331;2048.035645;0.055751;0.000000;0.000000;0.000000;0.000000;1.000000;-66.550781;327.422302;1693.423462;0.162853;0.000000;0.000000;0.000000;0.000000;1.000000;-125.359924;490.105713;1748.154297;0.186951;0.000000;0.000000;0.000000;0.000000;1.000000;77.646362;-153.222595;2017.379517;0.003870;0.000000;0.000000;0.000000;0.000000;2.000000;74.519775;85.348694;2322.472168;0.281219;0.000000;0.000000;0.000000;0.000000;2.000000;87.529724;67.623413;1948.674438;0.041451;0.000000;0.000000;0.000000;0.000000;2.000000;105.108765;233.208862;1960.462036;0.072626;0.000000;0.000000;0.000000;0.000000;2.000000;-5.455627;-747.389160;1992.232422;0.050185;0.000000;0.000000;0.000000;0.000000;2.000000;44.800140;-830.200989;2114.037598;0.222563;0.000000;0.000000;0.000000;0.000000;2.000000;27.778625;-857.895630;2070.656738;0.206539;0.000000;0.000000;0.000000;0.000000;1.000000;-51.609863;-836.854919;1979.391357;0.166129;0.000000;0.000000;0.000000;0.000000;1.000000;72.400452;-834.021484;2072.391113;0.244262;0.000000;0.000000;0.000000;0.000000;2.000000;91.998627;-765.793945;1967.210327;0.179094;0.000000;0.000000;0.000000;0.000000;1.000000;14940099584.000000
0.000000;-149.999969;2000.000000;0.000002;0.000000;0.000000;0.000000;0.000000;2.000000;-10.890198;-321.611938;2016.828979;0.001543;0.000000;0.000000;0.000000;0.000000;2.000000;-15.174011;-459.524445;2010.410767;0.003845;0.000000;0.000000;0.000000;0.000000;2.000000;-6.658630;-668.372681;1987.647217;0.007237;0.000000;0.000000;0.000000;0.000000;2.000000;-40.186890;-634.832031;1985.601318;0.007008;0.000000;0.000000;0.000000;0.000000;2.000000;-172.573975;-611.534058;1952.472900;0.009973;0.000000;0.000000;0.000000;0.000000;2.000000;-227.597290;-419.927307;1773.914429;0.013891;0.000000;0.000000;0.000000;0.000000;2.000000;-187.489258;-226.321777;1880.511230;0.028818;0.000000;0.000000;0.000000;0.000000;2.000000;-112.813599;-170.939697;1887.792480;0.060156;0.000000;0.000000;0.000000;0.000000;2.000000;-10.072266;-162.313019;1869.885986;0.085144;0.000000;0.000000;0.000000;0.000000;2.000000;-66.829102;-191.807526;1845.872314;0.058264;0.000000;0.000000;0.000000;0.000000;2.000000;24.240051;-632.669556;1995.200806;0.006339;0.000000;0.000000;0.000000;0.000000;2.000000;146.406403;-597.188538;2001.342163;0.005001;0.000000;0.000000;0.000000;0.000000;2.000000;249.221802;-347.459167;1963.608398;0.005504;0.000000;0.000000;0.000000;0.000000;2.000000;441.709198;-281.566956;2065.328369;0.010173;0.000000;0.000000;0.000000;0.000000;2.000000;530.175781;-271.575958;2111.762207;0.013962;0.000000;0.000000;0.000000;0.000000;2.000000;606.022583;-256.266907;2179.534912;0.062927;0.000000;0.000000;0.000000;0.000000;2.000000;556.708008;-289.764771;2094.688965;0.009715;0.000000;0.000000;0.000000;0.000000;2.000000;-86.099365;-146.427856;1980.710449;0.000538;0.000000;0.000000;0.000000;0.000000;2.000000;-119.652344;233.926880;2047.958374;0.002649;0.000000;0.000000;0.000000;0.000000;1.000000;-66.489380;327.215454;1693.327637;0.006987;0.000000;0.000000;0.000000;0.000000;1.000000;-125.339478;489.930542;1747.893921;0.009306;0.000000;0.000000;0.000000;0.000000;1.000000;77.639526;-153.221100;2017.394287;0.000484;0.000000;0.000000;0.000000;0.000000;2.000000;73.031219;85.277161;2322.503662;0.044111;0.000000;0.000000;0.000000;0.000000;2.000000;87.656281;67.722900;1948.774170;0.005604;0.000000;0.000000;0.000000;0.000000;2.000000;105.322266;233.311096;1960.286987;0.008712;0.000000;0.000000;0.000000;0.000000;2.000000;-5.351685;-747.354370;1991.967285;0.008490;0.000000;0.000000;0.000000;0.000000;2.000000;44.846222;-830.604004;2113.489014;0.020190;0.000000;0.000000;0.000000;0.000000;2.000000;27.700928;-858.142029;2070.060059;0.019242;0.000000;0.000000;0.000000;0.000000;1.000000;-51.745605;-836.666016;1978.953735;0.014666;0.000000;0.000000;0.000000;0.000000;1.000000;72.383118;-834.385986;2071.799805;0.020562;0.000000;0.000000;0.000000;0.000000;2.000000;92.020020;-765.938965;1966.775513;0.013579;0.000000;0.000000;0.000000;0.000000;1.000000;14940133376.000000
0.000000;-149.999969;2000.000000;0.000000;0.000000;0.000000;0.000000;0.000000;2.000000;-10.890198;-321.611938;2016.828979;0.000000;0.000000;0.000000;0.000000;0.000000;2.000000;-15.174011;-459.524445;2010.410767;0.000000;0.000000;0.000000;0.000000;0.000000;2.000000;-6.658630;-668.372681;1987.647217;0.000000;0.000000;0.000000;0.000000;0.000000;2.000000;-40.186890;-634.832031;1985.601318;0.000000;0.000000;0.000000;0.000000;0.000000;2.000000;-172.573975;-611.534058;1952.472900;0.000000;0.000000;0.000000;0.000000;0.000000;2.000000;-227.597290;-419.927307;1773.914429;0.000000;0.000000;0.000000;0.000000;0.000000;2.000000;-187.489258;-226.321777;1880.511230;0.000000;0.000000;0.000000;0.000000;0.000000;2.000000;-112.813599;-170.939697;1887.792480;0.000000;0.000000;0.000000;0.000000;0.000000;2.000000;-10.072266;-162.313019;1869.885986;0.000000;0.000000;0.000000;0.000000;0.000000;2.000000;-66.829102;-191.807526;1845.872314;0.000000;0.000000;0.000000;0.000000;0.000000;2.000000;24.240051;-632.669556;1995.200806;0.000000;0.000000;0.000000;0.000000;0.000000;2.000000;146.406403;-597.188538;2001.342163;0.000000;0.000000;0.000000;0.000000;0.000000;2.000000;249.221802;-347.459167;1963.608398;0.000000;0.000000;0.000000;0.000000;0.000000;2.000000;441.709198;-281.566956;2065.328369;0.000000;0.000000;0.000000;0.000000;0.000000;2.000000;530.175781;-271.575958;2111.762207;0.000000;0.000000;0.000000;0.000000;0.000000;2.000000;606.022583;-256.266907;2179.534912;0.000000;0.000000;0.000000;0.000000;0.000000;2.000000;556.708008;-289.764771;2094.688965;0.000000;0.000000;0.000000;0.000000;0.000000;2.000000;-86.099365;-146.427856;1980.710449;0.000000;0.000000;0.000000;0.000000;0.000000;2.000000;-119.652344;233.926880;2047.958374;0.000000;0.000000;0.000000;0.000000;0.000000;1.000000;-66.489380;327.215454;1693.327637;0.000000;0.000000;0.000000;0.000000;0.000000;1.000000;-125.339478;489.930542;1747.893921;0.000000;0.000000;0.000000;0.000000;0.000000;1.000000;77.639526;-153.221100;2017.394287;0.000000;0.000000;0.000000;0.000000;0.000000;2.000000;73.031219;85.277161;2322.503662;0.000000;0.000000;0.000000;0.000000;0.000000;1.000000;87.656281;67.722900;1948.774170;0.000000;0.000000;0.000000;0.000000;0.000000;1.000000;105.322266;233.311096;1960.286987;0.000000;0.000000;0.000000;0.000000;0.000000;1.000000;-5.351685;-747.354370;1991.967285;0.000000;0.000000;0.000000;0.000000;0.000000;2.000000;44.846222;-830.604004;2113.489014;0.000000;0.000000;0.000000;0.000000;0.000000;2.000000;27.700928;-858.142029;2070.060059;0.000000;0.000000;0.000000;0.000000;0.000000;1.000000;-51.745605;-836.666016;1978.953735;0.000000;0.000000;0.000000;0.000000;0.000000;1.000000;72.383118;-834.385986;2071.799805;0.000000;0.000000;0.000000;0.000000;0.000000;2.000000;92.020020;-765.938965;1966.775513;0.000000;0.000000;0.000000;0.000000;0.000000;1.000000;14940167168.000000
0.000000;-149.999969;2000.000000;0.000000;0.000000;0.000000;0.000000;0.000000;2.000000;-10.890198;-321.611969;2016.828857;0.000004;0.000000;0.000000;0.000000;0.000000;2.000000;-15.174011;-459.524414;2010.410522;0.000008;0.000000;0.000000;0.000000;0.000000;2.000000;-6.658630;-668.372620;1987.646606;0.000019;0.000000;0.000000;0.000000;0.000000;2.000000;-40.186829;-634.831970;1985.600708;0.000019;0.000000;0.000000;0.000000;0.000000;2.000000;-172.573975;-611.533997;1952.472290;0.000019;0.000000;0.000000;0.000000;0.000000;2.000000;-227.597534;-419.926971;1773.914185;0.000015;0.000000;0.000000;0.000000;0.000000;2.000000;-187.489624;-226.321472;1880.511108;0.000015;0.000000;0.000000;0.000000;0.000000;2.000000;-112.814453;-170.938782;1887.792114;0.000040;0.000000;0.000000;0.000000;0.000000;2.000000;-10.073181;-162.310608;1869.885620;0.000079;0.000000;0.000000;0.000000;0.000000;2.000000;-66.829895;-191.805511;1845.872437;0.000066;0.000000;0.000000;0.000000;0.000000;2.000000;24.240112;-632.669495;1995.200195;0.000019;0.000000;0.000000;0.000000;0.000000;2.000000;146.406433;-597.188477;2001.341797;0.000011;0.000000;0.000000;0.000000;0.000000;2.000000;249.221802;-347.459045;1963.608521;0.000005;0.000000;0.000000;0.000000;0.000000;2.000000;441.709167;-281.567108;2065.328613;0.000009;0.000000;0.000000;0.000000;0.000000;2.000000;530.175720;-271.576294;2111.762695;0.000018;0.000000;0.000000;0.000000;0.000000;2.000000;606.023865;-256.268280;2179.534180;0.000062;0.000000;0.000000;0.000000;0.000000;2.000000;556.708008;-289.765259;2094.689453;0.000021;0.000000;0.000000;0.000000;0.000000;2.000000;-86.099365;-146.427856;1980.710449;0.000000;0.000000;0.000000;0.000000;0.000000;2.000000;-119.652283;233.926819;2047.958374;0.000003;0.000000;0.000000;0.000000;0.000000;1.000000;-66.489258;327.215271;1693.327515;0.000008;0.000000;0.000000;0.000000;0.000000;1.000000;-125.339355;489.930298;1747.893677;0.000011;0.000000;0.000000;0.000000;0.000000;1.000000;77.639526;-153.221100;2017.394287;0.000000;0.000000;0.000000;0.000000;0.000000;2.000000;73.030060;85.277222;2322.503662;0.000035;0.000000;0.000000;0.000000;0.000000;2.000000;87.656464;67.722839;1948.774170;0.000006;0.000000;0.000000;0.000000;0.000000;2.000000;105.322723;233.311035;1960.286987;0.000014;0.000000;0.000000;0.000000;0.000000;2.000000;-5.351685;-747.354248;1991.966431;0.000026;0.000000;0.000000;0.000000;0.000000;2.000000;44.846924;-830.604614;2113.487305;0.000059;0.000000;0.000000;0.000000;0.000000;2.000000;27.701355;-858.142456;2070.058105;0.000062;0.000000;0.000000;0.000000;0.000000;1.000000;-51.745789;-836.665833;1978.952759;0.000031;0.000000;0.000000;0.000000;0.000000;1.000000;72.383575;-834.386475;2071.797852;0.000063;0.000000;0.000000;0.000000;0.000000;2.000000;92.019836;-765.938721;1966.774048;0.000046;0.000000;0.000000;0.000000;0.000000;1.000000;14940199936.000000
0.000000;-150.000031;2000.000000;0.000002;0.000000;0.000000;0.000000;0.000000;2.000000;-10.878357;-321.608032;2016.803101;0.000847;0.000000;0.000000;0.000000;0.000000;2.000000;-15.136536;-459.511719;2010.303833;0.003367;0.000000;0.000000;0.000000;0.000000;2.000000;-6.553955;-668.320801;1987.289063;0.011131;0.000000;0.000000;0.000000;0.000000;2.000000;-40.090393;-634.789124;1985.276489;0.010090;0.000000;0.000000;0.000000;0.000000;2.000000;-172.485046;-611.516357;1952.184448;0.008931;0.000000;0.000000;0.000000;0.000000;2.000000;-227.699402;-419.615479;1774.017944;0.010173;0.000000;0.000000;0.000000;0.000000;2.000000;-187.706055;-226.150085;1880.892212;0.013926;0.000000;0.000000;0.000000;0.000000;2.000000;-113.228149;-170.529572;1888.329346;0.023437;0.000000;0.000000;0.000000;0.000000;2.000000;-10.529663;-161.142761;1870.585449;0.042494;0.000000;0.000000;0.000000;0.000000;2.000000;-67.124695;-190.664734;1846.791260;0.044216;0.000000;0.000000;0.000000;0.000000;2.000000;24.331055;-632.619141;1994.892700;0.009606;0.000000;0.000000;0.000000;0.000000;2.000000;146.481384;-597.118042;2001.125000;0.007101;0.000000;0.000000;0.000000;0.000000;2.000000;249.260803;-347.314453;1963.870850;0.008939;0.000000;0.000000;0.000000;0.000000;2.000000;441.685028;-281.602631;2065.805664;0.014174;0.000000;0.000000;0.000000;0.000000;2.000000;530.072876;-271.695129;2112.397949;0.019366;0.000000;0.000000;0.000000;0.000000;2.000000;606.447693;-256.833099;2179.668701;0.021273;0.000000;0.000000;0.000000;0.000000;2.000000;556.585144;-289.882996;2095.431641;0.022533;0.000000;0.000000;0.000000;0.000000;2.000000;-86.093628;-146.432129;1980.701172;0.000347;0.000000;0.000000;0.000000;0.000000;2.000000;-119.687012;233.905090;2047.934570;0.001402;0.000000;0.000000;0.000000;0.000000;1.000000;-66.471863;327.133850;1693.311768;0.002508;0.000000;0.000000;0.000000;0.000000;1.000000;-125.347473;489.851807;1747.816772;0.003261;0.000000;0.000000;0.000000;0.000000;1.000000;77.634460;-153.217377;2017.402710;0.000311;0.000000;0.000000;0.000000;0.000000;2.000000;72.479767;85.200806;2322.545410;0.016487;0.000000;0.000000;0.000000;0.000000;2.000000;87.669586;67.763428;1948.848511;0.002536;0.000000;0.000000;0.000000;0.000000;2.000000;105.297852;233.341553;1960.463135;0.005341;0.000000;0.000000;0.000000;0.000000;2.000000;-5.224487;-747.303955;1991.513062;0.014014;0.000000;0.000000;0.000000;0.000000;2.000000;45.331696;-830.700806;2112.776611;0.025617;0.000000;0.000000;0.000000;0.000000;2.000000;28.151550;-858.182373;2069.328613;0.025395;0.000000;0.000000;0.000000;0.000000;1.000000;-51.495239;-836.662354;1978.414673;0.017565;0.000000;0.000000;0.000000;0.000000;1.000000;72.796265;-834.357910;2071.031006;0.025784;0.000000;0.000000;0.000000;0.000000;2.000000;92.126343;-765.680725;1966.106445;0.021413;0.000000;0.000000;0.000000;0.000000;1.000000;14940233728.000000
0.000000;-150.000000;2000.000000;0.000001;0.000000;0.000000;0.000000;0.000000;2.000000;-10.934753;-321.543549;2016.517578;0.009097;0.000000;0.000000;0.000000;0.000000;2.000000;-15.126587;-459.346893;2009.373657;0.028831;0.000000;0.000000;0.000000;0.000000;2.000000;-6.385803;-667.822937;1984.455444;0.087950;0.000000;0.000000;0.000000;0.000000;2.000000;-39.924561;-634.312622;1982.714355;0.079692;0.000000;0.000000;0.000000;0.000000;2.000000;-172.301819;-610.987000;1949.886353;0.072186;0.000000;0.000000;0.000000;0.000000;2.000000;-228.390808;-416.731750;1774.775269;0.093403;0.000000;0.000000;0.000000;0.000000;2.000000;-188.901489;-224.591492;1883.962036;0.111220;0.000000;0.000000;0.000000;0.000000;2.000000;-115.657898;-167.647705;1892.897949;0.180753;0.000000;0.000000;0.000000;0.000000;2.000000;-13.291321;-153.953674;1876.395630;0.294408;0.000000;0.000000;0.000000;0.000000;2.000000;-69.000183;-181.530640;1855.267090;0.384556;0.000000;0.000000;0.000000;0.000000;2.000000;24.451416;-632.191284;1992.420166;0.076665;0.000000;0.000000;0.000000;0.000000;2.000000;146.531952;-596.781128;1999.189331;0.059980;0.000000;0.000000;0.000000;0.000000;2.000000;249.541870;-346.779724;1965.044312;0.040278;0.000000;0.000000;0.000000;0.000000;2.000000;441.780914;-282.827728;2068.182129;0.081646;0.000000;0.000000;0.000000;0.000000;2.000000;529.922302;-273.960571;2115.337402;0.113348;0.000000;0.000000;0.000000;0.000000;2.000000;611.285645;-263.537079;2177.304688;0.262412;0.000000;0.000000;0.000000;0.000000;2.000000;556.368408;-291.468384;2098.783447;0.113347;0.000000;0.000000;0.000000;0.000000;2.000000;-86.032837;-146.379608;1980.645264;0.002987;0.000000;0.000000;0.000000;0.000000;2.000000;-119.648254;233.727905;2048.028076;0.006227;0.000000;0.000000;0.000000;0.000000;1.000000;-65.985229;326.878418;1693.649658;0.019689;0.000000;0.000000;0.000000;0.000000;1.000000;-124.978333;489.510498;1747.976074;0.016094;0.000000;0.000000;0.000000;0.000000;1.000000;77.579559;-153.264679;2017.452881;0.002690;0.000000;0.000000;0.000000;0.000000;2.000000;68.162201;83.724670;2323.355713;0.141428;0.000000;0.000000;0.000000;0.000000;2.000000;87.848816;67.687683;1949.997192;0.035554;0.000000;0.000000;0.000000;0.000000;2.000000;105.693939;233.036560;1963.214355;0.085335;0.000000;0.000000;0.000000;0.000000;2.000000;-5.010437;-746.800598;1987.950073;0.110008;0.000000;0.000000;0.000000;0.000000;2.000000;45.357056;-830.806641;2108.769287;0.122339;0.000000;0.000000;0.000000;0.000000;2.000000;28.370544;-858.037354;2065.122070;0.128624;0.000000;0.000000;0.000000;0.000000;1.000000;-51.022705;-836.130127;1974.163330;0.131546;0.000000;0.000000;0.000000;0.000000;1.000000;72.934845;-834.138672;2067.101807;0.120171;0.000000;0.000000;0.000000;0.000000;2.000000;92.403412;-764.794434;1962.721069;0.107130;0.000000;0.000000;0.000000;0.000000;1.000000;14940266496.000000
0.000000;-150.000031;2000.000000;0.000001;0.000000;0.000000;0.000000;0.000000;2.000000;-9.378113;-320.678101;2015.729858;0.057631;0.000000;0.000000;0.000000;0.000000;2.000000;-13.787537;-457.635620;2008.258179;0.072280;0.000000;0.000000;0.000000;0.000000;2.000000;-6.912964;-664.764832;1982.052368;0.116148;0.000000;0.000000;0.000000;0.000000;2.000000;-39.928040;-631.128967;1980.381348;0.116802;0.000000;0.000000;0.000000;0.000000;2.000000;-171.451660;-610.348267;1945.907593;0.121875;0.000000;0.000000;0.000000;0.000000;2.000000;-226.527832;-421.922058;1766.576416;0.292402;0.000000;0.000000;0.000000;0.000000;2.000000;-198.595886;-217.912628;1852.611572;0.991001;0.000000;0.000000;0.000000;0.000000;2.000000;-128.599792;-162.856140;1878.175171;0.597168;0.000000;0.000000;0.000000;0.000000;2.000000;-33.162964;-124.005371;1892.018921;1.159747;0.000000;0.000000;0.000000;0.000000;2.000000;-83.668579;-157.932770;1874.840942;1.005788;0.000000;0.000000;0.000000;0.000000;2.000000;24.029358;-629.692993;1990.387207;0.096131;0.000000;0.000000;0.000000;0.000000;2.000000;146.413971;-598.456909;1997.985840;0.061154;0.000000;0.000000;0.000000;0.000000;2.000000;250.535950;-350.487122;1965.314209;0.113868;0.000000;0.000000;0.000000;0.000000;2.000000;442.006897;-296.254944;2072.406250;0.416602;0.000000;0.000000;0.000000;0.000000;2.000000;526.522827;-277.419464;2121.945557;0.242567;0.000000;0.000000;0.000000;0.000000;2.000000;626.469910;-276.199951;2143.217773;1.166132;0.000000;0.000000;0.000000;0.000000;2.000000;557.049988;-298.842896;2100.276367;0.223571;0.000000;0.000000;0.000000;0.000000;2.000000;-86.626953;-146.478210;1986.567017;0.176145;0.000000;0.000000;0.000000;0.000000;2.000000;-113.327698;229.537415;2065.769043;0.570958;0.000000;0.000000;0.000000;0.000000;1.000000;-76.891418;332.710388;1714.280396;0.711819;0.000000;0.000000;0.000000;0.000000;1.000000;-131.051208;493.814575;1774.308594;0.809787;0.000000;0.000000;0.000000;0.000000;1.000000;78.115417;-153.175842;2012.113159;0.158833;0.000000;0.000000;0.000000;0.000000;2.000000;59.212006;70.534241;2324.604492;0.473164;0.000000;0.000000;0.000000;0.000000;2.000000;85.607849;57.828308;1953.761719;0.319274;0.000000;0.000000;0.000000;0.000000;2.000000;110.378204;220.630859;1973.394409;0.494720;0.000000;0.000000;0.000000;0.000000;2.000000;-6.302734;-743.305481;1984.971558;0.141172;0.000000;0.000000;0.000000;0.000000;2.000000;39.448242;-814.804199;2114.197754;0.529753;0.000000;0.000000;0.000000;0.000000;2.000000;18.023743;-845.459717;2075.447266;0.570660;0.000000;0.000000;0.000000;0.000000;1.000000;-61.751770;-827.510803;1984.937378;0.517227;0.000000;0.000000;0.000000;0.000000;1.000000;64.643005;-826.721436;2072.950684;0.371951;0.000000;0.000000;0.000000;0.000000;2.000000;86.976074;-775.064514;1960.144409;0.352104;0.000000;0.000000;0.000000;0.000000;1.000000;14940300288.000000
0.000000;-149.999969;2000.000000;0.000002;0.000000;0.000000;0.000000;0.000000;2.000000;-9.268921;-322.659302;2014.568604;0.070161;0.000000;0.000000;0.000000;0.000000;2.000000;-13.972961;-461.048920;2006.214722;0.121538;0.000000;0.000000;0.000000;0.000000;2.000000;-3.740173;-670.308228;1979.859253;0.206091;0.000000;0.000000;0.000000;0.000000;2.000000;-37.670776;-636.856873;1978.302979;0.198303;0.000000;0.000000;0.000000;0.000000;2.000000;-170.404297;-612.505554;1944.830200;0.080231;0.000000;0.000000;0.000000;0.000000;2.000000;-235.012085;-425.144379;1763.276001;0.294710;0.000000;0.000000;0.000000;0.000000;2.000000;-184.318542;-217.843781;1836.389038;0.659503;0.000000;0.000000;0.000000;0.000000;2.000000;-144.260681;-147.193665;1883.030396;0.691982;0.000000;0.000000;0.000000;0.000000;2.000000;-63.759827;-87.664032;1914.982544;1.610273;0.000000;0.000000;0.000000;0.000000;2.000000;-89.531433;-131.894806;1871.108154;0.822437;0.000000;0.000000;0.000000;0.000000;2.000000;26.996033;-634.343567;1988.106079;0.182169;0.000000;0.000000;0.000000;0.000000;2.000000;149.690857;-598.854065;1994.984741;0.136145;0.000000;0.000000;0.000000;0.000000;2.000000;250.252960;-346.714905;1958.754150;0.231097;0.000000;0.000000;0.000000;0.000000;2.000000;444.871948;-298.234863;2068.109375;0.168792;0.000000;0.000000;0.000000;0.000000;2.000000;524.370056;-275.542297;2125.851318;0.147666;0.000000;0.000000;0.000000;0.000000;2.000000;627.520691;-279.614441;2129.682617;0.427206;0.000000;0.000000;0.000000;0.000000;2.000000;559.751038;-305.286194;2098.926270;0.217157;0.000000;0.000000;0.000000;0.000000;2.000000;-87.798889;-146.294525;1988.055054;0.058075;0.000000;0.000000;0.000000;0.000000;2.000000;-114.572632;231.854187;2076.927246;0.349853;0.000000;0.000000;0.000000;0.000000;1.000000;-82.515686;327.015991;1718.611328;0.277719;0.000000;0.000000;0.000000;0.000000;1.000000;-138.438782;483.405762;1793.545654;0.704543;0.000000;0.000000;0.000000;0.000000;1.000000;79.172150;-153.341339;2010.771118;0.052373;0.000000;0.000000;0.000000;0.000000;2.000000;62.501373;80.572632;2321.080078;0.339844;0.000000;0.000000;0.000000;0.000000;2.000000;89.175751;50.413391;1947.206787;0.321056;0.000000;0.000000;0.000000;0.000000;2.000000;114.985748;212.005920;1983.615356;0.431677;0.000000;0.000000;0.000000;0.000000;2.000000;-1.815796;-749.677979;1982.870605;0.246334;0.000000;0.000000;0.000000;0.000000;2.000000;42.254578;-815.224243;2117.732666;0.138334;0.000000;0.000000;0.000000;0.000000;2.000000;20.506775;-848.038025;2080.130127;0.179879;0.000000;0.000000;0.000000;0.000000;1.000000;-59.062256;-833.895996;1987.007568;0.220678;0.000000;0.000000;0.000000;0.000000;1.000000;67.915436;-829.909729;2077.013672;0.186587;0.000000;0.000000;0.000000;0.000000;2.000000;92.228912;-784.406128;1960.490845;0.327233;0.000000;0.000000;0.000000;0.000000;1.000000;14940333056.000000
0.000000;-150.000000;2000.000000;0.000001;0.000000;0.000000;0.000000;0.000000;2.000000;-9.438049;-321.540466;2014.507690;0.033534;0.000000;0.000000;0.000000;0.000000;2.000000;-14.637634;-459.012573;2005.979736;0.063770;0.000000;0.000000;0.000000;0.000000;2.000000;-3.209595;-666.490234;1976.946655;0.142973;0.000000;0.000000;0.000000;0.000000;2.000000;-37.081665;-633.404602;1975.619263;0.130570;0.000000;0.000000;0.000000;0.000000;2.000000;-169.395142;-613.254456;1941.379883;0.108666;0.000000;0.000000;0.000000;0.000000;2.000000;-241.152344;-429.712524;1761.149658;0.235057;0.000000;0.000000;0.000000;0.000000;2.000000;-195.823792;-228.429565;1848.732910;0.589484;0.000000;0.000000;0.000000;0.000000;2.000000;-160.554932;-158.528625;1899.028687;0.754430;0.000000;0.000000;0.000000;0.000000;2.000000;-78.917236;-95.773346;1916.389404;0.510411;0.000000;0.000000;0.000000;0.000000;2.000000;-100.624573;-139.204742;1883.164795;0.530905;0.000000;0.000000;0.000000;0.000000;2.000000;27.085205;-630.721069;1985.867676;0.126042;0.000000;0.000000;0.000000;0.000000;2.000000;148.935425;-595.522766;1993.987671;0.105304;0.000000;0.000000;0.000000;0.000000;2.000000;249.363312;-344.834717;1960.619263;0.082676;0.000000;0.000000;0.000000;0.000000;2.000000;443.225769;-301.813171;2070.559570;0.137273;0.000000;0.000000;0.000000;0.000000;2.000000;515.779846;-276.722565;2134.947266;0.371883;0.000000;0.000000;0.000000;0.000000;2.000000;618.284363;-280.510803;2138.659424;0.382075;0.000000;0.000000;0.000000;0.000000;2.000000;558.796936;-310.527557;2100.774902;0.166877;0.000000;0.000000;0.000000;0.000000;2.000000;-87.430542;-146.056915;1989.744507;0.051651;0.000000;0.000000;0.000000;0.000000;2.000000;-110.764099;227.914307;2086.079102;0.315665;0.000000;0.000000;0.000000;0.000000;1.000000;-86.154297;319.998779;1728.834351;0.382413;0.000000;0.000000;0.000000;0.000000;1.000000;-141.997437;472.663208;1808.536011;0.555823;0.000000;0.000000;0.000000;0.000000;1.000000;78.839935;-153.555603;2009.247681;0.046576;0.000000;0.000000;0.000000;0.000000;2.000000;64.243286;86.187439;2312.014160;0.319755;0.000000;0.000000;0.000000;0.000000;2.000000;91.418976;43.061279;1941.876343;0.276814;0.000000;0.000000;0.000000;0.000000;2.000000;114.893219;203.396912;1980.440186;0.271554;0.000000;0.000000;0.000000;0.000000;2.000000;-0.913696;-745.376343;1978.843384;0.176410;0.000000;0.000000;0.000000;0.000000;2.000000;39.134705;-811.569763;2113.489502;0.189702;0.000000;0.000000;0.000000;0.000000;2.000000;17.476318;-843.661438;2075.714844;0.204668;0.000000;0.000000;0.000000;0.000000;1.000000;-59.650330;-827.811157;1981.855591;0.236583;0.000000;0.000000;0.000000;0.000000;1.000000;65.006378;-826.668213;2073.456787;0.166409;0.000000;0.000000;0.000000;0.000000;2.000000;92.133514;-781.871521;1958.175903;0.101621;0.000000;0.000000;0.000000;0.000000;1.000000;14940366848.000000
0.000000;-149.999969;2000.000000;0.000001;0.000000;0.000000;0.000000;0.000000;2.000000;-8.651672;-323.162140;2013.757568;0.059575;0.000000;0.000000;0.000000;0.000000;2.000000;-12.788025;-461.839478;2004.567017;0.111747;0.000000;0.000000;0.000000;0.000000;2.000000;-2.555115;-671.294556;1975.935913;0.151151;0.000000;0.000000;0.000000;0.000000;2.000000;-36.456970;-637.666748;1974.178833;0.138615;0.000000;0.000000;0.000000;0.000000;2.000000;-169.293335;-615.640259;1938.252075;0.120092;0.000000;0.000000;0.000000;0.000000;2.000000;-240.678284;-427.434296;1759.203125;0.092585;0.000000;0.000000;0.000000;0.000000;2.000000;-206.993835;-228.551086;1861.360229;0.514503;0.000000;0.000000;0.000000;0.000000;2.000000;-180.171387;-153.128143;1910.392578;0.711203;0.000000;0.000000;0.000000;0.000000;2.000000;-89.336426;-100.033783;1915.531006;0.344521;0.000000;0.000000;0.000000;0.000000;2.000000;-103.300232;-143.160614;1888.146362;0.210602;0.000000;0.000000;0.000000;0.000000;2.000000;28.187927;-635.418518;1985.137695;0.148927;0.000000;0.000000;0.000000;0.000000;2.000000;150.842834;-599.232361;1994.257202;0.127562;0.000000;0.000000;0.000000;0.000000;2.000000;249.638184;-345.497192;1959.531616;0.039760;0.000000;0.000000;0.000000;0.000000;2.000000;445.258118;-302.871643;2070.634277;0.069967;0.000000;0.000000;0.000000;0.000000;2.000000;515.239075;-276.414459;2138.596924;0.112987;0.000000;0.000000;0.000000;0.000000;2.000000;618.476379;-282.945618;2134.093018;0.158036;0.000000;0.000000;0.000000;0.000000;2.000000;560.565552;-315.885376;2100.767090;0.172186;0.000000;0.000000;0.000000;0.000000;2.000000;-87.988647;-146.569733;1987.841919;0.062500;0.000000;0.000000;0.000000;0.000000;2.000000;-113.516418;228.048340;2094.262695;0.263521;0.000000;0.000000;0.000000;0.000000;1.000000;-88.815552;322.495422;1734.281372;0.200084;0.000000;0.000000;0.000000;0.000000;1.000000;-145.636414;477.874756;1811.632446;0.215771;0.000000;0.000000;0.000000;0.000000;1.000000;79.343262;-153.093140;2010.963501;0.056365;0.000000;0.000000;0.000000;0.000000;2.000000;70.757172;83.728333;2320.527344;0.335627;0.000000;0.000000;0.000000;0.000000;2.000000;89.726715;45.655884;1946.027832;0.158076;0.000000;0.000000;0.000000;0.000000;2.000000;115.464813;208.199890;1979.960571;0.148333;0.000000;0.000000;0.000000;0.000000;2.000000;-0.857849;-750.882141;1978.078247;0.169647;0.000000;0.000000;0.000000;0.000000;2.000000;48.226318;-816.630249;2111.523682;0.323156;0.000000;0.000000;0.000000;0.000000;2.000000;24.145935;-849.323242;2075.071777;0.267710;0.000000;0.000000;0.000000;0.000000;1.000000;-59.502808;-834.206421;1985.360962;0.222609;0.000000;0.000000;0.000000;0.000000;1.000000;71.793457;-832.043701;2069.679199;0.288275;0.000000;0.000000;0.000000;0.000000;2.000000;91.643402;-787.534607;1951.612915;0.264965;0.000000;0.000000;0.000000;0.000000;1.000000;14940399616.000000
0.000000;-150.000031;2000.000000;0.000002;0.000000;0.000000;0.000000;0.000000;2.000000;-8.442383;-323.190430;2013.773560;0.006268;0.000000;0.000000;0.000000;0.000000;2.000000;-12.119995;-461.900665;2004.652710;0.020013;0.000000;0.000000;0.000000;0.000000;2.000000;-2.230469;-671.461670;1976.508179;0.020088;0.000000;0.000000;0.000000;0.000000;2.000000;-35.946228;-637.685425;1974.025269;0.015792;0.000000;0.000000;0.000000;0.000000;2.000000;-168.093384;-616.040894;1935.368896;0.093173;0.000000;0.000000;0.000000;0.000000;2.000000;-242.217957;-427.629974;1757.608643;0.065848;0.000000;0.000000;0.000000;0.000000;2.000000;-220.934082;-233.053680;1870.849854;0.516525;0.000000;0.000000;0.000000;0.000000;2.000000;-193.286255;-160.378540;1923.462524;0.588437;0.000000;0.000000;0.000000;0.000000;2.000000;-107.554871;-99.155151;1922.641968;0.579331;0.000000;0.000000;0.000000;0.000000;2.000000;-116.892029;-145.838776;1900.952637;0.558285;0.000000;0.000000;0.000000;0.000000;2.000000;28.481750;-635.702881;1986.279175;0.035881;0.000000;0.000000;0.000000;0.000000;2.000000;151.594727;-601.796753;1997.856323;0.132657;0.000000;0.000000;0.000000;0.000000;2.000000;244.597534;-346.708405;1957.299072;0.167034;0.000000;0.000000;0.000000;0.000000;2.000000;440.659180;-304.587708;2067.866211;0.166766;0.000000;0.000000;0.000000;0.000000;2.000000;502.120300;-276.756226;2143.142090;0.410986;0.000000;0.000000;0.000000;0.000000;2.000000;604.901672;-286.350128;2134.945313;0.414922;0.000000;0.000000;0.000000;0.000000;2.000000;552.463623;-321.037933;2104.972168;0.310192;0.000000;0.000000;0.000000;0.000000;2.000000;-87.820190;-146.787964;1986.560303;0.038794;0.000000;0.000000;0.000000;0.000000;2.000000;-116.368286;226.402588;2097.298828;0.132541;0.000000;0.000000;0.000000;0.000000;1.000000;-88.127869;324.860657;1738.612427;0.147446;0.000000;0.000000;0.000000;0.000000;1.000000;-145.739197;480.768066;1814.346558;0.117436;0.000000;0.000000;0.000000;0.000000;1.000000;79.191315;-152.896484;2012.119019;0.034977;0.000000;0.000000;0.000000;0.000000;2.000000;67.969086;84.084045;2321.530762;0.088318;0.000000;0.000000;0.000000;0.000000;2.000000;89.913300;46.156982;1947.137573;0.036454;0.000000;0.000000;0.000000;0.000000;2.000000;113.495056;209.652954;1978.018311;0.092468;0.000000;0.000000;0.000000;0.000000;2.000000;-0.924988;-751.061523;1978.790039;0.021813;0.000000;0.000000;0.000000;0.000000;2.000000;56.062561;-819.629517;2107.615479;0.273915;0.000000;0.000000;0.000000;0.000000;2.000000;28.964600;-851.369507;2072.453613;0.173217;0.000000;0.000000;0.000000;0.000000;1.000000;-60.383301;-833.519348;1988.934937;0.110808;0.000000;0.000000;0.000000;0.000000;1.000000;76.428589;-834.794800;2064.029297;0.231079;0.000000;0.000000;0.000000;0.000000;2.000000;88.895172;-788.830322;1945.496216;0.202112;0.000000;0.000000;0.000000;0.000000;1.000000;14940433408.000000
0.000000;-150.000031;2000.000000;0.000000;0.000000;0.000000;0.000000;0.000000;2.000000;-9.233154;-322.301270;2013.386719;0.038184;0.000000;0.000000;0.000000;0.000000;2.000000;-13.743103;-460.271362;2004.058228;0.072491;0.000000;0.000000;0.000000;0.000000;2.000000;-2.171692;-668.457092;1974.381470;0.112352;0.000000;0.000000;0.000000;0.000000;2.000000;-36.009338;-635.121521;1972.241455;0.095338;0.000000;0.000000;0.000000;0.000000;2.000000;-168.717957;-623.980652;1933.576904;0.249127;0.000000;0.000000;0.000000;0.000000;2.000000;-244.797668;-434.035675;1760.383789;0.227124;0.000000;0.000000;0.000000;0.000000;2.000000;-228.450684;-247.967102;1885.820557;0.684459;0.000000;0.000000;0.000000;0.000000;2.000000;-203.045410;-170.919922;1932.123901;0.511915;0.000000;0.000000;0.000000;0.000000;2.000000;-113.142517;-120.585663;1912.853271;0.738946;0.000000;0.000000;0.000000;0.000000;2.000000;-124.329529;-158.938660;1903.849609;0.468140;0.000000;0.000000;0.000000;0.000000;2.000000;28.098999;-632.695374;1984.327637;0.110033;0.000000;0.000000;0.000000;0.000000;2.000000;150.203064;-597.544128;1995.746338;0.150973;0.000000;0.000000;0.000000;0.000000;2.000000;236.971466;-342.330078;1951.645630;0.319034;0.000000;0.000000;0.000000;0.000000;2.000000;431.128143;-304.850769;2064.833008;0.305344;0.000000;0.000000;0.000000;0.000000;2.000000;484.797363;-275.090607;2144.519043;0.532752;0.000000;0.000000;0.000000;0.000000;2.000000;585.199707;-288.505829;2125.678223;0.667696;0.000000;0.000000;0.000000;0.000000;2.000000;542.475525;-317.860931;2106.572754;0.323569;0.000000;0.000000;0.000000;0.000000;2.000000;-87.475220;-146.289978;1987.418213;0.032051;0.000000;0.000000;0.000000;0.000000;2.000000;-110.275879;225.097778;2098.643555;0.194520;0.000000;0.000000;0.000000;0.000000;1.000000;-88.071350;329.198975;1743.086792;0.190201;0.000000;0.000000;0.000000;0.000000;1.000000;-146.635620;481.454834;1823.182373;0.271841;0.000000;0.000000;0.000000;0.000000;1.000000;78.880280;-153.345551;2011.345459;0.028900;0.000000;0.000000;0.000000;0.000000;2.000000;62.557922;86.014893;2316.198730;0.239207;0.000000;0.000000;0.000000;0.000000;2.000000;88.895935;54.796753;1943.377319;0.289226;0.000000;0.000000;0.000000;0.000000;2.000000;114.940369;215.462830;1981.655884;0.213788;0.000000;0.000000;0.000000;0.000000;2.000000;-0.189636;-747.657837;1976.020264;0.135786;0.000000;0.000000;0.000000;0.000000;2.000000;48.439270;-811.680054;2109.568359;0.341364;0.000000;0.000000;0.000000;0.000000;2.000000;21.630737;-843.857178;2075.012207;0.329769;0.000000;0.000000;0.000000;0.000000;1.000000;-63.038818;-826.722839;1987.484253;0.227041;0.000000;0.000000;0.000000;0.000000;1.000000;69.794861;-829.662109;2067.860596;0.281407;0.000000;0.000000;0.000000;0.000000;2.000000;88.816010;-790.293213;1948.517578;0.102472;0.000000;0.000000;0.000000;0.000000;1.000000;14940466176.000000
0.000000;-150.000000;2000.000000;0.000001;0.000000;0.000000;0.000000;0.000000;2.000000;-8.767273;-323.268799;2014.668823;0.049491;0.000000;0.000000;0.000000;0.000000;2.000000;-12.942505;-462.125610;2005.962402;0.082144;0.000000;0.000000;0.000000;0.000000;2.000000;-1.502319;-671.768982;1977.489746;0.135863;0.000000;0.000000;0.000000;0.000000;2.000000;-35.492310;-638.201721;1975.026001;0.123826;0.000000;0.000000;0.000000;0.000000;2.000000;-168.417053;-622.192871;1935.811890;0.085163;0.000000;0.000000;0.000000;0.000000;2.000000;-243.501709;-428.751007;1763.550415;0.186305;0.000000;0.000000;0.000000;0.000000;2.000000;-234.948181;-245.302002;1895.868896;0.362786;0.000000;0.000000;0.000000;0.000000;2.000000;-207.997681;-168.511749;1942.858887;0.357037;0.000000;0.000000;0.000000;0.000000;2.000000;-115.012390;-130.588837;1910.675171;0.307970;0.000000;0.000000;0.000000;0.000000;2.000000;-125.756470;-160.231506;1910.399414;0.202029;0.000000;0.000000;0.000000;0.000000;2.000000;28.971497;-635.768860;1987.348633;0.130121;0.000000;0.000000;0.000000;0.000000;2.000000;151.015656;-597.724976;1998.748779;0.092203;0.000000;0.000000;0.000000;0.000000;2.000000;235.516693;-341.091248;1948.666992;0.104724;0.000000;0.000000;0.000000;0.000000;2.000000;428.680603;-303.797180;2066.298096;0.089988;0.000000;0.000000;0.000000;0.000000;2.000000;479.249847;-271.885590;2147.922607;0.214688;0.000000;0.000000;0.000000;0.000000;2.000000;578.839233;-288.051178;2124.163574;0.193955;0.000000;0.000000;0.000000;0.000000;2.000000;539.524658;-315.687469;2111.752686;0.187776;0.000000;0.000000;0.000000;0.000000;2.000000;-88.069763;-146.582520;1987.729614;0.021666;0.000000;0.000000;0.000000;0.000000;2.000000;-109.961426;226.130676;2102.829102;0.127917;0.000000;0.000000;0.000000;0.000000;1.000000;-90.948364;330.324524;1744.782715;0.104292;0.000000;0.000000;0.000000;0.000000;1.000000;-148.668396;482.315308;1828.408325;0.167881;0.000000;0.000000;0.000000;0.000000;1.000000;79.416412;-153.081726;2011.064819;0.019536;0.000000;0.000000;0.000000;0.000000;2.000000;68.019012;87.839233;2317.889160;0.177580;0.000000;0.000000;0.000000;0.000000;2.000000;88.862610;54.275024;1942.651978;0.026459;0.000000;0.000000;0.000000;0.000000;2.000000;111.139679;215.834473;1983.849487;0.130327;0.000000;0.000000;0.000000;0.000000;2.000000;0.379150;-751.437134;1979.657471;0.156131;0.000000;0.000000;0.000000;0.000000;2.000000;50.269958;-812.740845;2115.101563;0.175306;0.000000;0.000000;0.000000;0.000000;2.000000;27.432983;-846.979248;2079.184570;0.230790;0.000000;0.000000;0.000000;0.000000;1.000000;-55.945007;-836.341125;1988.402710;0.354715;0.000000;0.000000;0.000000;0.000000;1.000000;74.653961;-828.423767;2073.762939;0.229190;0.000000;0.000000;0.000000;0.000000;2.000000;94.225616;-786.003723;1954.736938;0.274981;0.000000;0.000000;0.000000;0.000000;1.000000;14940499968.000000
0.000000;-149.999969;2000.000000;0.000001;0.000000;0.000000;0.000000;0.000000;2.000000;-8.548096;-325.294983;2014.713257;0.060325;0.000000;0.000000;0.000000;0.000000;2.000000;-12.054749;-465.767761;2005.805542;0.111034;0.000000;0.000000;0.000000;0.000000;2.000000;0.166016;-677.533569;1975.145508;0.190660;0.000000;0.000000;0.000000;0.000000;2.000000;-34.037842;-643.475769;1971.764893;0.188481;0.000000;0.000000;0.000000;0.000000;2.000000;-167.192627;-630.199463;1926.949463;0.355295;0.000000;0.000000;0.000000;0.000000;2.000000;-241.287292;-425.470093;1762.584351;0.120575;0.000000;0.000000;0.000000;0.000000;2.000000;-237.585938;-246.991882;1905.958618;0.312643;0.000000;0.000000;0.000000;0.000000;2.000000;-203.922241;-168.628265;1947.935425;0.192681;0.000000;0.000000;0.000000;0.000000;2.000000;-109.910278;-131.290802;1914.082397;0.182742;0.000000;0.000000;0.000000;0.000000;2.000000;-126.991760;-160.913727;1913.290527;0.095204;0.000000;0.000000;0.000000;0.000000;2.000000;30.673889;-641.297913;1986.635132;0.172497;0.000000;0.000000;0.000000;0.000000;2.000000;153.812256;-603.586365;2003.045044;0.230434;0.000000;0.000000;0.000000;0.000000;2.000000;230.411926;-343.039429;1943.797241;0.216591;0.000000;0.000000;0.000000;0.000000;2.000000;425.217957;-304.357544;2063.439941;0.133899;0.000000;0.000000;0.000000;0.000000;2.000000;468.466675;-270.255371;2149.709473;0.327034;0.000000;0.000000;0.000000;0.000000;2.000000;568.389709;-288.346680;2123.605957;0.309794;0.000000;0.000000;0.000000;0.000000;2.000000;534.683289;-313.549500;2117.036133;0.221303;0.000000;0.000000;0.000000;0.000000;2.000000;-88.807800;-146.873383;1985.655151;0.065725;0.000000;0.000000;0.000000;0.000000;2.000000;-114.674500;228.457703;2106.666016;0.192581;0.000000;0.000000;0.000000;0.000000;1.000000;-90.609619;329.801636;1743.620239;0.039030;0.000000;0.000000;0.000000;0.000000;1.000000;-152.378845;480.868286;1830.600342;0.134529;0.000000;0.000000;0.000000;0.000000;1.000000;80.081848;-152.819366;2012.935547;0.059269;0.000000;0.000000;0.000000;0.000000;2.000000;68.854767;95.731689;2319.442383;0.239321;0.000000;0.000000;0.000000;0.000000;2.000000;90.780548;51.337219;1941.001831;0.114735;0.000000;0.000000;0.000000;0.000000;2.000000;112.557617;213.921692;1986.211670;0.099254;0.000000;0.000000;0.000000;0.000000;2.000000;1.835999;-758.144287;1976.530884;0.223193;0.000000;0.000000;0.000000;0.000000;2.000000;41.131012;-816.908447;2118.538086;0.314157;0.000000;0.000000;0.000000;0.000000;2.000000;24.507019;-852.941772;2080.088867;0.198362;0.000000;0.000000;0.000000;0.000000;1.000000;-49.858887;-847.691895;1979.570679;0.462146;0.000000;0.000000;0.000000;0.000000;1.000000;71.215424;-830.983643;2079.738281;0.217625;0.000000;0.000000;0.000000;0.000000;2.000000;101.081543;-786.577637;1961.987061;0.295776;0.000000;0.000000;0.000000;0.000000;1.000000;14940533760.000000
0.000000;-150.000031;2000.000000;0.000002;0.000000;0.000000;0.000000;0.000000;2.000000;-8.382080;-325.980652;2014.034668;0.029873;0.000000;0.000000;0.000000;0.000000;2.000000;-11.487366;-466.927734;2004.644897;0.052986;0.000000;0.000000;0.000000;0.000000;2.000000;0.517700;-679.556458;1974.600952;0.064826;0.000000;0.000000;0.000000;0.000000;2.000000;-33.579163;-645.241028;1970.402954;0.069466;0.000000;0.000000;0.000000;0.000000;2.000000;-166.132813;-630.604126;1922.753662;0.132643;0.000000;0.000000;0.000000;0.000000;2.000000;-237.984436;-420.355774;1762.824707;0.185939;0.000000;0.000000;0.000000;0.000000;2.000000;-242.886597;-247.407928;1914.015625;0.294594;0.000000;0.000000;0.000000;0.000000;2.000000;-209.699219;-168.125580;1955.400635;0.288477;0.000000;0.000000;0.000000;0.000000;2.000000;-115.897217;-137.508575;1913.900024;0.263474;0.000000;0.000000;0.000000;0.000000;2.000000;-129.718140;-163.553101;1916.148804;0.144980;0.000000;0.000000;0.000000;0.000000;2.000000;31.035583;-643.298157;1986.704590;0.062069;0.000000;0.000000;0.000000;0.000000;2.000000;154.829071;-607.505188;2005.868652;0.150634;0.000000;0.000000;0.000000;0.000000;2.000000;229.744751;-347.214996;1939.209595;0.190404;0.000000;0.000000;0.000000;0.000000;2.000000;419.935272;-303.425690;2065.893555;0.180016;0.000000;0.000000;0.000000;0.000000;2.000000;473.613892;-265.461487;2144.804688;0.261691;0.000000;0.000000;0.000000;0.000000;2.000000;573.836670;-282.422424;2117.630371;0.305898;0.000000;0.000000;0.000000;0.000000;1.000000;531.496887;-313.201416;2111.105469;0.205733;0.000000;0.000000;0.000000;0.000000;2.000000;-88.930176;-147.004608;1984.446777;0.037281;0.000000;0.000000;0.000000;0.000000;2.000000;-117.425537;228.552979;2108.667725;0.103868;0.000000;0.000000;0.000000;0.000000;1.000000;-89.676941;335.012451;1745.964966;0.176687;0.000000;0.000000;0.000000;0.000000;1.000000;-150.198853;489.622192;1828.886230;0.280233;0.000000;0.000000;0.000000;0.000000;1.000000;80.192200;-152.701141;2014.025024;0.033613;0.000000;0.000000;0.000000;0.000000;2.000000;73.925934;91.484985;2325.925293;0.282645;0.000000;0.000000;0.000000;0.000000;2.000000;89.956787;52.665405;1945.227173;0.137486;0.000000;0.000000;0.000000;0.000000;2.000000;112.708435;217.357178;1984.147461;0.122399;0.000000;0.000000;0.000000;0.000000;2.000000;1.816040;-760.453735;1976.199829;0.071202;0.000000;0.000000;0.000000;0.000000;2.000000;50.011139;-820.424561;2115.560059;0.305311;0.000000;0.000000;0.000000;0.000000;2.000000;29.650085;-856.143982;2078.355957;0.192305;0.000000;0.000000;0.000000;0.000000;1.000000;-51.966736;-848.966431;1983.175781;0.133248;0.000000;0.000000;0.000000;0.000000;1.000000;76.917297;-835.309204;2074.554199;0.269691;0.000000;0.000000;0.000000;0.000000;2.000000;99.326233;-791.512085;1954.442871;0.280272;0.000000;0.000000;0.000000;0.000000;1.000000;14940566528.000000
0.000000;-149.999969;2000.000000;0.000002;0.000000;0.000000;0.000000;0.000000;2.000000;-8.208313;-326.581421;2014.755493;0.028241;0.000000;0.000000;0.000000;0.000000;2.000000;-11.205322;-468.070862;2005.675659;0.046308;0.000000;0.000000;0.000000;0.000000;2.000000;1.615479;-681.286804;1974.491089;0.060729;0.000000;0.000000;0.000000;0.000000;2.000000;-32.770996;-646.973022;1970.588135;0.056825;0.000000;0.000000;0.000000;0.000000;2.000000;-166.055176;-631.937805;1923.556885;0.046130;0.000000;0.000000;0.000000;0.000000;2.000000;-238.487000;-417.335266;1768.010376;0.178215;0.000000;0.000000;0.000000;0.000000;2.000000;-243.578064;-245.507141;1921.734375;0.236132;0.000000;0.000000;0.000000;0.000000;2.000000;-209.175415;-165.614227;1961.738037;0.202325;0.000000;0.000000;0.000000;0.000000;2.000000;-115.736816;-135.699646;1917.953247;0.131435;0.000000;0.000000;0.000000;0.000000;2.000000;-127.972839;-163.884583;1920.025146;0.126185;0.000000;0.000000;0.000000;0.000000;2.000000;32.144531;-644.820740;1986.669067;0.055752;0.000000;0.000000;0.000000;0.000000;2.000000;156.099365;-607.708496;2005.534912;0.039330;0.000000;0.000000;0.000000;0.000000;2.000000;226.848450;-345.436951;1937.806396;0.108807;0.000000;0.000000;0.000000;0.000000;2.000000;416.072693;-299.050720;2066.567139;0.173853;0.000000;0.000000;0.000000;0.000000;2.000000;475.466309;-256.230560;2139.134766;0.325238;0.000000;0.000000;0.000000;0.000000;2.000000;576.259705;-268.150665;2109.967285;0.484705;0.000000;0.000000;0.000000;0.000000;1.000000;523.332825;-303.384674;2114.182373;0.388656;0.000000;0.000000;0.000000;0.000000;2.000000;-89.315186;-147.126434;1984.703003;0.014153;0.000000;0.000000;0.000000;0.000000;2.000000;-118.455017;230.065308;2108.477539;0.054431;0.000000;0.000000;0.000000;0.000000;1.000000;-89.441772;337.789063;1744.792236;0.089467;0.000000;0.000000;0.000000;0.000000;1.000000;-150.165283;492.114624;1829.600952;0.076737;0.000000;0.000000;0.000000;0.000000;1.000000;80.539368;-152.591187;2013.793823;0.012765;0.000000;0.000000;0.000000;0.000000;2.000000;74.448639;95.792969;2324.229492;0.137877;0.000000;0.000000;0.000000;0.000000;2.000000;91.620300;53.900085;1942.491455;0.101551;0.000000;0.000000;0.000000;0.000000;2.000000;114.733063;218.942810;1982.452881;0.091139;0.000000;0.000000;0.000000;0.000000;2.000000;3.270752;-762.481079;1975.718262;0.075204;0.000000;0.000000;0.000000;0.000000;2.000000;52.842773;-826.780640;2113.323242;0.216293;0.000000;0.000000;0.000000;0.000000;2.000000;31.247986;-861.393799;2075.470703;0.183472;0.000000;0.000000;0.000000;0.000000;1.000000;-52.024414;-850.597046;1981.464355;0.069974;0.000000;0.000000;0.000000;0.000000;1.000000;78.955566;-841.149414;2071.395020;0.205543;0.000000;0.000000;0.000000;0.000000;2.000000;100.268036;-794.661865;1951.579956;0.129007;0.000000;0.000000;0.000000;0.000000;1.000000;14940600320.000000
0.000000;-150.000000;2000.000000;0.000001;0.000000;0.000000;0.000000;0.000000;2.000000;-6.989868;-326.188660;2013.502808;0.054660;0.000000;0.000000;0.000000;0.000000;2.000000;-9.186279;-467.187042;2003.387695;0.096950;0.000000;0.000000;0.000000;0.000000;2.000000;-1.105225;-681.562378;1986.335571;0.370974;0.000000;0.000000;0.000000;0.000000;2.000000;-34.467651;-646.886597;1979.618530;0.280420;0.000000;0.000000;0.000000;0.000000;2.000000;-164.160950;-620.338257;1929.082275;0.396338;0.000000;0.000000;0.000000;0.000000;2.000000;-233.843567;-403.031219;1777.571289;0.543845;0.000000;0.000000;0.000000;0.000000;2.000000;-255.557739;-239.594849;1937.801392;0.637676;0.000000;0.000000;0.000000;0.000000;2.000000;-207.231812;-165.300232;1973.235474;0.355981;0.000000;0.000000;0.000000;0.000000;2.000000;-118.798401;-140.915985;1917.944336;0.184584;0.000000;0.000000;0.000000;0.000000;2.000000;-136.287781;-163.327026;1930.692505;0.413107;0.000000;0.000000;0.000000;0.000000;2.000000;30.006165;-645.217407;1996.654419;0.311873;0.000000;0.000000;0.000000;0.000000;2.000000;151.941345;-602.513428;2014.021973;0.329121;0.000000;0.000000;0.000000;0.000000;2.000000;222.620361;-344.446472;1934.614990;0.164464;0.000000;0.000000;0.000000;0.000000;2.000000;408.913544;-285.401062;2061.152588;0.498553;0.000000;0.000000;0.000000;0.000000;2.000000;472.287689;-256.080963;2136.560059;0.124918;0.000000;0.000000;0.000000;0.000000;2.000000;573.271057;-278.172699;2116.603760;0.377994;0.000000;0.000000;0.000000;0.000000;1.000000;511.962830;-300.108673;2116.744629;0.369470;0.000000;0.000000;0.000000;0.000000;2.000000;-89.182556;-147.571777;1985.517334;0.028613;0.000000;0.000000;0.000000;0.000000;2.000000;-119.515686;227.069824;2112.786133;0.163381;0.000000;0.000000;0.000000;0.000000;1.000000;-93.905151;335.733826;1750.344238;0.226264;0.000000;0.000000;0.000000;0.000000;1.000000;-150.336243;486.573486;1842.794067;0.436723;0.000000;0.000000;0.000000;0.000000;1.000000;80.419830;-152.189606;2013.059570;0.025799;0.000000;0.000000;0.000000;0.000000;2.000000;78.227539;99.025208;2319.688477;0.205509;0.000000;0.000000;0.000000;0.000000;2.000000;93.653351;51.359253;1939.741211;0.130024;0.000000;0.000000;0.000000;0.000000;2.000000;114.542999;214.209595;1987.006226;0.200518;0.000000;0.000000;0.000000;0.000000;2.000000;-1.461243;-762.273499;1992.816284;0.541442;0.000000;0.000000;0.000000;0.000000;2.000000;-68.780457;-772.382202;2136.818848;4.128730;0.000000;0.000000;0.000000;0.000000;2.000000;-72.920837;-816.769531;2103.790283;3.564744;0.000000;0.000000;0.000000;0.000000;1.000000;-73.557312;-835.865601;1979.589478;0.798253;0.000000;0.000000;0.000000;0.000000;1.000000;-29.239075;-803.983398;2128.576172;3.903039;0.000000;0.000000;0.000000;0.000000;2.000000;73.215515;-809.509399;2048.953857;3.117272;0.000000;0.000000;0.000000;0.000000;2.000000;14940633088.000000
0.000000;-150.000000;2000.000000;0.000000;0.000000;0.000000;0.000000;0.000000;2.000000;-7.820007;-327.467346;2014.383179;0.052097;0.000000;0.000000;0.000000;0.000000;2.000000;-10.620667;-469.609344;2004.999146;0.095991;0.000000;0.000000;0.000000;0.000000;2.000000;2.671204;-684.360840;1977.755493;0.289512;0.000000;0.000000;0.000000;0.000000;2.000000;-32.015747;-650.071594;1973.447876;0.217930;0.000000;0.000000;0.000000;0.000000;2.000000;-165.819519;-631.621826;1927.088013;0.342621;0.000000;0.000000;0.000000;0.000000;2.000000;-230.682983;-404.643463;1783.977905;0.216722;0.000000;0.000000;0.000000;0.000000;2.000000;-261.952698;-244.723511;1948.692627;0.403394;0.000000;0.000000;0.000000;0.000000;2.000000;-216.908386;-167.070892;1983.249878;0.415418;0.000000;0.000000;0.000000;0.000000;2.000000;-130.300354;-138.219543;1925.645874;0.417331;0.000000;0.000000;0.000000;0.000000;2.000000;-146.444031;-162.492004;1934.954102;0.326874;0.000000;0.000000;0.000000;0.000000;2.000000;33.328857;-647.400146;1989.017212;0.254793;0.000000;0.000000;0.000000;0.000000;2.000000;157.793732;-608.956970;2006.041382;0.349470;0.000000;0.000000;0.000000;0.000000;2.000000;219.887604;-345.976929;1927.916016;0.218840;0.000000;0.000000;0.000000;0.000000;2.000000;393.507996;-257.012421;2058.270020;0.959626;0.000000;0.000000;0.000000;0.000000;2.000000;430.192505;-233.879486;2152.326172;1.483624;0.000000;0.000000;0.000000;0.000000;2.000000;526.976013;-266.218414;2123.267578;1.428613;0.000000;0.000000;0.000000;0.000000;2.000000;485.491791;-304.190887;2108.800293;0.826743;0.000000;0.000000;0.000000;0.000000;2.000000;-89.821838;-147.247925;1985.120972;0.024235;0.000000;0.000000;0.000000;0.000000;2.000000;-120.649536;230.292969;2113.374023;0.102597;0.000000;0.000000;0.000000;0.000000;1.000000;-88.922852;347.355530;1750.928223;0.374590;0.000000;0.000000;0.000000;0.000000;1.000000;-145.570435;505.259155;1833.878784;0.628699;0.000000;0.000000;0.000000;0.000000;1.000000;80.996307;-152.481628;2013.417114;0.021855;0.000000;0.000000;0.000000;0.000000;2.000000;74.677032;91.113342;2329.982910;0.398327;0.000000;0.000000;0.000000;0.000000;2.000000;91.241180;55.710693;1945.744507;0.230735;0.000000;0.000000;0.000000;0.000000;2.000000;115.379883;223.045410;1978.355469;0.366769;0.000000;0.000000;0.000000;0.000000;2.000000;4.599243;-765.891907;1980.568848;0.418319;0.000000;0.000000;0.000000;0.000000;2.000000;8.507629;-820.948730;2131.303711;2.706176;0.000000;0.000000;0.000000;0.000000;2.000000;-11.561035;-855.394287;2092.097168;2.173334;0.000000;0.000000;0.000000;0.000000;1.000000;-68.723755;-840.596497;1980.064697;0.200644;0.000000;0.000000;0.000000;0.000000;1.000000;39.377502;-845.363831;2097.804688;2.540066;0.000000;0.000000;0.000000;0.000000;2.000000;95.616364;-819.208130;1982.548340;2.093689;0.000000;0.000000;0.000000;0.000000;1.000000;14940666880.000000
0.000000;-150.000000;2000.000000;0.000000;0.000000;0.000000;0.000000;0.000000;2.000000;-7.484253;-328.265991;2013.992798;0.028999;0.000000;0.000000;0.000000;0.000000;2.000000;-9.617737;-470.991852;2004.182495;0.057775;0.000000;0.000000;0.000000;0.000000;2.000000;2.591614;-686.459229;1974.881470;0.108625;0.000000;0.000000;0.000000;0.000000;2.000000;-31.999023;-651.771240;1970.646240;0.100004;0.000000;0.000000;0.000000;0.000000;2.000000;-166.321350;-635.212463;1923.229004;0.161589;0.000000;0.000000;0.000000;0.000000;2.000000;-228.270081;-399.072937;1791.889038;0.304318;0.000000;0.000000;0.000000;0.000000;2.000000;-266.908386;-243.897766;1960.896851;0.402767;0.000000;0.000000;0.000000;0.000000;2.000000;-222.729492;-165.568878;1996.166870;0.434798;0.000000;0.000000;0.000000;0.000000;2.000000;-140.375793;-145.045685;1928.739136;0.383210;0.000000;0.000000;0.000000;0.000000;2.000000;-148.546021;-167.543976;1936.674561;0.175046;0.000000;0.000000;0.000000;0.000000;2.000000;33.528076;-649.642456;1986.747192;0.097564;0.000000;0.000000;0.000000;0.000000;2.000000;159.131744;-613.696655;2005.087891;0.153088;0.000000;0.000000;0.000000;0.000000;2.000000;222.750824;-349.544525;1927.878662;0.139606;0.000000;0.000000;0.000000;0.000000;2.000000;385.524597;-248.857361;2065.290527;0.408898;0.000000;0.000000;0.000000;0.000000;2.000000;428.099701;-231.767853;2158.634766;0.212831;0.000000;0.000000;0.000000;0.000000;2.000000;525.842102;-265.221252;2132.567627;0.287532;0.000000;0.000000;0.000000;0.000000;2.000000;478.783691;-295.012634;2120.455322;0.496864;0.000000;0.000000;0.000000;0.000000;2.000000;-89.933411;-147.520508;1983.485718;0.050707;0.000000;0.000000;0.000000;0.000000;2.000000;-123.737427;231.305725;2112.455566;0.103059;0.000000;0.000000;0.000000;0.000000;1.000000;-83.062378;358.394531;1752.590088;0.384771;0.000000;0.000000;0.000000;0.000000;1.000000;-139.330444;520.329773;1829.593872;0.514673;0.000000;0.000000;0.000000;0.000000;1.000000;81.097015;-152.235809;2014.891602;0.045722;0.000000;0.000000;0.000000;0.000000;2.000000;64.184692;86.872803;2336.573730;0.399664;0.000000;0.000000;0.000000;0.000000;2.000000;90.193298;54.295349;1950.973999;0.168397;0.000000;0.000000;0.000000;0.000000;2.000000;116.845032;224.049438;1970.218262;0.254175;0.000000;0.000000;0.000000;0.000000;2.000000;4.006042;-768.366699;1976.947144;0.135084;0.000000;0.000000;0.000000;0.000000;2.000000;69.295654;-842.320068;2104.434570;2.130527;0.000000;0.000000;0.000000;0.000000;2.000000;41.950500;-874.484253;2067.414551;1.890401;0.000000;0.000000;0.000000;0.000000;1.000000;-52.988770;-856.344849;1984.766968;0.694375;0.000000;0.000000;0.000000;0.000000;1.000000;89.719299;-854.799805;2058.381348;1.972469;0.000000;0.000000;0.000000;0.000000;2.000000;97.124573;-801.249084;1938.577393;1.450226;0.000000;0.000000;0.000000;0.000000;1.000000;14940699648.000000
0.000000;-150.000000;2000.000000;0.000000;0.000000;0.000000;0.000000;0.000000;2.000000;-7.308838;-325.811462;2014.170654;0.073012;0.000000;0.000000;0.000000;0.000000;2.000000;-9.588501;-466.617737;2004.899048;0.131171;0.000000;0.000000;0.000000;0.000000;2.000000;2.765503;-678.731934;1973.192627;0.234127;0.000000;0.000000;0.000000;0.000000;2.000000;-31.570984;-644.618530;1970.099243;0.212664;0.000000;0.000000;0.000000;0.000000;2.000000;-165.250122;-630.253662;1926.142822;0.173131;0.000000;0.000000;0.000000;0.000000;2.000000;-230.475464;-394.204407;1804.500977;0.405354;0.000000;0.000000;0.000000;0.000000;2.000000;-266.205505;-241.956421;1972.474365;0.348017;0.000000;0.000000;0.000000;0.000000;2.000000;-206.999268;-169.743378;1991.410522;0.501761;0.000000;0.000000;0.000000;0.000000;2.000000;-131.086853;-141.689148;1921.537964;0.361720;0.000000;0.000000;0.000000;0.000000;2.000000;-146.477234;-178.370270;1929.793213;0.384526;0.000000;0.000000;0.000000;0.000000;2.000000;33.353821;-642.426880;1984.736206;0.221727;0.000000;0.000000;0.000000;0.000000;2.000000;158.360535;-610.117432;2000.961060;0.163261;0.000000;0.000000;0.000000;0.000000;2.000000;221.577789;-349.072388;1926.898560;0.047344;0.000000;0.000000;0.000000;0.000000;2.000000;378.558167;-253.361450;2069.059326;0.269639;0.000000;0.000000;0.000000;0.000000;2.000000;407.717163;-228.054749;2164.109375;0.634147;0.000000;0.000000;0.000000;0.000000;2.000000;508.454468;-255.662994;2152.497559;0.832233;0.000000;0.000000;0.000000;0.000000;2.000000;465.632416;-291.867920;2133.900391;0.564296;0.000000;0.000000;0.000000;0.000000;2.000000;-88.866577;-147.547089;1984.597900;0.045613;0.000000;0.000000;0.000000;0.000000;2.000000;-121.828674;228.736755;2103.951172;0.268900;0.000000;0.000000;0.000000;0.000000;1.000000;-80.732727;364.173462;1752.822510;0.184516;0.000000;0.000000;0.000000;0.000000;1.000000;-133.690369;524.366577;1829.612793;0.205252;0.000000;0.000000;0.000000;0.000000;1.000000;80.134888;-152.211884;2013.888672;0.041134;0.000000;0.000000;0.000000;0.000000;2.000000;75.128601;86.449829;2329.481934;0.386117;0.000000;0.000000;0.000000;0.000000;2.000000;90.350861;61.415466;1948.042480;0.227912;0.000000;0.000000;0.000000;0.000000;2.000000;118.641724;228.916748;1963.244507;0.257223;0.000000;0.000000;0.000000;0.000000;2.000000;4.535278;-759.535522;1974.223145;0.273937;0.000000;0.000000;0.000000;0.000000;2.000000;52.824829;-823.266357;2111.657715;0.775369;0.000000;0.000000;0.000000;0.000000;2.000000;33.056335;-857.979492;2073.295166;0.581478;0.000000;0.000000;0.000000;0.000000;1.000000;-48.167358;-848.741821;1978.148682;0.330664;0.000000;0.000000;0.000000;0.000000;1.000000;80.034973;-836.510376;2070.364990;0.707693;0.000000;0.000000;0.000000;0.000000;2.000000;102.376099;-788.715088;1951.940063;0.564005;0.000000;0.000000;0.000000;0.000000;1.000000;14940733440.000000
0.000000;-149.999969;2000.000000;0.000001;0.000000;0.000000;0.000000;0.000000;2.000000;-7.356140;-326.152985;2014.277100;0.011012;0.000000;0.000000;0.000000;0.000000;2.000000;-9.668213;-467.243073;2005.057739;0.019838;0.000000;0.000000;0.000000;0.000000;2.000000;3.281555;-679.728027;1973.177856;0.034239;0.000000;0.000000;0.000000;0.000000;2.000000;-31.303040;-645.696777;1970.453247;0.035586;0.000000;0.000000;0.000000;0.000000;2.000000;-166.144958;-633.707642;1928.475708;0.130096;0.000000;0.000000;0.000000;0.000000;2.000000;-229.269531;-391.859314;1816.260254;0.367777;0.000000;0.000000;0.000000;0.000000;2.000000;-265.237183;-245.040802;1989.555298;0.530523;0.000000;0.000000;0.000000;0.000000;2.000000;-204.636597;-174.032013;2009.557983;0.573621;0.000000;0.000000;0.000000;0.000000;2.000000;-140.236328;-146.460114;1928.503906;0.379940;0.000000;0.000000;0.000000;0.000000;2.000000;-150.396484;-190.169312;1926.598511;0.391749;0.000000;0.000000;0.000000;0.000000;2.000000;33.897888;-643.216492;1984.402344;0.030986;0.000000;0.000000;0.000000;0.000000;2.000000;159.203369;-610.550415;1999.654297;0.049260;0.000000;0.000000;0.000000;0.000000;2.000000;218.344177;-349.008636;1921.980835;0.179625;0.000000;0.000000;0.000000;0.000000;2.000000;367.483063;-251.845642;2072.130371;0.353776;0.000000;0.000000;0.000000;0.000000;2.000000;379.977600;-222.397919;2169.822266;0.881382;0.000000;0.000000;0.000000;0.000000;2.000000;482.393524;-246.891357;2169.703125;0.989893;0.000000;0.000000;0.000000;0.000000;2.000000;443.559387;-283.662140;2152.723145;0.920017;0.000000;0.000000;0.000000;0.000000;2.000000;-89.042786;-147.532379;1984.567017;0.005478;0.000000;0.000000;0.000000;0.000000;2.000000;-122.343567;230.752319;2100.053223;0.134837;0.000000;0.000000;0.000000;0.000000;1.000000;-80.675293;365.679382;1747.985229;0.154620;0.000000;0.000000;0.000000;0.000000;1.000000;-134.890686;523.560425;1829.434570;0.044459;0.000000;0.000000;0.000000;0.000000;1.000000;80.293793;-152.225128;2013.916504;0.004940;0.000000;0.000000;0.000000;0.000000;2.000000;81.989258;85.199402;2331.458496;0.221203;0.000000;0.000000;0.000000;0.000000;2.000000;89.735474;62.361084;1948.895020;0.043155;0.000000;0.000000;0.000000;0.000000;2.000000;113.843475;229.988525;1971.778809;0.300573;0.000000;0.000000;0.000000;0.000000;2.000000;5.417114;-760.683472;1974.199707;0.044182;0.000000;0.000000;0.000000;0.000000;2.000000;62.247437;-835.360657;2102.947266;0.538122;0.000000;0.000000;0.000000;0.000000;2.000000;38.074463;-866.761902;2064.097900;0.417212;0.000000;0.000000;0.000000;0.000000;1.000000;-50.315979;-848.326294;1976.660522;0.080764;0.000000;0.000000;0.000000;0.000000;1.000000;85.552399;-846.672974;2058.673096;0.501846;0.000000;0.000000;0.000000;0.000000;2.000000;100.128571;-791.564392;1941.945190;0.324503;0.000000;0.000000;0.000000;0.000000;1.000000;14940766208.000000
0.000000;-150.000000;2000.000000;0.000001;0.000000;0.000000;0.000000;0.000000;2.000000;-8.019104;-324.575562;2014.316895;0.050649;0.000000;0.000000;0.000000;0.000000;2.000000;-10.681885;-464.439453;2005.294067;0.088500;0.000000;0.000000;0.000000;0.000000;2.000000;0.544739;-675.425842;1975.460205;0.165318;0.000000;0.000000;0.000000;0.000000;2.000000;-33.426514;-641.419556;1972.255615;0.151046;0.000000;0.000000;0.000000;0.000000;2.000000;-166.542175;-630.058594;1928.765259;0.108961;0.000000;0.000000;0.000000;0.000000;2.000000;-225.706482;-396.223083;1803.913452;0.401614;0.000000;0.000000;0.000000;0.000000;2.000000;-270.229431;-262.017944;1982.718750;0.561394;0.000000;0.000000;0.000000;0.000000;2.000000;-202.091797;-200.687500;2006.229492;0.798496;0.000000;0.000000;0.000000;0.000000;2.000000;-150.388977;-145.960907;1931.326782;0.312192;0.000000;0.000000;0.000000;0.000000;2.000000;-159.183472;-234.412720;1898.560303;1.571718;0.000000;0.000000;0.000000;0.000000;2.000000;31.130920;-639.406250;1986.505859;0.152622;0.000000;0.000000;0.000000;0.000000;2.000000;156.481537;-611.810730;2001.750854;0.108296;0.000000;0.000000;0.000000;0.000000;2.000000;217.131592;-358.016113;1909.583130;0.454910;0.000000;0.000000;0.000000;0.000000;2.000000;341.814636;-246.741516;2068.833496;0.780594;0.000000;0.000000;0.000000;0.000000;2.000000;356.901398;-229.204346;2168.074951;0.713850;0.000000;0.000000;0.000000;0.000000;2.000000;456.075073;-260.214294;2178.068359;0.907365;0.000000;0.000000;0.000000;0.000000;2.000000;395.092987;-283.938080;2159.823486;1.449589;0.000000;0.000000;0.000000;0.000000;2.000000;-88.104187;-147.279297;1983.827026;0.036154;0.000000;0.000000;0.000000;0.000000;2.000000;-120.865051;228.084167;2097.164795;0.124318;0.000000;0.000000;0.000000;0.000000;1.000000;-74.663757;364.225769;1749.699829;0.189928;0.000000;0.000000;0.000000;0.000000;1.000000;-126.741089;522.259094;1828.538696;0.245659;0.000000;0.000000;0.000000;0.000000;1.000000;79.447449;-152.453400;2014.583984;0.032605;0.000000;0.000000;0.000000;0.000000;2.000000;64.633636;83.441162;2328.618652;0.523026;0.000000;0.000000;0.000000;0.000000;2.000000;87.832001;61.741028;1949.959839;0.067101;0.000000;0.000000;0.000000;0.000000;2.000000;115.085205;227.744568;1969.911255;0.093884;0.000000;0.000000;0.000000;0.000000;2.000000;1.959778;-755.681641;1977.127319;0.199707;0.000000;0.000000;0.000000;0.000000;2.000000;54.828430;-847.061401;2094.589355;0.478822;0.000000;0.000000;0.000000;0.000000;2.000000;29.685242;-872.213684;2052.619141;0.450611;0.000000;0.000000;0.000000;0.000000;1.000000;-56.874756;-839.823730;1969.056519;0.389381;0.000000;0.000000;0.000000;0.000000;1.000000;77.554321;-853.774048;2049.598145;0.415090;0.000000;0.000000;0.000000;0.000000;2.000000;94.568512;-786.044189;1941.405151;0.232409;0.000000;0.000000;0.000000;0.000000;1.000000;14940800000.000000
0.000000;-150.000000;2000.000000;0.000000;0.000000;0.000000;0.000000;0.000000;2.000000;-7.026184;-325.396790;2013.787476;0.041224;0.000000;0.000000;0.000000;0.000000;2.000000;-8.851807;-465.834534;2004.356201;0.073537;0.000000;0.000000;0.000000;0.000000;2.000000;1.302063;-677.759766;1974.399414;0.079108;0.000000;0.000000;0.000000;0.000000;2.000000;-32.596802;-643.411255;1971.048584;0.073162;0.000000;0.000000;0.000000;0.000000;2.000000;-165.408203;-624.961670;1927.157837;0.161676;0.000000;0.000000;0.000000;0.000000;2.000000;-224.859009;-384.066711;1813.929321;0.466791;0.000000;0.000000;0.000000;0.000000;2.000000;-283.848450;-266.566833;2001.316772;0.695309;0.000000;0.000000;0.000000;0.000000;2.000000;-222.141235;-200.177826;2029.894287;0.917979;0.000000;0.000000;0.000000;0.000000;2.000000;-180.443054;-140.767609;1951.761353;1.086419;0.000000;0.000000;0.000000;0.000000;1.000000;-174.657837;-236.125580;1916.450073;0.701814;0.000000;0.000000;0.000000;0.000000;1.000000;32.181885;-641.772400;1985.624878;0.080931;0.000000;0.000000;0.000000;0.000000;2.000000;156.626160;-608.297974;2001.108521;0.105763;0.000000;0.000000;0.000000;0.000000;2.000000;212.187897;-360.824219;1887.546753;0.673474;0.000000;0.000000;0.000000;0.000000;2.000000;338.279419;-242.501984;2041.935425;0.812578;0.000000;0.000000;0.000000;0.000000;2.000000;329.526062;-217.782593;2140.846191;1.191554;0.000000;0.000000;0.000000;0.000000;2.000000;416.692017;-241.117828;2194.191650;1.380326;0.000000;0.000000;0.000000;0.000000;2.000000;364.348022;-262.976959;2151.344238;1.129391;0.000000;0.000000;0.000000;0.000000;2.000000;-88.452881;-147.747467;1983.579590;0.018763;0.000000;0.000000;0.000000;0.000000;2.000000;-121.690918;228.582458;2099.271484;0.068567;0.000000;0.000000;0.000000;0.000000;1.000000;-75.459045;367.271423;1751.113892;0.102119;0.000000;0.000000;0.000000;0.000000;1.000000;-124.917725;528.241821;1827.458862;0.187824;0.000000;0.000000;0.000000;0.000000;1.000000;79.761841;-152.031250;2014.806885;0.016916;0.000000;0.000000;0.000000;0.000000;2.000000;65.215332;84.168823;2330.679688;0.066933;0.000000;0.000000;0.000000;0.000000;2.000000;88.753021;62.404724;1950.451294;0.036608;0.000000;0.000000;0.000000;0.000000;2.000000;118.457794;229.214661;1965.634155;0.166955;0.000000;0.000000;0.000000;0.000000;2.000000;2.243530;-758.358337;1976.062256;0.085664;0.000000;0.000000;0.000000;0.000000;2.000000;59.735077;-842.388184;2097.657227;0.220116;0.000000;0.000000;0.000000;0.000000;2.000000;36.144836;-870.624207;2056.451660;0.227193;0.000000;0.000000;0.000000;0.000000;1.000000;-52.014404;-846.259521;1971.077148;0.246040;0.000000;0.000000;0.000000;0.000000;1.000000;83.127441;-849.592285;2052.843262;0.227456;0.000000;0.000000;0.000000;0.000000;2.000000;96.971710;-784.990784;1941.683594;0.078086;0.000000;0.000000;0.000000;0.000000;1.000000;14940833792.000000
0.000000;-150.000000;2000.000000;0.000000;0.000000;0.000000;0.000000;0.000000;2.000000;-6.506897;-325.733643;2012.284668;0.049600;0.000000;0.000000;0.000000;0.000000;2.000000;-7.998047;-466.239227;2001.465576;0.092808;0.000000;0.000000;0.000000;0.000000;2.000000;3.052124;-678.342529;1971.305542;0.109924;0.000000;0.000000;0.000000;0.000000;2.000000;-31.007751;-644.080200;1967.893921;0.109713;0.000000;0.000000;0.000000;0.000000;2.000000;-163.598633;-623.271484;1923.864746;0.125737;0.000000;0.000000;0.000000;0.000000;2.000000;-211.938721;-386.684753;1796.395874;0.669449;0.000000;0.000000;0.000000;0.000000;2.000000;-272.663269;-254.605469;1973.566406;0.983341;0.000000;0.000000;0.000000;0.000000;1.000000;-227.191345;-196.751709;2033.883911;0.222504;0.000000;0.000000;0.000000;0.000000;1.000000;-177.743774;-146.409821;1953.758057;0.200367;0.000000;0.000000;0.000000;0.000000;1.000000;-163.384094;-235.340851;1903.617310;0.521835;0.000000;0.000000;0.000000;0.000000;1.000000;33.801208;-642.206665;1982.657837;0.104002;0.000000;0.000000;0.000000;0.000000;2.000000;158.743591;-610.310181;1998.715698;0.115234;0.000000;0.000000;0.000000;0.000000;2.000000;215.467041;-360.415833;1890.357910;0.132399;0.000000;0.000000;0.000000;0.000000;2.000000;314.496582;-241.006927;2062.969238;0.969998;0.000000;0.000000;0.000000;0.000000;2.000000;287.868622;-210.764679;2157.158691;1.381975;0.000000;0.000000;0.000000;0.000000;2.000000;380.637817;-231.615173;2201.575684;1.159961;0.000000;0.000000;0.000000;0.000000;2.000000;347.739990;-261.544037;2173.586426;0.848254;0.000000;0.000000;0.000000;0.000000;2.000000;-88.649170;-147.831848;1984.060791;0.016068;0.000000;0.000000;0.000000;0.000000;2.000000;-122.474731;229.179565;2098.929199;0.031833;0.000000;0.000000;0.000000;0.000000;1.000000;-74.294800;367.515381;1750.419189;0.042039;0.000000;0.000000;0.000000;0.000000;1.000000;-122.556763;526.612610;1831.810547;0.159060;0.000000;0.000000;0.000000;0.000000;1.000000;79.938843;-151.955109;2014.373047;0.014487;0.000000;0.000000;0.000000;0.000000;2.000000;66.305603;87.745972;2328.215820;0.136667;0.000000;0.000000;0.000000;0.000000;2.000000;90.456451;64.486389;1947.669556;0.118088;0.000000;0.000000;0.000000;0.000000;2.000000;116.816101;231.258667;1969.982422;0.154952;0.000000;0.000000;0.000000;0.000000;2.000000;4.296997;-759.032043;1972.898682;0.116922;0.000000;0.000000;0.000000;0.000000;2.000000;60.699402;-851.773193;2088.777588;0.395384;0.000000;0.000000;0.000000;0.000000;2.000000;35.015015;-876.820801;2046.686157;0.354634;0.000000;0.000000;0.000000;0.000000;1.000000;-53.883728;-844.280579;1964.655396;0.212858;0.000000;0.000000;0.000000;0.000000;1.000000;82.835022;-857.609619;2043.067749;0.385928;0.000000;0.000000;0.000000;0.000000;2.000000;97.144165;-787.838440;1934.958618;0.222933;0.000000;0.000000;0.000000;0.000000;1.000000;14940866560.000000
0.000000;-149.999969;2000.000000;0.000001;0.000000;0.000000;0.000000;0.000000;2.000000;-2.785828;-324.756531;2011.333008;0.117281;0.000000;0.000000;0.000000;0.000000;2.000000;-0.916870;-464.288666;1999.798706;0.222884;0.000000;0.000000;0.000000;0.000000;2.000000;4.473999;-675.375671;1970.796875;0.098517;0.000000;0.000000;0.000000;0.000000;2.000000;-28.617798;-640.560791;1967.911377;0.125894;0.000000;0.000000;0.000000;0.000000;2.000000;-160.027039;-612.947998;1927.112427;0.337252;0.000000;0.000000;0.000000;0.000000;2.000000;-197.869507;-384.033997;1786.520264;0.514691;0.000000;0.000000;0.000000;0.000000;2.000000;-292.673279;-266.872803;1957.201538;0.846735;0.000000;0.000000;0.000000;0.000000;2.000000;-232.701538;-222.297821;2015.106934;0.952291;0.000000;0.000000;0.000000;0.000000;2.000000;-155.004883;-175.126434;1960.416382;1.101725;0.000000;0.000000;0.000000;0.000000;1.000000;-166.383789;-237.055450;1909.930908;0.212985;0.000000;0.000000;0.000000;0.000000;1.000000;36.088379;-640.148560;1981.245117;0.100191;0.000000;0.000000;0.000000;0.000000;2.000000;160.881653;-609.676758;1994.161743;0.150053;0.000000;0.000000;0.000000;0.000000;2.000000;231.532867;-364.273743;1888.347046;0.492556;0.000000;0.000000;0.000000;0.000000;2.000000;289.748627;-244.521240;2076.596191;0.842489;0.000000;0.000000;0.000000;0.000000;2.000000;262.557251;-208.475769;2167.820068;0.815586;0.000000;0.000000;0.000000;0.000000;2.000000;357.517487;-228.212341;2206.097656;0.704394;0.000000;0.000000;0.000000;0.000000;2.000000;356.370300;-261.788574;2176.271973;0.267572;0.000000;0.000000;0.000000;0.000000;1.000000;-87.796143;-149.732666;1982.540283;0.076328;0.000000;0.000000;0.000000;0.000000;2.000000;-155.191956;172.015869;2197.947998;3.519283;0.000000;0.000000;0.000000;0.000000;1.000000;-49.523438;317.214905;1868.052368;3.856309;0.000000;0.000000;0.000000;0.000000;1.000000;-83.965088;497.812744;1872.886108;1.873005;0.000000;0.000000;0.000000;0.000000;1.000000;79.169647;-150.240997;2015.744141;0.068829;0.000000;0.000000;0.000000;0.000000;2.000000;71.286835;73.846191;2338.009766;0.524334;0.000000;0.000000;0.000000;0.000000;2.000000;88.323761;110.982483;1960.658447;1.430023;0.000000;0.000000;0.000000;0.000000;2.000000;117.252808;265.547485;1898.163940;2.355150;0.000000;0.000000;0.000000;0.000000;1.000000;3.854492;-755.542480;1972.803711;0.104131;0.000000;0.000000;0.000000;0.000000;2.000000;84.132843;-854.490723;2065.812256;0.974281;0.000000;0.000000;0.000000;0.000000;2.000000;52.527374;-876.849365;2026.817139;0.783769;0.000000;0.000000;0.000000;0.000000;1.000000;-50.603027;-842.564575;1966.171997;0.118400;0.000000;0.000000;0.000000;0.000000;1.000000;97.667633;-854.539063;2016.856689;0.895863;0.000000;0.000000;0.000000;0.000000;2.000000;88.823914;-774.552979;1916.512817;0.716352;0.000000;0.000000;0.000000;0.000000;1.000000;14940900352.000000
0.000000;-150.000000;2000.000000;0.000001;0.000000;0.000000;0.000000;0.000000;2.000000;-2.011414;-327.507324;2011.486450;0.087336;0.000000;0.000000;0.000000;0.000000;2.000000;-0.174805;-469.190002;1999.338745;0.151931;0.000000;0.000000;0.000000;0.000000;2.000000;7.286743;-683.776611;1971.780762;0.272027;0.000000;0.000000;0.000000;0.000000;2.000000;-26.586792;-648.720825;1968.278931;0.256867;0.000000;0.000000;0.000000;0.000000;2.000000;-159.772278;-621.125122;1925.646606;0.253643;0.000000;0.000000;0.000000;0.000000;2.000000;-197.243835;-385.855957;1787.196289;0.062304;0.000000;0.000000;0.000000;0.000000;2.000000;-288.600281;-267.322754;1963.513672;0.229663;0.000000;0.000000;0.000000;0.000000;2.000000;-226.036072;-222.799988;2021.152466;0.275046;0.000000;0.000000;0.000000;0.000000;1.000000;-151.681763;-178.299561;1957.125122;0.172483;0.000000;0.000000;0.000000;0.000000;1.000000;-163.922729;-241.138702;1907.485229;0.163522;0.000000;0.000000;0.000000;0.000000;1.000000;39.017395;-647.644592;1982.336670;0.247853;0.000000;0.000000;0.000000;0.000000;2.000000;166.026550;-618.202576;1996.372314;0.311289;0.000000;0.000000;0.000000;0.000000;2.000000;243.804565;-369.434448;1892.021118;0.421459;0.000000;0.000000;0.000000;0.000000;2.000000;261.513428;-224.560181;2075.172363;1.056145;0.000000;0.000000;0.000000;0.000000;2.000000;269.242218;-208.724121;2177.040527;0.347642;0.000000;0.000000;0.000000;0.000000;2.000000;361.947327;-248.490875;2209.287354;0.640881;0.000000;0.000000;0.000000;0.000000;1.000000;350.028015;-258.099823;2164.722656;0.417565;0.000000;0.000000;0.000000;0.000000;1.000000;-89.755615;-149.920837;1985.506592;0.108644;0.000000;0.000000;0.000000;0.000000;2.000000;-158.052429;137.932251;2253.497070;1.990807;0.000000;0.000000;0.000000;0.000000;1.000000;-48.603149;300.145874;1926.017700;1.844277;0.000000;0.000000;0.000000;0.000000;1.000000;-72.534729;485.283386;1932.703735;1.897444;0.000000;0.000000;0.000000;0.000000;1.000000;80.936554;-150.071381;2013.069458;0.097964;0.000000;0.000000;0.000000;0.000000;2.000000;95.965088;75.108582;2341.806641;0.762955;0.000000;0.000000;0.000000;0.000000;2.000000;92.383514;95.066162;1956.836426;0.514670;0.000000;0.000000;0.000000;0.000000;2.000000;122.718872;247.065125;1882.585938;0.756288;0.000000;0.000000;0.000000;0.000000;1.000000;7.306519;-765.181396;1974.517456;0.316798;0.000000;0.000000;0.000000;0.000000;2.000000;90.674683;-862.522217;2070.676025;0.349232;0.000000;0.000000;0.000000;0.000000;2.000000;60.878204;-886.382080;2029.961548;0.398481;0.000000;0.000000;0.000000;0.000000;1.000000;-43.525269;-856.018188;1965.492432;0.464385;0.000000;0.000000;0.000000;0.000000;1.000000;105.879730;-861.498291;2021.390381;0.356447;0.000000;0.000000;0.000000;0.000000;2.000000;96.086578;-779.906738;1919.830933;0.293380;0.000000;0.000000;0.000000;0.000000;1.000000;14940933120.000000
0.000000;-149.999969;2000.000000;0.000001;0.000000;0.000000;0.000000;0.000000;2.000000;-2.335266;-328.221008;2011.043823;0.026636;0.000000;0.000000;0.000000;0.000000;2.000000;-0.551147;-470.423340;1998.512939;0.045314;0.000000;0.000000;0.000000;0.000000;2.000000;7.448792;-685.693054;1969.863037;0.080374;0.000000;0.000000;0.000000;0.000000;2.000000;-26.432678;-650.452332;1965.709229;0.091810;0.000000;0.000000;0.000000;0.000000;2.000000;-159.389893;-624.221985;1919.782593;0.196572;0.000000;0.000000;0.000000;0.000000;2.000000;-197.148132;-385.996826;1784.372559;0.083714;0.000000;0.000000;0.000000;0.000000;2.000000;-294.083862;-288.601227;1971.498535;0.691865;0.000000;0.000000;0.000000;0.000000;2.000000;-233.490234;-245.417419;2032.767090;0.784076;0.000000;0.000000;0.000000;0.000000;2.000000;-163.634644;-192.035065;1969.768311;0.655990;0.000000;0.000000;0.000000;0.000000;1.000000;-173.850952;-247.053589;1915.537231;0.416818;0.000000;0.000000;0.000000;0.000000;1.000000;39.061157;-649.508118;1981.433838;0.061292;0.000000;0.000000;0.000000;0.000000;2.000000;165.750916;-618.545410;1999.307617;0.087834;0.000000;0.000000;0.000000;0.000000;2.000000;242.722809;-369.067505;1893.141235;0.047344;0.000000;0.000000;0.000000;0.000000;2.000000;250.543274;-217.248230;2072.477539;0.398208;0.000000;0.000000;0.000000;0.000000;2.000000;217.397705;-170.364990;2158.928711;1.982345;0.000000;0.000000;0.000000;0.000000;2.000000;277.420013;-215.334747;2083.579590;4.588950;0.000000;0.000000;0.000000;0.000000;2.000000;283.251862;-223.594971;2184.157715;2.297469;0.000000;0.000000;0.000000;0.000000;2.000000;-89.965393;-149.773834;1984.624756;0.027175;0.000000;0.000000;0.000000;0.000000;2.000000;-160.538391;116.648376;2275.514648;0.909206;0.000000;0.000000;0.000000;0.000000;1.000000;-44.337769;298.387878;1959.078857;0.987852;0.000000;0.000000;0.000000;0.000000;1.000000;-64.871826;484.136230;1974.564209;1.259811;0.000000;0.000000;0.000000;0.000000;1.000000;81.125763;-150.203857;2013.864624;0.024504;0.000000;0.000000;0.000000;0.000000;2.000000;73.260254;81.898560;2339.900391;0.703567;0.000000;0.000000;0.000000;0.000000;2.000000;92.684540;96.443298;1953.666626;0.102661;0.000000;0.000000;0.000000;0.000000;2.000000;128.226288;248.292297;1879.878296;0.185207;0.000000;0.000000;0.000000;0.000000;1.000000;7.338745;-767.426453;1972.163452;0.096268;0.000000;0.000000;0.000000;0.000000;2.000000;91.752533;-873.085144;2059.234863;0.461911;0.000000;0.000000;0.000000;0.000000;2.000000;57.645477;-893.842346;2019.931152;0.382097;0.000000;0.000000;0.000000;0.000000;1.000000;-49.510864;-855.193726;1964.020508;0.184032;0.000000;0.000000;0.000000;0.000000;1.000000;103.493622;-871.178894;2008.832031;0.474519;0.000000;0.000000;0.000000;0.000000;2.000000;91.301666;-785.296631;1910.468994;0.349636;0.000000;0.000000;0.000000;0.000000;1.000000;14940966912.000000
0.000000;-149.999969;2000.000000;0.000000;0.000000;0.000000;0.000000;0.000000;2.000000;-2.609497;-330.103149;2009.737061;0.070424;0.000000;0.000000;0.000000;0.000000;2.000000;-0.947571;-473.644196;1995.972778;0.125766;0.000000;0.000000;0.000000;0.000000;2.000000;8.031372;-691.167358;1967.875854;0.178616;0.000000;0.000000;0.000000;0.000000;2.000000;-26.341675;-655.729370;1963.550171;0.174022;0.000000;0.000000;0.000000;0.000000;2.000000;-159.961731;-625.871887;1917.229980;0.094383;0.000000;0.000000;0.000000;0.000000;2.000000;-196.966553;-384.090454;1782.169556;0.089080;0.000000;0.000000;0.000000;0.000000;2.000000;-285.163391;-293.862152;1979.843506;0.405885;0.000000;0.000000;0.000000;0.000000;2.000000;-220.887939;-252.773193;2040.337891;0.501680;0.000000;0.000000;0.000000;0.000000;2.000000;-159.271484;-200.075104;1967.108276;0.290727;0.000000;0.000000;0.000000;0.000000;1.000000;-172.747559;-249.760925;1912.413696;0.130563;0.000000;0.000000;0.000000;0.000000;1.000000;39.813965;-654.438660;1979.413940;0.164220;0.000000;0.000000;0.000000;0.000000;2.000000;166.665253;-618.443237;1996.559814;0.088432;0.000000;0.000000;0.000000;0.000000;2.000000;236.402039;-363.453674;1890.881592;0.267047;0.000000;0.000000;0.000000;0.000000;2.000000;210.127228;-182.357330;2042.240967;1.872567;0.000000;0.000000;0.000000;0.000000;2.000000;189.931946;-147.652740;2139.077148;1.244990;0.000000;0.000000;0.000000;0.000000;2.000000;238.930908;-181.117676;2049.570068;1.883423;0.000000;0.000000;0.000000;0.000000;2.000000;217.248138;-196.916107;2149.584961;2.415236;0.000000;0.000000;0.000000;0.000000;2.000000;-90.830139;-149.537567;1984.210327;0.030139;0.000000;0.000000;0.000000;0.000000;2.000000;-163.807434;101.434937;2293.291992;0.720996;0.000000;0.000000;0.000000;0.000000;1.000000;-40.443604;296.860291;1983.071411;0.743240;0.000000;0.000000;0.000000;0.000000;1.000000;-58.213623;484.537720;2001.523438;0.847539;0.000000;0.000000;0.000000;0.000000;1.000000;81.905579;-150.416962;2014.238159;0.027177;0.000000;0.000000;0.000000;0.000000;2.000000;77.198578;83.310852;2344.148438;0.181960;0.000000;0.000000;0.000000;0.000000;2.000000;92.074371;93.250793;1953.647217;0.099193;0.000000;0.000000;0.000000;0.000000;2.000000;128.858215;244.722595;1875.707031;0.168654;0.000000;0.000000;0.000000;0.000000;1.000000;8.264343;-773.717896;1970.520264;0.200440;0.000000;0.000000;0.000000;0.000000;2.000000;93.086914;-888.371155;2048.346191;0.574190;0.000000;0.000000;0.000000;0.000000;2.000000;57.264343;-905.644043;2008.082153;0.510496;0.000000;0.000000;0.000000;0.000000;1.000000;-51.331787;-860.308472;1957.276001;0.264228;0.000000;0.000000;0.000000;0.000000;1.000000;103.814117;-882.966431;1997.432373;0.500526;0.000000;0.000000;0.000000;0.000000;2.000000;91.190491;-788.923889;1904.986816;0.200637;0.000000;0.000000;0.000000;0.000000;1.000000;14940999680.000000
0.000000;-149.999969;2000.000000;0.000000;0.000000;0.000000;0.000000;0.000000;2.000000;-2.761719;-329.534119;2009.693237;0.017480;0.000000;0.000000;0.000000;0.000000;2.000000;-1.216736;-472.621765;1995.946411;0.031297;0.000000;0.000000;0.000000;0.000000;2.000000;6.976563;-689.542786;1968.352783;0.059032;0.000000;0.000000;0.000000;0.000000;2.000000;-27.168030;-654.107056;1963.985474;0.055397;0.000000;0.000000;0.000000;0.000000;2.000000;-160.220276;-623.572876;1917.891235;0.071205;0.000000;0.000000;0.000000;0.000000;2.000000;-195.129456;-382.791718;1782.304810;0.066698;0.000000;0.000000;0.000000;0.000000;2.000000;-281.938843;-291.977386;1979.448853;0.111144;0.000000;0.000000;0.000000;0.000000;2.000000;-217.427856;-251.480133;2039.597900;0.111482;0.000000;0.000000;0.000000;0.000000;1.000000;-156.214233;-199.844025;1965.788940;0.098775;0.000000;0.000000;0.000000;0.000000;1.000000;-170.417847;-248.856049;1911.312744;0.080818;0.000000;0.000000;0.000000;0.000000;1.000000;38.789307;-653.017029;1979.771851;0.052929;0.000000;0.000000;0.000000;0.000000;2.000000;165.466644;-617.799194;1996.571655;0.040268;0.000000;0.000000;0.000000;0.000000;2.000000;238.399872;-366.665161;1886.329102;0.175149;0.000000;0.000000;0.000000;0.000000;2.000000;214.492584;-182.556671;2033.208984;0.296922;0.000000;0.000000;0.000000;0.000000;2.000000;193.652344;-144.927063;2128.446045;0.342933;0.000000;0.000000;0.000000;0.000000;2.000000;243.143860;-181.462799;2040.836182;0.287140;0.000000;0.000000;0.000000;0.000000;2.000000;210.674164;-195.847198;2136.334473;0.438868;0.000000;0.000000;0.000000;0.000000;2.000000;-90.534058;-149.460022;1984.205444;0.009059;0.000000;0.000000;0.000000;0.000000;2.000000;-164.844666;96.598267;2295.247070;0.157404;0.000000;0.000000;0.000000;0.000000;1.000000;-38.413147;298.928467;1992.290283;0.285977;0.000000;0.000000;0.000000;0.000000;1.000000;-53.712097;486.159302;2011.367432;0.323899;0.000000;0.000000;0.000000;0.000000;1.000000;81.638580;-150.486847;2014.242676;0.008168;0.000000;0.000000;0.000000;0.000000;2.000000;71.358948;86.424988;2340.172852;0.228468;0.000000;0.000000;0.000000;0.000000;2.000000;93.339355;84.156067;1951.120239;0.281831;0.000000;0.000000;0.000000;0.000000;2.000000;135.639404;226.673462;1861.231812;0.713480;0.000000;0.000000;0.000000;0.000000;2.000000;6.926453;-771.828369;1971.147339;0.070983;0.000000;0.000000;0.000000;0.000000;2.000000;93.024231;-887.023438;2045.634521;0.089630;0.000000;0.000000;0.000000;0.000000;2.000000;56.431976;-903.777161;2006.100342;0.084252;0.000000;0.000000;0.000000;0.000000;1.000000;-52.848206;-857.948181;1958.310303;0.088483;0.000000;0.000000;0.000000;0.000000;1.000000;102.617859;-881.096924;1994.721680;0.103676;0.000000;0.000000;0.000000;0.000000;2.000000;88.135620;-786.350159;1903.878662;0.122674;0.000000;0.000000;0.000000;0.000000;1.000000;14941033472.000000
0.000000;-150.000000;2000.000000;0.000001;0.000000;0.000000;0.000000;0.000000;2.000000;-1.702698;-328.256744;2009.868896;0.050920;0.000000;0.000000;0.000000;0.000000;2.000000;0.793884;-470.330200;1996.399658;0.094058;0.000000;0.000000;0.000000;0.000000;2.000000;10.998718;-685.783508;1970.317261;0.178388;0.000000;0.000000;0.000000;0.000000;2.000000;-23.278381;-650.973816;1965.913818;0.163390;0.000000;0.000000;0.000000;0.000000;2.000000;-154.972168;-617.924194;1920.856689;0.252106;0.000000;0.000000;0.000000;0.000000;2.000000;-193.518433;-381.807068;1782.144165;0.057828;0.000000;0.000000;0.000000;0.000000;2.000000;-250.688538;-279.486633;1982.484741;1.031213;0.000000;0.000000;0.000000;0.000000;2.000000;-194.167419;-241.960144;2050.918701;0.841222;0.000000;0.000000;0.000000;0.000000;1.000000;-154.365051;-193.254211;1962.960938;0.226001;0.000000;0.000000;0.000000;0.000000;1.000000;-146.545166;-238.234467;1911.442871;0.797403;0.000000;0.000000;0.000000;0.000000;1.000000;42.264587;-649.127869;1981.284424;0.165728;0.000000;0.000000;0.000000;0.000000;2.000000;166.968689;-610.147766;1997.098633;0.238503;0.000000;0.000000;0.000000;0.000000;2.000000;256.527802;-366.976501;1886.435791;0.553312;0.000000;0.000000;0.000000;0.000000;2.000000;198.773590;-176.935028;2012.116333;0.820911;0.000000;0.000000;0.000000;0.000000;2.000000;190.510162;-153.194885;2112.782715;0.548952;0.000000;0.000000;0.000000;0.000000;2.000000;227.814056;-176.410217;2016.000366;0.903933;0.000000;0.000000;0.000000;0.000000;2.000000;214.332458;-186.517456;2123.458008;0.497942;0.000000;0.000000;0.000000;0.000000;1.000000;-89.796387;-150.040253;1983.780762;0.031437;0.000000;0.000000;0.000000;0.000000;2.000000;-167.608459;86.085938;2297.938965;0.341734;0.000000;0.000000;0.000000;0.000000;1.000000;-38.136047;291.288940;2001.753540;0.371253;0.000000;0.000000;0.000000;0.000000;1.000000;-54.032715;476.955322;2022.327026;0.436869;0.000000;0.000000;0.000000;0.000000;1.000000;80.973297;-149.963715;2014.625610;0.028349;0.000000;0.000000;0.000000;0.000000;2.000000;71.444885;90.941772;2334.053467;0.232125;0.000000;0.000000;0.000000;0.000000;2.000000;97.911133;77.808655;1948.275391;0.254019;0.000000;0.000000;0.000000;0.000000;2.000000;144.970856;219.701965;1862.227173;0.356767;0.000000;0.000000;0.000000;0.000000;1.000000;11.792969;-767.460999;1973.604614;0.213176;0.000000;0.000000;0.000000;0.000000;2.000000;90.954651;-891.167603;2039.097656;0.244499;0.000000;0.000000;0.000000;0.000000;2.000000;53.402588;-903.083618;1999.280884;0.228705;0.000000;0.000000;0.000000;0.000000;1.000000;-52.592041;-848.357483;1956.093994;0.300500;0.000000;0.000000;0.000000;0.000000;1.000000;100.419281;-882.596008;1988.921143;0.194757;0.000000;0.000000;0.000000;0.000000;2.000000;90.915131;-782.214844;1905.104370;0.156591;0.000000;0.000000;0.000000;0.000000;1.000000;14941066240.000000
