posX0;posY0;posZ0;posVel0;rotX0;rotY0;rotZ0;rotVel0;confidence0;posX1;posY1;posZ1;posVel1;rotX1;rotY1;rotZ1;rotVel1;confidence1;posX2;posY2;posZ2;posVel2;rotX2;rotY2;rotZ2;rotVel2;confidence2;posX3;posY3;posZ3;posVel3;rotX3;rotY3;rotZ3;rotVel3;confidence3;posX4;posY4;posZ4;posVel4;rotX4;rotY4;rotZ4;rotVel4;confidence4;posX5;posY5;posZ5;posVel5;rotX5;rotY5;rotZ5;rotVel5;confidence5;posX6;posY6;posZ6;posVel6;rotX6;rotY6;rotZ6;rotVel6;confidence6;posX7;posY7;posZ7;posVel7;rotX7;rotY7;rotZ7;rotVel7;confidence7;posX8;posY8;posZ8;posVel8;rotX8;rotY8;rotZ8;rotVel8;confidence8;posX9;posY9;posZ9;posVel9;rotX9;rotY9;rotZ9;rotVel9;confidence9;posX10;posY10;posZ10;posVel10;rotX10;rotY10;rotZ10;rotVel10;confidence10;posX11;posY11;posZ11;posVel11;rotX11;rotY11;rotZ11;rotVel11;confidence11;posX12;posY12;posZ12;posVel12;rotX12;rotY12;rotZ12;rotVel12;confidence12;posX13;posY13;posZ13;posVel13;rotX13;rotY13;rotZ13;rotVel13;confidence13;posX14;posY14;posZ14;posVel14;rotX14;rotY14;rotZ14;rotVel14;confidence14;posX15;posY15;posZ15;posVel15;rotX15;rotY15;rotZ15;rotVel15;confidence15;posX16;posY16;posZ16;posVel16;rotX16;rotY16;rotZ16;rotVel16;confidence16;posX17;posY17;posZ17;posVel17;rotX17;rotY17;rotZ17;rotVel17;confidence17;posX18;posY18;posZ18;posVel18;rotX18;rotY18;rotZ18;rotVel18;confidence18;posX19;posY19;posZ19;posVel19;rotX19;rotY19;rotZ19;rotVel19;confidence19;posX20;posY20;posZ20;posVel20;rotX20;rotY20;rotZ20;rotVel20;confidence20;posX21;posY21;posZ21;posVel21;rotX21;rotY21;rotZ21;rotVel21;confidence21;posX22;posY22;posZ22;posVel22;rotX22;rotY22;rotZ22;rotVel22;confidence22;posX23;posY23;posZ23;posVel23;rotX23;rotY23;rotZ23;rotVel23;confidence23;posX24;posY24;posZ24;posVel24;rotX24;rotY24;rotZ24;rotVel24;confidence24;posX25;posY25;posZ25;posVel25;rotX25;rotY25;rotZ25;rotVel25;confidence25;posX26;posY26;posZ26;posVel26;rotX26;rotY26;rotZ26;rotVel26;confidence26;posX27;posY27;posZ27;posVel27;rotX27;rotY27;rotZ27;rotVel27;confidence27;posX28;posY28;posZ28;posVel28;rotX28;rotY28;rotZ28;rotVel28;confidence28;posX29;posY29;posZ29;posVel29;rotX29;rotY29;rotZ29;rotVel29;confidence29;posX30;posY30;posZ30;posVel30;rotX30;rotY30;rotZ30;rotVel30;confidence30;posX31;posY31;posZ31;posVel31;rotX31;rotY31;rotZ31;rotVel31;confidence31;TimeStamp
0.000000;-150.000000;2000.000000;0.000000;0.000000;0.000000;0.000000;0.000000;2.000000;-70.825562;-136.518677;1860.032959;0.000000;0.000000;0.000000;0.000000;0.000000;2.000000;-138.855286;-111.090332;1757.230103;0.000000;0.000000;0.000000;0.000000;0.000000;2.000000;-269.600037;-97.424866;1617.843506;0.000000;0.000000;0.000000;0.000000;0.000000;2.000000;-268.200439;-113.055481;1658.152466;0.000000;0.000000;0.000000;0.000000;0.000000;2.000000;-331.473022;-167.670166;1752.647827;0.000000;0.000000;0.000000;0.000000;0.000000;2.000000;-319.886230;-307.547699;1952.084106;0.000000;0.000000;0.000000;0.000000;0.000000;2.000000;-222.261292;-468.704956;1872.121216;0.000000;0.000000;0.000000;0.000000;0.000000;1.000000;-153.205322;-515.592590;1888.068237;0.000000;0.000000;0.000000;0.000000;0.000000;1.000000;-223.438843;-474.860260;1938.082886;0.000000;0.000000;0.000000;0.000000;0.000000;0.000000;-179.160156;-388.881195;1939.279419;0.000000;0.000000;0.000000;0.000000;0.000000;0.000000;-228.425415;-84.734253;1624.344116;0.000000;0.000000;0.000000;0.000000;0.000000;1.000000;-137.050476;-38.936401;1569.363281;0.000000;0.000000;0.000000;0.000000;0.000000;1.000000;88.991211;-115.671509;1500.346069;0.000000;0.000000;0.000000;0.000000;0.000000;1.000000;52.953613;-319.763733;1496.962891;0.000000;0.000000;0.000000;0.000000;0.000000;1.000000;-31.364441;-354.124512;1487.914551;0.000000;0.000000;0.000000;0.000000;0.000000;1.000000;-119.383240;-386.316620;1486.515015;0.000000;0.000000;0.000000;0.000000;0.000000;1.000000;-64.799988;-274.069397;1465.332642;0.000000;0.000000;0.000000;0.000000;0.000000;1.000000;-53.902588;-205.580261;2021.922241;0.000000;0.000000;0.000000;0.000000;0.000000;2.000000;223.687469;-209.927185;2240.429199;0.000000;0.000000;0.000000;0.000000;0.000000;2.000000;426.909180;-169.832825;2507.070313;0.000000;0.000000;0.000000;0.000000;0.000000;1.000000;580.313049;-207.519348;2555.860107;0.000000;0.000000;0.000000;0.000000;0.000000;1.000000;48.606323;-99.880798;1980.231812;0.000000;0.000000;0.000000;0.000000;0.000000;2.000000;296.134766;-142.487305;2228.155518;0.000000;0.000000;0.000000;0.000000;0.000000;2.000000;472.593658;-126.990295;2519.767334;0.000000;0.000000;0.000000;0.000000;0.000000;2.000000;580.615967;-167.662903;2618.835938;0.000000;0.000000;0.000000;0.000000;0.000000;2.000000;-314.501465;-102.715637;1561.694092;0.000000;0.000000;0.000000;0.000000;0.000000;2.000000;-306.337158;-68.606934;1424.290039;0.000000;0.000000;0.000000;0.000000;0.000000;2.000000;-345.461304;-95.138245;1438.619995;0.000000;0.000000;0.000000;0.000000;0.000000;1.000000;-366.358398;-167.686279;1521.182983;0.000000;0.000000;0.000000;0.000000;0.000000;1.000000;-341.178467;-50.004517;1447.197632;0.000000;0.000000;0.000000;0.000000;0.000000;2.000000;-366.933716;-25.785706;1557.287354;0.000000;0.000000;0.000000;0.000000;0.000000;2.000000;6469899776.000000
0.000000;-150.000000;2000.000000;0.000000;0.000000;0.000000;0.000000;0.000000;2.000000;-70.838989;-136.491516;1860.015259;0.001038;0.000000;0.000000;0.000000;0.000000;2.000000;-138.853149;-111.075500;1757.175537;0.001675;0.000000;0.000000;0.000000;0.000000;2.000000;-269.502747;-97.413879;1617.659180;0.006176;0.000000;0.000000;0.000000;0.000000;2.000000;-268.138062;-113.039368;1657.978516;0.005489;0.000000;0.000000;0.000000;0.000000;2.000000;-331.507263;-167.589417;1752.472046;0.005813;0.000000;0.000000;0.000000;0.000000;2.000000;-320.102356;-307.055969;1952.251709;0.016651;0.000000;0.000000;0.000000;0.000000;1.000000;-222.266357;-468.455841;1872.958862;0.025862;0.000000;0.000000;0.000000;0.000000;1.000000;-153.212036;-515.280579;1889.165039;0.033746;0.000000;0.000000;0.000000;0.000000;1.000000;-223.552612;-474.404938;1938.939453;0.028904;0.000000;0.000000;0.000000;0.000000;0.000000;-179.290588;-388.400177;1939.950317;0.024732;0.000000;0.000000;0.000000;0.000000;0.000000;-228.325134;-84.726563;1624.191895;0.005399;0.000000;0.000000;0.000000;0.000000;1.000000;-136.887268;-38.919067;1569.286011;0.005368;0.000000;0.000000;0.000000;0.000000;1.000000;89.409485;-115.406372;1500.694458;0.017918;0.000000;0.000000;0.000000;0.000000;1.000000;53.940552;-319.630219;1497.305420;0.031167;0.000000;0.000000;0.000000;0.000000;1.000000;-30.279724;-354.229309;1488.114868;0.032790;0.000000;0.000000;0.000000;0.000000;1.000000;-118.223877;-386.659607;1486.572632;0.035819;0.000000;0.000000;0.000000;0.000000;1.000000;-63.899597;-274.259613;1465.450684;0.027456;0.000000;0.000000;0.000000;0.000000;1.000000;-53.915039;-205.586975;2021.919434;0.000427;0.000000;0.000000;0.000000;0.000000;2.000000;223.795898;-210.046509;2240.357666;0.005220;0.000000;0.000000;0.000000;0.000000;2.000000;427.123505;-170.008972;2506.992188;0.008529;0.000000;0.000000;0.000000;0.000000;1.000000;580.546875;-207.743896;2555.769043;0.009965;0.000000;0.000000;0.000000;0.000000;1.000000;48.617615;-99.874756;1980.234253;0.000386;0.000000;0.000000;0.000000;0.000000;2.000000;296.183929;-142.602722;2228.176025;0.003762;0.000000;0.000000;0.000000;0.000000;2.000000;472.743042;-127.231750;2519.794922;0.008442;0.000000;0.000000;0.000000;0.000000;2.000000;580.737427;-168.003906;2618.888916;0.010826;0.000000;0.000000;0.000000;0.000000;2.000000;-314.366272;-102.709045;1561.465820;0.007853;0.000000;0.000000;0.000000;0.000000;2.000000;-306.088806;-68.627014;1424.039551;0.010455;0.000000;0.000000;0.000000;0.000000;1.000000;-345.235168;-95.151306;1438.347656;0.010483;0.000000;0.000000;0.000000;0.000000;1.000000;-366.213318;-167.688049;1520.923096;0.008808;0.000000;0.000000;0.000000;0.000000;1.000000;-340.949158;-50.009644;1446.919922;0.010659;0.000000;0.000000;0.000000;0.000000;1.000000;-366.787537;-25.757690;1557.001587;0.009535;0.000000;0.000000;0.000000;0.000000;1.000000;6469933568.000000
0.000000;-150.000000;2000.000000;0.000000;0.000000;0.000000;0.000000;0.000000;2.000000;-75.216675;-134.691040;1859.818970;0.142354;0.000000;0.000000;0.000000;0.000000;2.000000;-145.286438;-109.716614;1755.937378;0.201046;0.000000;0.000000;0.000000;0.000000;2.000000;-284.814453;-89.070740;1622.028564;0.540154;0.000000;0.000000;0.000000;0.000000;2.000000;-281.308228;-107.201660;1661.865356;0.448351;0.000000;0.000000;0.000000;0.000000;2.000000;-341.917786;-167.063843;1757.481934;0.347512;0.000000;0.000000;0.000000;0.000000;2.000000;-323.560120;-305.881927;1961.629028;0.302381;0.000000;0.000000;0.000000;0.000000;1.000000;-212.980652;-475.152527;1913.774048;1.273751;0.000000;0.000000;0.000000;0.000000;1.000000;-135.464783;-508.523773;1895.920288;0.605640;0.000000;0.000000;0.000000;0.000000;1.000000;-212.163818;-466.529938;1937.437012;0.418497;0.000000;0.000000;0.000000;0.000000;0.000000;-159.759888;-380.355255;1949.966187;0.702435;0.000000;0.000000;0.000000;0.000000;0.000000;-242.825500;-76.213745;1627.321899;0.513924;0.000000;0.000000;0.000000;0.000000;1.000000;-153.686768;-23.872864;1570.805786;0.679194;0.000000;0.000000;0.000000;0.000000;1.000000;81.012878;-89.640503;1505.883179;0.829080;0.000000;0.000000;0.000000;0.000000;1.000000;81.613831;-299.993713;1501.245361;1.026451;0.000000;0.000000;0.000000;0.000000;1.000000;-0.809875;-342.020111;1493.073120;0.970009;0.000000;0.000000;0.000000;0.000000;1.000000;-87.697754;-380.791626;1493.253540;0.955374;0.000000;0.000000;0.000000;0.000000;1.000000;-42.614136;-275.280518;1469.943848;0.654401;0.000000;0.000000;0.000000;0.000000;1.000000;-54.056641;-206.835510;2022.798096;0.046072;0.000000;0.000000;0.000000;0.000000;2.000000;223.134918;-211.319946;2250.308594;0.302098;0.000000;0.000000;0.000000;0.000000;2.000000;440.853790;-177.940247;2512.902344;0.508475;0.000000;0.000000;0.000000;0.000000;1.000000;595.023682;-214.169373;2568.434082;0.609367;0.000000;0.000000;0.000000;0.000000;1.000000;48.745178;-98.748962;1979.442017;0.041542;0.000000;0.000000;0.000000;0.000000;2.000000;294.063416;-141.535278;2236.983887;0.274104;0.000000;0.000000;0.000000;0.000000;2.000000;480.891205;-132.662292;2528.483887;0.393368;0.000000;0.000000;0.000000;0.000000;2.000000;584.552185;-163.931824;2638.565430;0.614554;0.000000;0.000000;0.000000;0.000000;2.000000;-333.080139;-91.625488;1567.084595;0.674996;0.000000;0.000000;0.000000;0.000000;2.000000;-298.767395;-70.915771;1428.826660;0.271695;0.000000;0.000000;0.000000;0.000000;2.000000;-336.567810;-102.398254;1438.529297;0.339522;0.000000;0.000000;0.000000;0.000000;1.000000;-365.466980;-169.348450;1525.590576;0.150539;0.000000;0.000000;0.000000;0.000000;1.000000;-340.716003;-55.841309;1441.523560;0.238846;0.000000;0.000000;0.000000;0.000000;2.000000;-394.329163;-24.370178;1541.079712;0.956819;0.000000;0.000000;0.000000;0.000000;1.000000;6469966848.000000
0.000000;-150.000000;2000.000000;0.000000;0.000000;0.000000;0.000000;0.000000;2.000000;-80.100098;-140.375977;1857.692627;0.234081;0.000000;0.000000;0.000000;0.000000;2.000000;-154.559265;-119.468384;1752.233276;0.419386;0.000000;0.000000;0.000000;0.000000;2.000000;-295.859253;-95.254944;1614.114624;0.448575;0.000000;0.000000;0.000000;0.000000;2.000000;-293.075745;-113.541565;1655.074707;0.450502;0.000000;0.000000;0.000000;0.000000;2.000000;-354.282043;-165.721863;1758.574463;0.375143;0.000000;0.000000;0.000000;0.000000;2.000000;-326.087097;-278.608307;1983.665649;1.056329;0.000000;0.000000;0.000000;0.000000;1.000000;-219.309937;-458.399902;1944.914063;1.079396;0.000000;0.000000;0.000000;0.000000;1.000000;-156.680481;-503.036926;1901.545288;0.679812;0.000000;0.000000;0.000000;0.000000;1.000000;-206.916077;-449.170563;1967.811768;1.063002;0.000000;0.000000;0.000000;0.000000;0.000000;-144.804932;-368.098572;1951.936279;0.584015;0.000000;0.000000;0.000000;0.000000;0.000000;-252.533020;-83.358276;1619.678467;0.428859;0.000000;0.000000;0.000000;0.000000;1.000000;-157.172241;-32.398438;1566.290283;0.308229;0.000000;0.000000;0.000000;0.000000;1.000000;90.682068;-84.124634;1515.799927;0.447968;0.000000;0.000000;0.000000;0.000000;1.000000;106.010437;-297.761597;1493.335083;0.773555;0.000000;0.000000;0.000000;0.000000;1.000000;23.163513;-343.894989;1486.558105;0.748604;0.000000;0.000000;0.000000;0.000000;1.000000;-66.251953;-380.549042;1498.624634;0.664348;0.000000;0.000000;0.000000;0.000000;1.000000;-24.265747;-277.347076;1475.348755;0.578101;0.000000;0.000000;0.000000;0.000000;1.000000;-53.520508;-208.664246;2026.157593;0.116057;0.000000;0.000000;0.000000;0.000000;2.000000;205.277283;-215.943176;2286.382813;1.217455;0.000000;0.000000;0.000000;0.000000;2.000000;423.391052;-196.132385;2560.433594;1.616777;0.000000;0.000000;0.000000;0.000000;1.000000;579.299866;-259.922424;2594.054688;1.644977;0.000000;0.000000;0.000000;0.000000;1.000000;48.261780;-97.099854;1976.412598;0.104655;0.000000;0.000000;0.000000;0.000000;2.000000;292.340576;-145.861511;2245.678711;0.296373;0.000000;0.000000;0.000000;0.000000;2.000000;480.435730;-145.674927;2546.166992;0.659847;0.000000;0.000000;0.000000;0.000000;2.000000;595.194763;-211.978088;2632.259277;1.490783;0.000000;0.000000;0.000000;0.000000;2.000000;-344.988342;-96.879211;1557.600464;0.483910;0.000000;0.000000;0.000000;0.000000;2.000000;-299.684143;-74.970581;1419.120605;0.317273;0.000000;0.000000;0.000000;0.000000;1.000000;-340.557556;-105.270569;1425.848999;0.408652;0.000000;0.000000;0.000000;0.000000;1.000000;-379.384460;-173.761597;1511.366943;0.612483;0.000000;0.000000;0.000000;0.000000;1.000000;-342.517395;-57.523438;1429.676147;0.363614;0.000000;0.000000;0.000000;0.000000;1.000000;-402.162292;-24.325989;1528.535889;0.444374;0.000000;0.000000;0.000000;0.000000;1.000000;6470000128.000000
0.000000;-150.000000;2000.000000;0.000000;0.000000;0.000000;0.000000;0.000000;2.000000;-79.207825;-140.182556;1855.586548;0.068974;0.000000;0.000000;0.000000;0.000000;2.000000;-152.363953;-118.294678;1748.024780;0.146924;0.000000;0.000000;0.000000;0.000000;2.000000;-300.939026;-92.038208;1615.532837;0.185625;0.000000;0.000000;0.000000;0.000000;2.000000;-296.912292;-108.292969;1657.658569;0.210215;0.000000;0.000000;0.000000;0.000000;2.000000;-358.527161;-158.562622;1763.283325;0.287347;0.000000;0.000000;0.000000;0.000000;2.000000;-332.576477;-259.863312;1996.491089;0.709783;0.000000;0.000000;0.000000;0.000000;1.000000;-227.061584;-442.779572;1958.768799;0.669227;0.000000;0.000000;0.000000;0.000000;1.000000;-177.819641;-496.683990;1907.769775;0.689122;0.000000;0.000000;0.000000;0.000000;1.000000;-209.965393;-434.641418;1979.215942;0.562509;0.000000;0.000000;0.000000;0.000000;0.000000;-140.893372;-362.170471;1950.047241;0.220830;0.000000;0.000000;0.000000;0.000000;0.000000;-256.297119;-82.750977;1618.011475;0.125038;0.000000;0.000000;0.000000;0.000000;2.000000;-155.671631;-59.275574;1553.845947;0.891114;0.000000;0.000000;0.000000;0.000000;2.000000;89.157410;-126.810974;1496.280396;1.411128;0.000000;0.000000;0.000000;0.000000;1.000000;115.451538;-342.264038;1487.581543;1.377862;0.000000;0.000000;0.000000;0.000000;1.000000;35.740784;-392.528900;1469.842407;1.590806;0.000000;0.000000;0.000000;0.000000;1.000000;-56.446594;-387.996094;1503.460083;0.397482;0.000000;0.000000;0.000000;0.000000;1.000000;-8.751282;-283.271667;1472.734253;0.505161;0.000000;0.000000;0.000000;0.000000;1.000000;-57.160767;-205.533264;2027.576294;0.150442;0.000000;0.000000;0.000000;0.000000;2.000000;223.327454;-212.475281;2269.171387;0.756632;0.000000;0.000000;0.000000;0.000000;2.000000;455.594788;-185.410889;2534.746582;1.279023;0.000000;0.000000;0.000000;0.000000;1.000000;611.521667;-256.299072;2560.862549;1.394273;0.000000;0.000000;0.000000;0.000000;1.000000;51.544373;-99.923279;1975.133301;0.135662;0.000000;0.000000;0.000000;0.000000;2.000000;293.362671;-143.340698;2251.600342;0.195809;0.000000;0.000000;0.000000;0.000000;2.000000;490.611023;-148.381775;2549.806152;0.334746;0.000000;0.000000;0.000000;0.000000;2.000000;598.098389;-227.384216;2637.082764;0.492867;0.000000;0.000000;0.000000;0.000000;2.000000;-353.757874;-93.478516;1561.534302;0.306350;0.000000;0.000000;0.000000;0.000000;2.000000;-306.640564;-64.148499;1423.670410;0.410032;0.000000;0.000000;0.000000;0.000000;2.000000;-354.222717;-83.923035;1428.641602;0.766227;0.000000;0.000000;0.000000;0.000000;1.000000;-408.210144;-152.322327;1507.087646;1.087091;0.000000;0.000000;0.000000;0.000000;1.000000;-343.616028;-37.876038;1438.909546;0.653145;0.000000;0.000000;0.000000;0.000000;1.000000;-391.126648;-4.699036;1545.332886;0.844101;0.000000;0.000000;0.000000;0.000000;1.000000;6470033408.000000
0.000000;-150.000000;2000.000000;0.000000;0.000000;0.000000;0.000000;0.000000;2.000000;-79.536499;-138.200439;1854.378540;0.070444;0.000000;0.000000;0.000000;0.000000;2.000000;-151.623596;-115.556580;1744.944458;0.125821;0.000000;0.000000;0.000000;0.000000;2.000000;-299.237488;-88.317932;1609.129272;0.228328;0.000000;0.000000;0.000000;0.000000;2.000000;-295.954773;-104.441589;1651.765991;0.213473;0.000000;0.000000;0.000000;0.000000;2.000000;-355.467773;-160.465393;1757.053711;0.216239;0.000000;0.000000;0.000000;0.000000;2.000000;-320.299561;-246.171448;1997.485229;0.553389;0.000000;0.000000;0.000000;0.000000;1.000000;-230.545349;-439.613190;1961.541870;0.164175;0.000000;0.000000;0.000000;0.000000;1.000000;-187.107361;-493.502014;1904.355835;0.312329;0.000000;0.000000;0.000000;0.000000;0.000000;-210.663269;-429.878387;1978.838867;0.145091;0.000000;0.000000;0.000000;0.000000;0.000000;-143.259399;-358.682068;1943.051392;0.245419;0.000000;0.000000;0.000000;0.000000;0.000000;-254.163696;-79.461609;1612.183716;0.211053;0.000000;0.000000;0.000000;0.000000;2.000000;-150.014648;-61.429077;1550.025879;0.215074;0.000000;0.000000;0.000000;0.000000;2.000000;94.856079;-140.875854;1498.528687;0.460972;0.000000;0.000000;0.000000;0.000000;1.000000;114.613953;-358.500641;1484.104370;0.499575;0.000000;0.000000;0.000000;0.000000;1.000000;33.642639;-405.814423;1460.641968;0.489660;0.000000;0.000000;0.000000;0.000000;1.000000;-56.770508;-388.725006;1497.254150;0.188010;0.000000;0.000000;0.000000;0.000000;1.000000;-3.953003;-287.333313;1466.659546;0.262680;0.000000;0.000000;0.000000;0.000000;1.000000;-59.765320;-203.427612;2028.313843;0.103050;0.000000;0.000000;0.000000;0.000000;2.000000;215.060852;-213.607605;2280.701660;0.427661;0.000000;0.000000;0.000000;0.000000;2.000000;453.417023;-196.361328;2545.556152;0.466957;0.000000;0.000000;0.000000;0.000000;1.000000;595.283813;-297.365692;2532.014160;1.584980;0.000000;0.000000;0.000000;0.000000;1.000000;53.893066;-101.822021;1974.468018;0.092927;0.000000;0.000000;0.000000;0.000000;2.000000;292.575867;-138.495239;2258.578125;0.256356;0.000000;0.000000;0.000000;0.000000;2.000000;502.488892;-151.216614;2551.366699;0.369915;0.000000;0.000000;0.000000;0.000000;2.000000;619.776794;-260.943451;2556.967285;2.690044;0.000000;0.000000;0.000000;0.000000;2.000000;-351.746582;-89.546448;1553.971313;0.263166;0.000000;0.000000;0.000000;0.000000;2.000000;-298.220154;-85.606812;1414.087769;0.750113;0.000000;0.000000;0.000000;0.000000;2.000000;-340.399048;-115.138916;1422.599121;1.041779;0.000000;0.000000;0.000000;0.000000;1.000000;-385.050903;-172.961975;1515.521118;0.965974;0.000000;0.000000;0.000000;0.000000;1.000000;-342.087402;-66.479675;1420.165039;1.028620;0.000000;0.000000;0.000000;0.000000;2.000000;-407.509155;-19.935242;1512.239258;1.200313;0.000000;0.000000;0.000000;0.000000;1.000000;6470066688.000000
0.000000;-150.000000;2000.000000;0.000000;0.000000;0.000000;0.000000;0.000000;2.000000;-84.765259;-138.699158;1854.570801;0.078966;0.000000;0.000000;0.000000;0.000000;2.000000;-156.282288;-123.915771;1741.178711;0.154507;0.000000;0.000000;0.000000;0.000000;2.000000;-307.193481;-93.513489;1605.343018;0.153677;0.000000;0.000000;0.000000;0.000000;2.000000;-303.611816;-109.970154;1648.525513;0.150012;0.000000;0.000000;0.000000;0.000000;2.000000;-356.419678;-165.331970;1759.973145;0.086454;0.000000;0.000000;0.000000;0.000000;2.000000;-307.644897;-243.186646;2004.612793;0.222767;0.000000;0.000000;0.000000;0.000000;1.000000;-217.330933;-441.762878;1981.892456;0.365979;0.000000;0.000000;0.000000;0.000000;1.000000;-183.318237;-497.859955;1918.742188;0.232905;0.000000;0.000000;0.000000;0.000000;0.000000;-194.983826;-426.697662;1991.135498;0.303162;0.000000;0.000000;0.000000;0.000000;0.000000;-132.783875;-360.690552;1940.209351;0.165842;0.000000;0.000000;0.000000;0.000000;0.000000;-261.293701;-85.338562;1607.876709;0.153161;0.000000;0.000000;0.000000;0.000000;2.000000;-153.106628;-68.711914;1548.842407;0.120193;0.000000;0.000000;0.000000;0.000000;2.000000;97.008667;-148.917236;1505.177368;0.160062;0.000000;0.000000;0.000000;0.000000;1.000000;127.102173;-368.262939;1487.490356;0.243521;0.000000;0.000000;0.000000;0.000000;1.000000;48.467834;-419.073578;1458.374756;0.300756;0.000000;0.000000;0.000000;0.000000;1.000000;-40.669495;-395.599060;1498.263062;0.263462;0.000000;0.000000;0.000000;0.000000;1.000000;9.577759;-292.977570;1467.482788;0.220611;0.000000;0.000000;0.000000;0.000000;1.000000;-59.677979;-204.210510;2030.571411;0.035923;0.000000;0.000000;0.000000;0.000000;2.000000;227.421570;-211.906372;2277.215576;0.194638;0.000000;0.000000;0.000000;0.000000;2.000000;477.457520;-191.495239;2537.916260;0.385972;0.000000;0.000000;0.000000;0.000000;1.000000;611.709839;-303.424408;2509.063477;0.433687;0.000000;0.000000;0.000000;0.000000;1.000000;53.814209;-101.116028;1972.432373;0.032392;0.000000;0.000000;0.000000;0.000000;2.000000;300.133179;-144.158936;2256.130371;0.146576;0.000000;0.000000;0.000000;0.000000;2.000000;510.619263;-151.852844;2554.968750;0.133944;0.000000;0.000000;0.000000;0.000000;2.000000;625.749695;-266.984314;2547.458984;0.191564;0.000000;0.000000;0.000000;0.000000;2.000000;-361.156616;-93.762329;1550.071167;0.165628;0.000000;0.000000;0.000000;0.000000;2.000000;-281.292053;-94.111450;1420.797485;0.301946;0.000000;0.000000;0.000000;0.000000;2.000000;-328.541016;-117.954895;1420.034912;0.187119;0.000000;0.000000;0.000000;0.000000;1.000000;-398.052856;-171.848206;1501.490845;0.287874;0.000000;0.000000;0.000000;0.000000;1.000000;-323.152344;-68.808716;1419.715576;0.286705;0.000000;0.000000;0.000000;0.000000;2.000000;-398.862061;-14.952454;1501.682495;0.218260;0.000000;0.000000;0.000000;0.000000;1.000000;6470133248.000000
0.000000;-150.000000;2000.000000;0.000000;0.000000;0.000000;0.000000;0.000000;2.000000;-82.174194;-142.923462;1853.223145;0.154315;0.000000;0.000000;0.000000;0.000000;2.000000;-153.482239;-128.738586;1739.950806;0.171584;0.000000;0.000000;0.000000;0.000000;2.000000;-313.434265;-92.734741;1617.082275;0.400175;0.000000;0.000000;0.000000;0.000000;2.000000;-306.357117;-113.678345;1657.713379;0.308932;0.000000;0.000000;0.000000;0.000000;2.000000;-358.804871;-170.689453;1768.160156;0.302605;0.000000;0.000000;0.000000;0.000000;2.000000;-305.762756;-258.939056;2007.760376;0.485988;0.000000;0.000000;0.000000;0.000000;1.000000;-210.435669;-455.530670;1994.597778;0.599850;0.000000;0.000000;0.000000;0.000000;1.000000;-169.732422;-498.230347;1925.476196;0.455760;0.000000;0.000000;0.000000;0.000000;0.000000;-198.948364;-427.465363;1992.833618;0.131632;0.000000;0.000000;0.000000;0.000000;0.000000;-141.853516;-368.098877;1939.328979;0.352878;0.000000;0.000000;0.000000;0.000000;0.000000;-268.089417;-82.060364;1618.100098;0.381795;0.000000;0.000000;0.000000;0.000000;1.000000;-173.316345;-31.208801;1556.173462;1.298918;0.000000;0.000000;0.000000;0.000000;1.000000;81.639221;-79.006714;1498.549683;2.160042;0.000000;0.000000;0.000000;0.000000;1.000000;119.191345;-295.590790;1470.079956;2.257998;0.000000;0.000000;0.000000;0.000000;1.000000;71.594788;-380.902588;1475.554321;1.436982;0.000000;0.000000;0.000000;0.000000;1.000000;-26.413879;-389.883331;1494.528442;0.474949;0.000000;0.000000;0.000000;0.000000;1.000000;-10.060669;-288.122406;1473.012573;0.630164;0.000000;0.000000;0.000000;0.000000;1.000000;-59.595276;-203.910461;2030.765625;0.011024;0.000000;0.000000;0.000000;0.000000;2.000000;225.345978;-208.886169;2278.791016;0.119860;0.000000;0.000000;0.000000;0.000000;2.000000;479.612854;-190.690063;2534.489746;0.124018;0.000000;0.000000;0.000000;0.000000;1.000000;616.221436;-301.089020;2514.335205;0.219987;0.000000;0.000000;0.000000;0.000000;1.000000;53.739685;-101.386475;1972.257202;0.009938;0.000000;0.000000;0.000000;0.000000;2.000000;294.251343;-140.373779;2260.458496;0.247155;0.000000;0.000000;0.000000;0.000000;2.000000;506.280212;-148.825195;2557.264893;0.173308;0.000000;0.000000;0.000000;0.000000;2.000000;623.538208;-261.536682;2555.076172;0.289132;0.000000;0.000000;0.000000;0.000000;2.000000;-370.409729;-90.106750;1565.221313;0.544617;0.000000;0.000000;0.000000;0.000000;2.000000;-294.577820;-79.687317;1434.313721;0.715659;0.000000;0.000000;0.000000;0.000000;2.000000;-322.330872;-123.856934;1442.616211;0.725719;0.000000;0.000000;0.000000;0.000000;1.000000;-358.342346;-184.718872;1539.113525;1.688596;0.000000;0.000000;0.000000;0.000000;1.000000;-343.237732;-80.846436;1430.471069;0.774291;0.000000;0.000000;0.000000;0.000000;2.000000;-440.473938;-56.440552;1502.843506;1.765988;0.000000;0.000000;0.000000;0.000000;1.000000;6470166528.000000
0.000000;-150.000000;2000.000000;0.000000;0.000000;0.000000;0.000000;0.000000;2.000000;-87.552063;-135.291016;1857.734741;0.311589;0.000000;0.000000;0.000000;0.000000;2.000000;-151.857910;-132.350769;1740.138306;0.119142;0.000000;0.000000;0.000000;0.000000;2.000000;-302.451721;-92.461487;1608.325317;0.422146;0.000000;0.000000;0.000000;0.000000;2.000000;-298.600403;-112.514832;1649.624756;0.338553;0.000000;0.000000;0.000000;0.000000;2.000000;-350.690613;-173.322021;1757.532715;0.409486;0.000000;0.000000;0.000000;0.000000;2.000000;-304.774597;-266.061005;1995.778442;0.419884;0.000000;0.000000;0.000000;0.000000;1.000000;-211.090210;-462.740051;1987.473633;0.305187;0.000000;0.000000;0.000000;0.000000;1.000000;-161.690308;-500.230957;1921.546753;0.275589;0.000000;0.000000;0.000000;0.000000;0.000000;-194.887756;-429.715332;1986.671265;0.231829;0.000000;0.000000;0.000000;0.000000;0.000000;-138.115417;-373.450134;1935.527954;0.226972;0.000000;0.000000;0.000000;0.000000;0.000000;-256.949097;-83.921509;1611.560425;0.392168;0.000000;0.000000;0.000000;0.000000;2.000000;-150.375305;-61.443359;1553.103760;1.144135;0.000000;0.000000;0.000000;0.000000;2.000000;104.976746;-116.286743;1510.273193;1.367726;0.000000;0.000000;0.000000;0.000000;1.000000;147.259338;-328.205933;1465.087769;1.301634;0.000000;0.000000;0.000000;0.000000;1.000000;75.956543;-394.309753;1458.477295;0.665415;0.000000;0.000000;0.000000;0.000000;1.000000;-16.834290;-395.638977;1495.283691;0.336574;0.000000;0.000000;0.000000;0.000000;1.000000;13.084229;-295.360352;1465.814575;0.760095;0.000000;0.000000;0.000000;0.000000;1.000000;-59.992004;-202.486206;2031.493286;0.049515;0.000000;0.000000;0.000000;0.000000;2.000000;206.468018;-268.899567;2288.763672;1.914003;0.000000;0.000000;0.000000;0.000000;1.000000;432.580383;-279.823517;2568.197510;3.193171;0.000000;0.000000;0.000000;0.000000;1.000000;556.317383;-402.219604;2541.435059;3.624537;0.000000;0.000000;0.000000;0.000000;1.000000;54.097412;-102.670776;1971.601074;0.044648;0.000000;0.000000;0.000000;0.000000;2.000000;298.289612;-147.488953;2253.835938;0.316279;0.000000;0.000000;0.000000;0.000000;2.000000;510.350128;-155.779541;2548.838379;0.350332;0.000000;0.000000;0.000000;0.000000;2.000000;604.447632;-287.554108;2543.437988;1.030786;0.000000;0.000000;0.000000;0.000000;2.000000;-356.147522;-88.614258;1553.576294;0.555072;0.000000;0.000000;0.000000;0.000000;2.000000;-282.008667;-83.092773;1422.099243;0.536486;0.000000;0.000000;0.000000;0.000000;2.000000;-317.239929;-121.692383;1428.164917;0.464962;0.000000;0.000000;0.000000;0.000000;1.000000;-362.308899;-181.343994;1520.952637;0.567695;0.000000;0.000000;0.000000;0.000000;1.000000;-329.893127;-74.987915;1419.576050;0.546761;0.000000;0.000000;0.000000;0.000000;2.000000;-419.398132;-38.402405;1495.846924;0.859667;0.000000;0.000000;0.000000;0.000000;2.000000;6470199808.000000
0.000000;-150.000000;2000.000000;0.000000;0.000000;0.000000;0.000000;0.000000;2.000000;-85.742615;-137.678650;1857.328613;0.090842;0.000000;0.000000;0.000000;0.000000;2.000000;-151.228882;-133.057617;1741.159058;0.041822;0.000000;0.000000;0.000000;0.000000;2.000000;-297.328674;-95.130737;1605.246460;0.196694;0.000000;0.000000;0.000000;0.000000;2.000000;-294.607849;-114.848389;1646.557861;0.166738;0.000000;0.000000;0.000000;0.000000;2.000000;-353.161316;-170.930054;1752.920044;0.172881;0.000000;0.000000;0.000000;0.000000;2.000000;-307.062561;-267.640381;1988.212402;0.242207;0.000000;0.000000;0.000000;0.000000;1.000000;-218.448486;-465.209045;1974.099976;0.464624;0.000000;0.000000;0.000000;0.000000;1.000000;-161.689636;-500.299438;1913.577759;0.239462;0.000000;0.000000;0.000000;0.000000;0.000000;-196.099731;-430.756622;1978.379150;0.253746;0.000000;0.000000;0.000000;0.000000;0.000000;-140.263855;-373.897034;1927.401489;0.252931;0.000000;0.000000;0.000000;0.000000;0.000000;-252.219666;-86.283752;1609.797974;0.167446;0.000000;0.000000;0.000000;0.000000;2.000000;-145.356567;-67.984375;1551.631958;0.251649;0.000000;0.000000;0.000000;0.000000;2.000000;107.396240;-133.325378;1516.418213;0.549091;0.000000;0.000000;0.000000;0.000000;1.000000;154.402283;-342.709564;1469.160278;0.500968;0.000000;0.000000;0.000000;0.000000;1.000000;80.666931;-400.950409;1445.077026;0.471145;0.000000;0.000000;0.000000;0.000000;1.000000;-10.071045;-397.539886;1485.433105;0.363556;0.000000;0.000000;0.000000;0.000000;1.000000;22.316589;-298.774750;1457.980469;0.378018;0.000000;0.000000;0.000000;0.000000;1.000000;-61.517944;-199.214294;2032.720825;0.114580;0.000000;0.000000;0.000000;0.000000;2.000000;142.915833;-246.063782;2343.028320;2.603108;0.000000;0.000000;0.000000;0.000000;2.000000;326.742096;-265.600128;2649.539551;4.033676;0.000000;0.000000;0.000000;0.000000;1.000000;450.625916;-389.572083;2651.075684;4.591727;0.000000;0.000000;0.000000;0.000000;1.000000;55.473450;-105.621338;1970.494263;0.103325;0.000000;0.000000;0.000000;0.000000;2.000000;301.092010;-146.695251;2249.709961;0.151756;0.000000;0.000000;0.000000;0.000000;2.000000;510.545227;-153.509888;2544.524414;0.146589;0.000000;0.000000;0.000000;0.000000;2.000000;618.073669;-273.435577;2552.182617;0.645489;0.000000;0.000000;0.000000;0.000000;2.000000;-349.113220;-91.974304;1549.131470;0.269643;0.000000;0.000000;0.000000;0.000000;2.000000;-284.698181;-90.529785;1413.304077;0.355404;0.000000;0.000000;0.000000;0.000000;2.000000;-320.709900;-127.477966;1422.255005;0.269497;0.000000;0.000000;0.000000;0.000000;1.000000;-361.130188;-184.231750;1518.233398;0.124338;0.000000;0.000000;0.000000;0.000000;1.000000;-332.066956;-80.605408;1414.092407;0.244762;0.000000;0.000000;0.000000;0.000000;2.000000;-414.021912;-40.042236;1495.722168;0.168934;0.000000;0.000000;0.000000;0.000000;2.000000;6470233088.000000
0.000000;-150.000000;2000.000000;0.000000;0.000000;0.000000;0.000000;0.000000;2.000000;-87.958435;-135.569702;1857.076782;0.090831;0.000000;0.000000;0.000000;0.000000;2.000000;-155.550537;-129.335999;1740.777100;0.169153;0.000000;0.000000;0.000000;0.000000;2.000000;-303.924316;-98.156738;1602.831909;0.226321;0.000000;0.000000;0.000000;0.000000;2.000000;-300.884644;-115.919800;1645.455688;0.191237;0.000000;0.000000;0.000000;0.000000;2.000000;-360.734741;-169.444580;1753.941406;0.230381;0.000000;0.000000;0.000000;0.000000;2.000000;-372.967163;-282.726563;1988.652588;2.000789;0.000000;0.000000;0.000000;0.000000;2.000000;-287.450439;-482.621521;1962.552002;2.133520;0.000000;0.000000;0.000000;0.000000;1.000000;-204.147888;-507.203522;1935.686523;1.431254;0.000000;0.000000;0.000000;0.000000;0.000000;-191.651672;-430.535370;2001.819580;0.706077;0.000000;0.000000;0.000000;0.000000;0.000000;-171.202148;-409.302795;1940.476563;1.444209;0.000000;0.000000;0.000000;0.000000;0.000000;-258.382507;-88.973389;1606.668335;0.219485;0.000000;0.000000;0.000000;0.000000;2.000000;-149.344177;-73.681580;1549.278931;0.217252;0.000000;0.000000;0.000000;0.000000;2.000000;108.594543;-125.854797;1511.631226;0.264952;0.000000;0.000000;0.000000;0.000000;1.000000;161.923706;-339.534027;1485.722046;0.546425;0.000000;0.000000;0.000000;0.000000;1.000000;92.635315;-402.874207;1457.984619;0.524009;0.000000;0.000000;0.000000;0.000000;1.000000;-2.057251;-400.600006;1490.904053;0.301086;0.000000;0.000000;0.000000;0.000000;1.000000;27.853821;-302.790741;1465.450562;0.299738;0.000000;0.000000;0.000000;0.000000;1.000000;-63.871155;-196.165955;2034.646606;0.127416;0.000000;0.000000;0.000000;0.000000;2.000000;151.908447;-243.520142;2341.337891;0.281046;0.000000;0.000000;0.000000;0.000000;2.000000;346.480408;-262.743591;2645.073730;0.604812;0.000000;0.000000;0.000000;0.000000;1.000000;467.934875;-390.982605;2654.458008;0.523575;0.000000;0.000000;0.000000;0.000000;1.000000;57.595398;-108.370178;1968.757446;0.114900;0.000000;0.000000;0.000000;0.000000;2.000000;305.002319;-150.375366;2250.858398;0.162498;0.000000;0.000000;0.000000;0.000000;2.000000;513.336060;-156.306763;2550.532959;0.212809;0.000000;0.000000;0.000000;0.000000;2.000000;628.836487;-270.273315;2562.921631;0.459561;0.000000;0.000000;0.000000;0.000000;2.000000;-356.555908;-97.878174;1546.458862;0.292044;0.000000;0.000000;0.000000;0.000000;2.000000;-274.057495;-92.911926;1419.234009;0.367312;0.000000;0.000000;0.000000;0.000000;2.000000;-310.844971;-130.697937;1422.632690;0.307292;0.000000;0.000000;0.000000;0.000000;1.000000;-363.399414;-190.391602;1512.078003;0.266306;0.000000;0.000000;0.000000;0.000000;1.000000;-321.659058;-83.330627;1413.908447;0.318429;0.000000;0.000000;0.000000;0.000000;2.000000;-414.971802;-44.893494;1485.445313;0.337476;0.000000;0.000000;0.000000;0.000000;2.000000;6470266880.000000
0.000000;-150.000000;2000.000000;0.000000;0.000000;0.000000;0.000000;0.000000;2.000000;-94.185120;-135.552979;1860.916748;0.219818;0.000000;0.000000;0.000000;0.000000;2.000000;-166.721436;-130.422913;1747.433716;0.392103;0.000000;0.000000;0.000000;0.000000;2.000000;-304.668396;-106.264526;1597.502197;0.292403;0.000000;0.000000;0.000000;0.000000;2.000000;-305.018127;-120.777344;1641.487549;0.225716;0.000000;0.000000;0.000000;0.000000;2.000000;-371.258484;-176.038513;1745.447754;0.452093;0.000000;0.000000;0.000000;0.000000;2.000000;-399.398987;-241.928589;1996.570435;1.479943;0.000000;0.000000;0.000000;0.000000;2.000000;-306.032288;-431.264465;1937.625977;1.803921;0.000000;0.000000;0.000000;0.000000;1.000000;-242.119202;-495.755585;1931.589233;1.198035;0.000000;0.000000;0.000000;0.000000;0.000000;-189.253296;-437.243103;1996.459961;0.267869;0.000000;0.000000;0.000000;0.000000;0.000000;-168.024353;-415.575684;1932.150635;0.327467;0.000000;0.000000;0.000000;0.000000;0.000000;-259.188843;-97.936768;1603.773682;0.284064;0.000000;0.000000;0.000000;0.000000;2.000000;-145.726685;-82.966492;1555.326660;0.350251;0.000000;0.000000;0.000000;0.000000;2.000000;106.090027;-66.601074;1639.713623;4.241185;0.000000;0.000000;0.000000;0.000000;2.000000;-2.977966;-255.976746;1600.921021;6.545047;0.000000;0.000000;0.000000;0.000000;2.000000;-13.359497;-295.091278;1511.691162;4.820488;0.000000;0.000000;0.000000;0.000000;2.000000;-39.620544;-354.117340;1434.878784;2.461462;0.000000;0.000000;0.000000;0.000000;1.000000;29.856812;-296.345032;1484.429077;0.605260;0.000000;0.000000;0.000000;0.000000;1.000000;-64.375916;-191.700134;2039.262939;0.193592;0.000000;0.000000;0.000000;0.000000;2.000000;167.337158;-308.954529;2314.370117;2.176560;0.000000;0.000000;0.000000;0.000000;1.000000;356.058014;-284.161621;2621.763916;0.993774;0.000000;0.000000;0.000000;0.000000;1.000000;468.589203;-418.898895;2644.658447;0.889230;0.000000;0.000000;0.000000;0.000000;1.000000;58.050659;-112.397217;1964.594971;0.174565;0.000000;0.000000;0.000000;0.000000;2.000000;305.410278;-159.146301;2246.451904;0.295195;0.000000;0.000000;0.000000;0.000000;2.000000;517.403564;-163.193298;2543.989258;0.310513;0.000000;0.000000;0.000000;0.000000;2.000000;615.185730;-292.516296;2559.632568;0.790391;0.000000;0.000000;0.000000;0.000000;2.000000;-353.426697;-109.024170;1537.719604;0.435852;0.000000;0.000000;0.000000;0.000000;2.000000;-267.968811;-109.974365;1412.201416;0.583936;0.000000;0.000000;0.000000;0.000000;2.000000;-310.663757;-141.195679;1412.541382;0.437579;0.000000;0.000000;0.000000;0.000000;1.000000;-374.767395;-196.781494;1497.115967;0.596380;0.000000;0.000000;0.000000;0.000000;1.000000;-313.191589;-92.183533;1406.833496;0.425079;0.000000;0.000000;0.000000;0.000000;2.000000;-400.643860;-43.148987;1479.482178;0.469262;0.000000;0.000000;0.000000;0.000000;1.000000;6470300160.000000
0.000000;-150.000000;2000.000000;0.000000;0.000000;0.000000;0.000000;0.000000;2.000000;-94.297852;-135.877930;1861.833984;0.029435;0.000000;0.000000;0.000000;0.000000;2.000000;-168.492981;-127.308167;1750.330566;0.138455;0.000000;0.000000;0.000000;0.000000;2.000000;-305.049622;-105.759949;1599.926025;0.075270;0.000000;0.000000;0.000000;0.000000;2.000000;-305.699890;-119.096985;1644.072144;0.094871;0.000000;0.000000;0.000000;0.000000;2.000000;-369.775574;-174.447632;1748.591431;0.114863;0.000000;0.000000;0.000000;0.000000;2.000000;-396.360901;-250.720520;1995.755615;0.280579;0.000000;0.000000;0.000000;0.000000;2.000000;-309.427063;-429.229980;1905.162109;0.982699;0.000000;0.000000;0.000000;0.000000;1.000000;-246.958801;-487.536926;1935.292358;0.307433;0.000000;0.000000;0.000000;0.000000;0.000000;-192.595398;-437.857605;2005.395386;0.287252;0.000000;0.000000;0.000000;0.000000;0.000000;-174.419495;-415.681946;1935.980225;0.224004;0.000000;0.000000;0.000000;0.000000;0.000000;-259.713013;-97.731812;1606.143066;0.073176;0.000000;0.000000;0.000000;0.000000;2.000000;-144.854004;-83.758423;1562.264526;0.211455;0.000000;0.000000;0.000000;0.000000;2.000000;105.959412;-63.412292;1645.184448;0.190314;0.000000;0.000000;0.000000;0.000000;2.000000;-7.002197;-250.847778;1614.339600;0.448270;0.000000;0.000000;0.000000;0.000000;2.000000;19.508972;-302.977722;1536.253296;1.255503;0.000000;0.000000;0.000000;0.000000;1.000000;42.666992;-343.544342;1447.901489;2.523433;0.000000;0.000000;0.000000;0.000000;1.000000;-14.904114;-288.084717;1522.972290;1.792174;0.000000;0.000000;0.000000;0.000000;2.000000;-63.409546;-192.741211;2038.908203;0.043993;0.000000;0.000000;0.000000;0.000000;2.000000;196.276917;-249.262207;2305.875244;2.009595;0.000000;0.000000;0.000000;0.000000;2.000000;406.505005;-227.585815;2597.321777;2.393144;0.000000;0.000000;0.000000;0.000000;1.000000;520.507507;-362.038757;2596.870361;2.723007;0.000000;0.000000;0.000000;0.000000;1.000000;57.179199;-111.458374;1964.914795;0.039672;0.000000;0.000000;0.000000;0.000000;2.000000;306.113037;-159.982971;2242.898926;0.111695;0.000000;0.000000;0.000000;0.000000;2.000000;512.911621;-161.358337;2542.198730;0.155412;0.000000;0.000000;0.000000;0.000000;2.000000;613.941223;-287.890625;2551.520752;0.283070;0.000000;0.000000;0.000000;0.000000;2.000000;-353.395935;-109.560486;1540.291138;0.078938;0.000000;0.000000;0.000000;0.000000;2.000000;-259.338562;-111.040283;1421.913818;0.391719;0.000000;0.000000;0.000000;0.000000;2.000000;-302.527283;-141.005493;1418.640625;0.305604;0.000000;0.000000;0.000000;0.000000;1.000000;-373.784119;-195.799744;1497.059814;0.041785;0.000000;0.000000;0.000000;0.000000;1.000000;-303.389709;-92.080933;1413.542603;0.356927;0.000000;0.000000;0.000000;0.000000;2.000000;-394.328186;-41.977051;1480.019653;0.193688;0.000000;0.000000;0.000000;0.000000;1.000000;6470333440.000000
0.000000;-150.000000;2000.000000;0.000000;0.000000;0.000000;0.000000;0.000000;2.000000;-98.294189;-132.045654;1861.739746;0.166397;0.000000;0.000000;0.000000;0.000000;2.000000;-175.475952;-121.678284;1749.784424;0.270025;0.000000;0.000000;0.000000;0.000000;2.000000;-307.259155;-119.762085;1589.398804;0.530554;0.000000;0.000000;0.000000;0.000000;2.000000;-309.669434;-128.932739;1635.296509;0.413651;0.000000;0.000000;0.000000;0.000000;2.000000;-365.301880;-179.654114;1749.383789;0.207635;0.000000;0.000000;0.000000;0.000000;2.000000;-395.553589;-254.176392;2001.077759;0.192214;0.000000;0.000000;0.000000;0.000000;2.000000;-296.559814;-442.424347;1938.261719;1.138359;0.000000;0.000000;0.000000;0.000000;1.000000;-232.920227;-504.748108;1914.955200;0.904894;0.000000;0.000000;0.000000;0.000000;0.000000;-186.552673;-442.011658;1982.697510;0.716736;0.000000;0.000000;0.000000;0.000000;0.000000;-159.513733;-418.386444;1922.534668;0.608634;0.000000;0.000000;0.000000;0.000000;0.000000;-261.838135;-109.344849;1596.968018;0.449277;0.000000;0.000000;0.000000;0.000000;2.000000;-143.902283;-92.629089;1556.667847;0.316458;0.000000;0.000000;0.000000;0.000000;2.000000;111.572571;-36.827209;1620.731201;1.098394;0.000000;0.000000;0.000000;0.000000;2.000000;25.994019;-233.520874;1687.243896;2.460277;0.000000;0.000000;0.000000;0.000000;2.000000;-5.236267;-292.744263;1614.131714;2.474564;0.000000;0.000000;0.000000;0.000000;2.000000;-53.359497;-322.055847;1529.641846;3.843844;0.000000;0.000000;0.000000;0.000000;2.000000;-43.557556;-264.771179;1604.662354;2.693925;0.000000;0.000000;0.000000;0.000000;2.000000;-66.123901;-188.225220;2042.045898;0.184269;0.000000;0.000000;0.000000;0.000000;2.000000;185.523499;-311.590485;2302.782715;1.902785;0.000000;0.000000;0.000000;0.000000;1.000000;392.225586;-280.054993;2602.968262;1.642726;0.000000;0.000000;0.000000;0.000000;1.000000;513.929443;-408.326447;2631.637207;1.750685;0.000000;0.000000;0.000000;0.000000;1.000000;59.626831;-115.530579;1962.085449;0.166161;0.000000;0.000000;0.000000;0.000000;2.000000;314.201447;-166.196533;2242.867676;0.306478;0.000000;0.000000;0.000000;0.000000;2.000000;531.345093;-165.551514;2542.050293;0.568058;0.000000;0.000000;0.000000;0.000000;2.000000;641.965027;-286.771484;2557.240234;0.860078;0.000000;0.000000;0.000000;0.000000;2.000000;-353.225830;-131.262451;1527.305908;0.759937;0.000000;0.000000;0.000000;0.000000;2.000000;-261.807373;-123.179016;1404.079468;0.652471;0.000000;0.000000;0.000000;0.000000;2.000000;-312.199097;-139.323730;1396.057739;0.739915;0.000000;0.000000;0.000000;0.000000;2.000000;-396.531860;-194.854126;1463.123047;1.227955;0.000000;0.000000;0.000000;0.000000;1.000000;-299.898315;-91.616821;1404.542236;0.290414;0.000000;0.000000;0.000000;0.000000;2.000000;-375.334351;-39.981140;1490.204590;0.650374;0.000000;0.000000;0.000000;0.000000;2.000000;6470366720.000000
0.000000;-150.000000;2000.000000;0.000000;0.000000;0.000000;0.000000;0.000000;2.000000;-98.751648;-131.465271;1861.146973;0.014233;0.000000;0.000000;0.000000;0.000000;2.000000;-176.819885;-119.105347;1749.222046;0.044422;0.000000;0.000000;0.000000;0.000000;2.000000;-309.610901;-119.023804;1588.385010;0.040043;0.000000;0.000000;0.000000;0.000000;2.000000;-311.924744;-127.696716;1634.609741;0.039993;0.000000;0.000000;0.000000;0.000000;2.000000;-372.731628;-173.130127;1749.059570;0.148631;0.000000;0.000000;0.000000;0.000000;2.000000;-392.116638;-220.899963;2009.486084;0.518239;0.000000;0.000000;0.000000;0.000000;2.000000;-235.064453;-307.036163;1876.957520;2.416482;0.000000;0.000000;0.000000;0.000000;2.000000;-169.704956;-261.802551;1829.631348;3.983464;0.000000;0.000000;0.000000;0.000000;0.000000;-176.855225;-232.534973;1928.970093;3.252320;0.000000;0.000000;0.000000;0.000000;0.000000;-156.220276;-259.316162;1796.028442;3.053911;0.000000;0.000000;0.000000;0.000000;2.000000;-263.954224;-108.483704;1595.757446;0.038845;0.000000;0.000000;0.000000;0.000000;2.000000;-145.556824;-95.523376;1553.612793;0.067937;0.000000;0.000000;0.000000;0.000000;2.000000;110.682190;-40.035400;1620.203491;0.050646;0.000000;0.000000;0.000000;0.000000;2.000000;26.484619;-237.688660;1689.178345;0.069425;0.000000;0.000000;0.000000;0.000000;2.000000;-45.766968;-275.267975;1631.831299;0.714461;0.000000;0.000000;0.000000;0.000000;2.000000;-117.709229;-324.512512;1578.817139;1.217330;0.000000;0.000000;0.000000;0.000000;2.000000;-77.488037;-236.671936;1665.078003;1.123382;0.000000;0.000000;0.000000;0.000000;2.000000;-66.181580;-189.297058;2041.822388;0.016473;0.000000;0.000000;0.000000;0.000000;2.000000;185.233215;-319.738129;2301.999512;0.123052;0.000000;0.000000;0.000000;0.000000;1.000000;386.937927;-287.015869;2607.520996;0.148077;0.000000;0.000000;0.000000;0.000000;1.000000;503.542175;-417.808655;2648.604492;0.331108;0.000000;0.000000;0.000000;0.000000;1.000000;59.678833;-114.564148;1962.286865;0.014852;0.000000;0.000000;0.000000;0.000000;2.000000;314.866943;-162.551941;2245.437988;0.067746;0.000000;0.000000;0.000000;0.000000;2.000000;530.466248;-163.617737;2547.880859;0.093231;0.000000;0.000000;0.000000;0.000000;2.000000;629.817932;-293.717682;2572.825684;0.314684;0.000000;0.000000;0.000000;0.000000;2.000000;-355.947693;-131.293152;1526.249146;0.043870;0.000000;0.000000;0.000000;0.000000;2.000000;-262.340393;-124.216064;1403.698853;0.018428;0.000000;0.000000;0.000000;0.000000;2.000000;-313.173889;-139.366760;1394.875000;0.023036;0.000000;0.000000;0.000000;0.000000;2.000000;-399.876526;-193.883301;1460.777466;0.063085;0.000000;0.000000;0.000000;0.000000;1.000000;-299.973450;-91.747803;1403.880249;0.010201;0.000000;0.000000;0.000000;0.000000;2.000000;-375.835754;-38.915527;1489.303589;0.022278;0.000000;0.000000;0.000000;0.000000;1.000000;6470433280.000000
0.000000;-150.000000;2000.000000;0.000000;0.000000;0.000000;0.000000;0.000000;2.000000;-98.762390;-131.443420;1861.153442;0.000757;0.000000;0.000000;0.000000;0.000000;2.000000;-176.847229;-119.044922;1749.240967;0.002072;0.000000;0.000000;0.000000;0.000000;2.000000;-309.653564;-118.838440;1588.411377;0.005770;0.000000;0.000000;0.000000;0.000000;2.000000;-311.967773;-127.528320;1634.633911;0.005273;0.000000;0.000000;0.000000;0.000000;2.000000;-372.841187;-173.047302;1749.017578;0.004315;0.000000;0.000000;0.000000;0.000000;2.000000;-392.210815;-221.876465;2009.254028;0.030292;0.000000;0.000000;0.000000;0.000000;2.000000;-234.846924;-309.287384;1877.927979;0.073952;0.000000;0.000000;0.000000;0.000000;1.000000;-168.916321;-264.536682;1830.932251;0.094016;0.000000;0.000000;0.000000;0.000000;0.000000;-176.457397;-235.051270;1930.179810;0.084741;0.000000;0.000000;0.000000;0.000000;0.000000;-155.216980;-262.022339;1797.420654;0.096286;0.000000;0.000000;0.000000;0.000000;1.000000;-263.990479;-108.322449;1595.784546;0.005033;0.000000;0.000000;0.000000;0.000000;2.000000;-145.576843;-95.436707;1553.655396;0.002964;0.000000;0.000000;0.000000;0.000000;2.000000;110.727539;-40.199280;1620.224365;0.005148;0.000000;0.000000;0.000000;0.000000;2.000000;26.299866;-237.753784;1689.215332;0.005990;0.000000;0.000000;0.000000;0.000000;2.000000;-46.253357;-275.062805;1632.069580;0.017403;0.000000;0.000000;0.000000;0.000000;2.000000;-118.601135;-323.886292;1579.214111;0.034851;0.000000;0.000000;0.000000;0.000000;2.000000;-77.769653;-236.352844;1665.462402;0.017232;0.000000;0.000000;0.000000;0.000000;2.000000;-66.182922;-189.296265;2041.824463;0.000078;0.000000;0.000000;0.000000;0.000000;2.000000;185.167847;-319.877991;2302.003906;0.004641;0.000000;0.000000;0.000000;0.000000;1.000000;386.896393;-287.314301;2607.535156;0.009064;0.000000;0.000000;0.000000;0.000000;1.000000;503.414856;-418.190704;2648.610840;0.012102;0.000000;0.000000;0.000000;0.000000;1.000000;59.680115;-114.564758;1962.285034;0.000070;0.000000;0.000000;0.000000;0.000000;2.000000;314.931946;-162.601868;2245.380371;0.003010;0.000000;0.000000;0.000000;0.000000;2.000000;530.677002;-163.817932;2547.728027;0.009868;0.000000;0.000000;0.000000;0.000000;2.000000;630.330078;-293.708527;2572.583008;0.017031;0.000000;0.000000;0.000000;0.000000;2.000000;-356.001953;-131.062073;1526.273315;0.007169;0.000000;0.000000;0.000000;0.000000;2.000000;-262.466675;-123.855957;1403.671753;0.011495;0.000000;0.000000;0.000000;0.000000;2.000000;-313.324219;-138.932190;1394.852783;0.013833;0.000000;0.000000;0.000000;0.000000;1.000000;-400.046509;-193.477661;1460.709717;0.013371;0.000000;0.000000;0.000000;0.000000;1.000000;-300.063354;-91.344604;1403.940796;0.012545;0.000000;0.000000;0.000000;0.000000;2.000000;-375.810059;-38.589233;1489.517944;0.011756;0.000000;0.000000;0.000000;0.000000;1.000000;6470466560.000000
0.000000;-150.000000;2000.000000;0.000000;0.000000;0.000000;0.000000;0.000000;2.000000;-98.763245;-131.444824;1861.156006;0.000091;0.000000;0.000000;0.000000;0.000000;2.000000;-176.848022;-119.049438;1749.245117;0.000186;0.000000;0.000000;0.000000;0.000000;2.000000;-309.653381;-118.851807;1588.417480;0.000442;0.000000;0.000000;0.000000;0.000000;2.000000;-311.967712;-127.538147;1634.640137;0.000350;0.000000;0.000000;0.000000;0.000000;2.000000;-372.844299;-173.050964;1749.022827;0.000214;0.000000;0.000000;0.000000;0.000000;2.000000;-392.172424;-221.949707;2009.246460;0.002495;0.000000;0.000000;0.000000;0.000000;2.000000;-234.772949;-309.564819;1878.103149;0.010106;0.000000;0.000000;0.000000;0.000000;1.000000;-168.765991;-264.895508;1831.139160;0.013240;0.000000;0.000000;0.000000;0.000000;0.000000;-176.364746;-235.350220;1930.363403;0.010903;0.000000;0.000000;0.000000;0.000000;0.000000;-155.031311;-262.391968;1797.644409;0.014131;0.000000;0.000000;0.000000;0.000000;1.000000;-263.990662;-108.336487;1595.789551;0.000448;0.000000;0.000000;0.000000;0.000000;2.000000;-145.574341;-95.463928;1553.667480;0.000898;0.000000;0.000000;0.000000;0.000000;2.000000;110.728394;-40.254517;1620.255005;0.001898;0.000000;0.000000;0.000000;0.000000;2.000000;26.269165;-237.789734;1689.255005;0.001854;0.000000;0.000000;0.000000;0.000000;2.000000;-46.323486;-275.065552;1632.139404;0.002975;0.000000;0.000000;0.000000;0.000000;2.000000;-118.697021;-323.885284;1579.317749;0.004243;0.000000;0.000000;0.000000;0.000000;2.000000;-77.809753;-236.347778;1665.551514;0.002940;0.000000;0.000000;0.000000;0.000000;2.000000;-66.181946;-189.295166;2041.825439;0.000053;0.000000;0.000000;0.000000;0.000000;2.000000;185.158508;-319.887329;2302.003906;0.000397;0.000000;0.000000;0.000000;0.000000;1.000000;386.889008;-287.338928;2607.531250;0.000781;0.000000;0.000000;0.000000;0.000000;1.000000;503.395142;-418.223694;2648.607422;0.001159;0.000000;0.000000;0.000000;0.000000;1.000000;59.679077;-114.565796;1962.284180;0.000051;0.000000;0.000000;0.000000;0.000000;2.000000;314.936157;-162.605652;2245.369141;0.000378;0.000000;0.000000;0.000000;0.000000;2.000000;530.700989;-163.837402;2547.697998;0.001295;0.000000;0.000000;0.000000;0.000000;2.000000;630.371765;-293.713531;2572.545898;0.001684;0.000000;0.000000;0.000000;0.000000;2.000000;-356.001770;-131.078857;1526.281006;0.000555;0.000000;0.000000;0.000000;0.000000;2.000000;-262.508057;-123.916504;1403.647095;0.002325;0.000000;0.000000;0.000000;0.000000;2.000000;-313.358948;-139.028748;1394.855347;0.003084;0.000000;0.000000;0.000000;0.000000;1.000000;-400.029602;-193.571045;1460.780762;0.003562;0.000000;0.000000;0.000000;0.000000;1.000000;-300.122986;-91.426941;1403.901489;0.003275;0.000000;0.000000;0.000000;0.000000;2.000000;-375.873596;-38.647583;1489.458496;0.003148;0.000000;0.000000;0.000000;0.000000;1.000000;6470499840.000000
0.000000;-150.000000;2000.000000;0.000000;0.000000;0.000000;0.000000;0.000000;2.000000;-98.763184;-131.444275;1861.155762;0.000018;0.000000;0.000000;0.000000;0.000000;2.000000;-176.848145;-119.048035;1749.244873;0.000043;0.000000;0.000000;0.000000;0.000000;2.000000;-309.653442;-118.846924;1588.416748;0.000148;0.000000;0.000000;0.000000;0.000000;2.000000;-311.967896;-127.533997;1634.639282;0.000127;0.000000;0.000000;0.000000;0.000000;2.000000;-372.845093;-173.049744;1749.020752;0.000076;0.000000;0.000000;0.000000;0.000000;2.000000;-392.167114;-221.969849;2009.241089;0.000646;0.000000;0.000000;0.000000;0.000000;2.000000;-234.767883;-309.597198;1878.105225;0.000987;0.000000;0.000000;0.000000;0.000000;1.000000;-168.754211;-264.933044;1831.145630;0.001198;0.000000;0.000000;0.000000;0.000000;0.000000;-176.355896;-235.388611;1930.369995;0.001200;0.000000;0.000000;0.000000;0.000000;0.000000;-155.016785;-262.428650;1797.652344;0.001209;0.000000;0.000000;0.000000;0.000000;1.000000;-263.990479;-108.331970;1595.789185;0.000136;0.000000;0.000000;0.000000;0.000000;2.000000;-145.573792;-95.459961;1553.667603;0.000120;0.000000;0.000000;0.000000;0.000000;2.000000;110.729614;-40.255188;1620.257202;0.000078;0.000000;0.000000;0.000000;0.000000;2.000000;26.266968;-237.790771;1689.253052;0.000094;0.000000;0.000000;0.000000;0.000000;2.000000;-46.326538;-275.064148;1632.136719;0.000129;0.000000;0.000000;0.000000;0.000000;2.000000;-118.700623;-323.882263;1579.314087;0.000179;0.000000;0.000000;0.000000;0.000000;2.000000;-77.811890;-236.347534;1665.549561;0.000087;0.000000;0.000000;0.000000;0.000000;2.000000;-66.182068;-189.295288;2041.825317;0.000006;0.000000;0.000000;0.000000;0.000000;2.000000;185.157410;-319.889679;2302.004395;0.000079;0.000000;0.000000;0.000000;0.000000;1.000000;386.887787;-287.343719;2607.532227;0.000151;0.000000;0.000000;0.000000;0.000000;1.000000;503.392914;-418.229675;2648.608398;0.000194;0.000000;0.000000;0.000000;0.000000;1.000000;59.679199;-114.565674;1962.284302;0.000006;0.000000;0.000000;0.000000;0.000000;2.000000;314.936829;-162.605774;2245.369141;0.000021;0.000000;0.000000;0.000000;0.000000;2.000000;530.702271;-163.838806;2547.698242;0.000058;0.000000;0.000000;0.000000;0.000000;2.000000;630.380615;-293.709503;2572.545410;0.000293;0.000000;0.000000;0.000000;0.000000;2.000000;-356.001831;-131.072632;1526.279907;0.000190;0.000000;0.000000;0.000000;0.000000;2.000000;-262.506714;-123.904846;1403.647339;0.000353;0.000000;0.000000;0.000000;0.000000;2.000000;-313.358398;-139.013855;1394.853882;0.000450;0.000000;0.000000;0.000000;0.000000;2.000000;-400.032227;-193.557373;1460.774048;0.000464;0.000000;0.000000;0.000000;0.000000;1.000000;-300.120117;-91.413330;1403.904053;0.000425;0.000000;0.000000;0.000000;0.000000;2.000000;-375.868774;-38.637268;1489.464966;0.000394;0.000000;0.000000;0.000000;0.000000;1.000000;6470533120.000000
0.000000;-150.000000;2000.000000;0.000000;0.000000;0.000000;0.000000;0.000000;2.000000;-98.421875;-131.353271;1861.059448;0.010835;0.000000;0.000000;0.000000;0.000000;2.000000;-176.325134;-118.622131;1749.165405;0.020098;0.000000;0.000000;0.000000;0.000000;2.000000;-308.352356;-116.097778;1587.887939;0.091356;0.000000;0.000000;0.000000;0.000000;2.000000;-310.862488;-125.452637;1633.939453;0.072751;0.000000;0.000000;0.000000;0.000000;2.000000;-370.818542;-177.479248;1745.901611;0.171169;0.000000;0.000000;0.000000;0.000000;2.000000;-380.267761;-259.362000;1998.088013;1.207212;0.000000;0.000000;0.000000;0.000000;2.000000;-228.751404;-374.328156;1882.275757;1.927782;0.000000;0.000000;0.000000;0.000000;1.000000;-161.395813;-324.551056;1843.127930;1.812672;0.000000;0.000000;0.000000;0.000000;1.000000;-165.878479;-274.640991;1933.965210;1.206955;0.000000;0.000000;0.000000;0.000000;0.000000;-166.341309;-308.307983;1795.540527;1.399842;0.000000;0.000000;0.000000;0.000000;1.000000;-262.752747;-105.690796;1595.604980;0.086489;0.000000;0.000000;0.000000;0.000000;2.000000;-144.432617;-92.321533;1553.606689;0.098840;0.000000;0.000000;0.000000;0.000000;2.000000;112.404602;-40.689941;1620.311523;0.051235;0.000000;0.000000;0.000000;0.000000;2.000000;26.841003;-239.184692;1684.568726;0.145624;0.000000;0.000000;0.000000;0.000000;2.000000;-46.650208;-274.257019;1627.316528;0.144946;0.000000;0.000000;0.000000;0.000000;2.000000;-120.904907;-319.248657;1573.834839;0.222146;0.000000;0.000000;0.000000;0.000000;2.000000;-77.159729;-238.550537;1660.301392;0.169538;0.000000;0.000000;0.000000;0.000000;2.000000;-66.197876;-189.375000;2041.608521;0.006852;0.000000;0.000000;0.000000;0.000000;2.000000;182.023254;-323.096405;2302.831299;0.134931;0.000000;0.000000;0.000000;0.000000;1.000000;383.851440;-296.412811;2608.583496;0.284727;0.000000;0.000000;0.000000;0.000000;1.000000;499.774384;-428.349243;2647.384521;0.320091;0.000000;0.000000;0.000000;0.000000;1.000000;59.693665;-114.493835;1962.479736;0.006177;0.000000;0.000000;0.000000;0.000000;2.000000;314.731873;-161.083618;2245.675049;0.046344;0.000000;0.000000;0.000000;0.000000;2.000000;529.875122;-162.398682;2548.158691;0.051001;0.000000;0.000000;0.000000;0.000000;2.000000;634.751648;-288.237915;2571.616455;0.209058;0.000000;0.000000;0.000000;0.000000;2.000000;-354.400452;-127.416016;1525.419556;0.120844;0.000000;0.000000;0.000000;0.000000;2.000000;-255.826599;-116.453674;1407.248779;0.314735;0.000000;0.000000;0.000000;0.000000;2.000000;-306.888611;-128.418762;1395.528564;0.367915;0.000000;0.000000;0.000000;0.000000;2.000000;-398.535217;-183.014954;1454.130859;0.371405;0.000000;0.000000;0.000000;0.000000;1.000000;-291.859070;-82.280884;1408.381226;0.387758;0.000000;0.000000;0.000000;0.000000;2.000000;-368.463806;-31.880127;1494.493164;0.331882;0.000000;0.000000;0.000000;0.000000;1.000000;6470566912.000000
0.000000;-150.000000;2000.000000;0.000000;0.000000;0.000000;0.000000;0.000000;2.000000;-98.557190;-131.471863;1860.567139;0.015750;0.000000;0.000000;0.000000;0.000000;2.000000;-176.464355;-119.113098;1748.180420;0.033333;0.000000;0.000000;0.000000;0.000000;2.000000;-308.647217;-117.609863;1586.287842;0.066742;0.000000;0.000000;0.000000;0.000000;2.000000;-311.184692;-126.867859;1632.487793;0.061683;0.000000;0.000000;0.000000;0.000000;2.000000;-370.876953;-181.019714;1744.038940;0.120222;0.000000;0.000000;0.000000;0.000000;2.000000;-390.465210;-258.792725;1997.695801;0.307117;0.000000;0.000000;0.000000;0.000000;2.000000;-237.532715;-397.778076;1913.133423;1.194087;0.000000;0.000000;0.000000;0.000000;1.000000;-167.891846;-356.216370;1868.230957;1.229790;0.000000;0.000000;0.000000;0.000000;0.000000;-166.581177;-283.520752;1942.625488;0.373303;0.000000;0.000000;0.000000;0.000000;0.000000;-181.877930;-346.024414;1811.934570;1.320981;0.000000;0.000000;0.000000;0.000000;1.000000;-262.979004;-106.958130;1594.054932;0.060545;0.000000;0.000000;0.000000;0.000000;2.000000;-144.256958;-93.423523;1552.213989;0.053624;0.000000;0.000000;0.000000;0.000000;2.000000;113.065735;-43.328613;1621.155396;0.085581;0.000000;0.000000;0.000000;0.000000;2.000000;22.262207;-241.233582;1682.103149;0.167953;0.000000;0.000000;0.000000;0.000000;2.000000;-58.425293;-272.782959;1632.536987;0.389559;0.000000;0.000000;0.000000;0.000000;2.000000;-138.280212;-318.984924;1588.454224;0.682361;0.000000;0.000000;0.000000;0.000000;1.000000;-84.350525;-241.996094;1646.865601;0.469462;0.000000;0.000000;0.000000;0.000000;2.000000;-66.388367;-189.511169;2041.675903;0.007321;0.000000;0.000000;0.000000;0.000000;2.000000;180.546997;-323.974884;2305.260742;0.089406;0.000000;0.000000;0.000000;0.000000;1.000000;383.422211;-298.258881;2611.599609;0.107037;0.000000;0.000000;0.000000;0.000000;1.000000;501.732239;-428.505829;2651.159180;0.127857;0.000000;0.000000;0.000000;0.000000;1.000000;59.865356;-114.371033;1962.418945;0.006601;0.000000;0.000000;0.000000;0.000000;2.000000;316.041382;-159.930237;2246.167480;0.054482;0.000000;0.000000;0.000000;0.000000;2.000000;533.616821;-163.024109;2548.134277;0.113993;0.000000;0.000000;0.000000;0.000000;2.000000;654.255005;-275.551910;2565.950684;0.719535;0.000000;0.000000;0.000000;0.000000;2.000000;-354.689575;-129.335083;1523.623291;0.079460;0.000000;0.000000;0.000000;0.000000;2.000000;-266.406860;-124.893555;1396.670532;0.516156;0.000000;0.000000;0.000000;0.000000;2.000000;-316.086914;-145.070557;1391.350098;0.585244;0.000000;0.000000;0.000000;0.000000;1.000000;-395.328369;-201.007690;1465.419678;0.645481;0.000000;0.000000;0.000000;0.000000;1.000000;-306.823364;-95.797913;1395.805542;0.714101;0.000000;0.000000;0.000000;0.000000;2.000000;-384.080200;-42.342529;1479.969727;0.713769;0.000000;0.000000;0.000000;0.000000;1.000000;6470600192.000000
0.000000;-150.000000;2000.000000;0.000000;0.000000;0.000000;0.000000;0.000000;2.000000;-97.566895;-131.683350;1859.831665;0.037606;0.000000;0.000000;0.000000;0.000000;2.000000;-174.739197;-119.309204;1746.930420;0.064286;0.000000;0.000000;0.000000;0.000000;2.000000;-305.610535;-114.995728;1584.009399;0.138503;0.000000;0.000000;0.000000;0.000000;2.000000;-308.526428;-125.035828;1630.026245;0.121989;0.000000;0.000000;0.000000;0.000000;2.000000;-370.646423;-187.719849;1735.635742;0.323012;0.000000;0.000000;0.000000;0.000000;2.000000;-404.230652;-249.487061;1992.228394;0.525605;0.000000;0.000000;0.000000;0.000000;2.000000;-261.773987;-410.576599;1932.074585;1.001196;0.000000;0.000000;0.000000;0.000000;1.000000;-185.679932;-382.656158;1887.078247;1.112468;0.000000;0.000000;0.000000;0.000000;0.000000;-165.262268;-298.751038;1945.089478;0.465282;0.000000;0.000000;0.000000;0.000000;0.000000;-200.012573;-375.961639;1826.990234;1.144897;0.000000;0.000000;0.000000;0.000000;1.000000;-260.000427;-104.498413;1592.327148;0.127155;0.000000;0.000000;0.000000;0.000000;2.000000;-141.196228;-90.656250;1550.797485;0.131088;0.000000;0.000000;0.000000;0.000000;2.000000;115.091064;-43.826538;1625.698730;0.150216;0.000000;0.000000;0.000000;0.000000;2.000000;19.713928;-242.725586;1675.447754;0.218782;0.000000;0.000000;0.000000;0.000000;2.000000;-64.443848;-268.916931;1628.593262;0.245444;0.000000;0.000000;0.000000;0.000000;2.000000;-146.736877;-313.592773;1587.508789;0.302703;0.000000;0.000000;0.000000;0.000000;2.000000;-86.986145;-244.925415;1634.882813;0.379028;0.000000;0.000000;0.000000;0.000000;2.000000;-66.628357;-189.617249;2041.200928;0.016305;0.000000;0.000000;0.000000;0.000000;2.000000;174.044250;-322.978363;2311.097656;0.264267;0.000000;0.000000;0.000000;0.000000;1.000000;376.257904;-303.705444;2618.373047;0.338454;0.000000;0.000000;0.000000;0.000000;1.000000;489.725952;-439.275360;2654.097656;0.492613;0.000000;0.000000;0.000000;0.000000;1.000000;60.081726;-114.275452;1962.847290;0.014703;0.000000;0.000000;0.000000;0.000000;2.000000;313.300201;-159.334961;2249.348633;0.127441;0.000000;0.000000;0.000000;0.000000;2.000000;529.109375;-162.047424;2552.611816;0.193149;0.000000;0.000000;0.000000;0.000000;2.000000;627.544678;-293.471558;2576.592773;1.018009;0.000000;0.000000;0.000000;0.000000;2.000000;-351.149231;-125.634583;1520.779419;0.176020;0.000000;0.000000;0.000000;0.000000;2.000000;-265.358093;-120.906189;1392.128784;0.184316;0.000000;0.000000;0.000000;0.000000;2.000000;-314.632263;-142.332336;1388.024048;0.136633;0.000000;0.000000;0.000000;0.000000;1.000000;-391.128357;-199.078369;1464.342896;0.142600;0.000000;0.000000;0.000000;0.000000;1.000000;-306.473083;-92.792175;1391.624023;0.155097;0.000000;0.000000;0.000000;0.000000;2.000000;-383.424866;-39.989929;1476.488525;0.127777;0.000000;0.000000;0.000000;0.000000;1.000000;6470633472.000000
0.000000;-150.000000;2000.000000;0.000000;0.000000;0.000000;0.000000;0.000000;2.000000;-97.259216;-131.979553;1860.357910;0.020365;0.000000;0.000000;0.000000;0.000000;2.000000;-174.238892;-119.723999;1747.930298;0.035833;0.000000;0.000000;0.000000;0.000000;2.000000;-304.498291;-116.721558;1585.480591;0.075897;0.000000;0.000000;0.000000;0.000000;2.000000;-307.581421;-125.688843;1631.529175;0.056840;0.000000;0.000000;0.000000;0.000000;2.000000;-372.838867;-182.801147;1737.742554;0.173758;0.000000;0.000000;0.000000;0.000000;2.000000;-376.459229;-232.017090;1998.174194;1.001915;0.000000;0.000000;0.000000;0.000000;1.000000;-261.831482;-412.309021;1936.133057;0.132606;0.000000;0.000000;0.000000;0.000000;1.000000;-187.249207;-396.823944;1883.895874;0.438863;0.000000;0.000000;0.000000;0.000000;0.000000;-162.980164;-315.388611;1943.238770;0.507663;0.000000;0.000000;0.000000;0.000000;0.000000;-200.588989;-377.693054;1826.612183;0.055997;0.000000;0.000000;0.000000;0.000000;1.000000;-258.889771;-106.851563;1593.567993;0.086623;0.000000;0.000000;0.000000;0.000000;2.000000;-140.569702;-96.666504;1551.036255;0.181717;0.000000;0.000000;0.000000;0.000000;2.000000;113.607239;-51.188599;1630.215454;0.263332;0.000000;0.000000;0.000000;0.000000;2.000000;8.019287;-244.080933;1679.190552;0.371200;0.000000;0.000000;0.000000;0.000000;2.000000;-79.731445;-263.093750;1636.428833;0.545036;0.000000;0.000000;0.000000;0.000000;2.000000;-162.585999;-309.898895;1600.053345;0.617417;0.000000;0.000000;0.000000;0.000000;1.000000;-97.430237;-248.247864;1631.855835;0.341651;0.000000;0.000000;0.000000;0.000000;2.000000;-66.474426;-189.099670;2041.253052;0.016301;0.000000;0.000000;0.000000;0.000000;2.000000;171.079590;-329.783661;2308.144531;0.240051;0.000000;0.000000;0.000000;0.000000;1.000000;374.315277;-316.027557;2613.404785;0.403464;0.000000;0.000000;0.000000;0.000000;1.000000;485.407654;-453.348022;2646.445801;0.498507;0.000000;0.000000;0.000000;0.000000;1.000000;59.942871;-114.742126;1962.800171;0.014699;0.000000;0.000000;0.000000;0.000000;2.000000;312.573334;-162.095032;2247.534668;0.101618;0.000000;0.000000;0.000000;0.000000;2.000000;529.170593;-163.711792;2548.547852;0.131971;0.000000;0.000000;0.000000;0.000000;2.000000;627.348328;-294.714142;2571.633789;0.153728;0.000000;0.000000;0.000000;0.000000;2.000000;-350.025513;-127.906982;1522.699829;0.095563;0.000000;0.000000;0.000000;0.000000;2.000000;-265.512512;-110.804260;1394.943237;0.315138;0.000000;0.000000;0.000000;0.000000;2.000000;-317.767090;-121.308289;1388.498169;0.638875;0.000000;0.000000;0.000000;0.000000;2.000000;-403.121338;-178.229065;1453.774170;0.789426;0.000000;0.000000;0.000000;0.000000;1.000000;-300.434204;-76.326050;1402.325928;0.617363;0.000000;0.000000;0.000000;0.000000;2.000000;-365.554932;-30.513611;1499.560791;0.921974;0.000000;0.000000;0.000000;0.000000;2.000000;6470666752.000000
0.000000;-150.000000;2000.000000;0.000000;0.000000;0.000000;0.000000;0.000000;2.000000;-95.622253;-132.354309;1861.251099;0.057154;0.000000;0.000000;0.000000;0.000000;2.000000;-171.242798;-120.540222;1749.497803;0.104522;0.000000;0.000000;0.000000;0.000000;2.000000;-302.645508;-119.351074;1590.617920;0.182130;0.000000;0.000000;0.000000;0.000000;2.000000;-305.026855;-127.598389;1636.368286;0.174147;0.000000;0.000000;0.000000;0.000000;1.000000;-370.759888;-175.086853;1745.247803;0.329381;0.000000;0.000000;0.000000;0.000000;1.000000;-354.079834;-233.884094;2000.470215;0.678311;0.000000;0.000000;0.000000;0.000000;1.000000;-254.554810;-423.329895;1948.292969;0.539422;0.000000;0.000000;0.000000;0.000000;1.000000;-190.287415;-418.262848;1883.433472;0.650783;0.000000;0.000000;0.000000;0.000000;0.000000;-167.783813;-332.504364;1935.100220;0.587484;0.000000;0.000000;0.000000;0.000000;0.000000;-209.450806;-379.371307;1828.893677;0.279550;0.000000;0.000000;0.000000;0.000000;1.000000;-257.343384;-109.613098;1597.801636;0.158832;0.000000;0.000000;0.000000;0.000000;2.000000;-142.635620;-106.062378;1548.527710;0.298738;0.000000;0.000000;0.000000;0.000000;2.000000;118.291443;-131.043701;1601.418945;2.554620;0.000000;0.000000;0.000000;0.000000;1.000000;43.682861;-340.222198;1622.190308;3.525250;0.000000;0.000000;0.000000;0.000000;1.000000;-54.189514;-349.482178;1627.702148;2.719559;0.000000;0.000000;0.000000;0.000000;1.000000;-153.353455;-366.908997;1633.771973;2.009481;0.000000;0.000000;0.000000;0.000000;1.000000;-69.908386;-260.548096;1622.534668;0.948126;0.000000;0.000000;0.000000;0.000000;1.000000;-66.073242;-188.485474;2040.641602;0.028696;0.000000;0.000000;0.000000;0.000000;2.000000;164.765076;-334.059723;2305.345459;0.244098;0.000000;0.000000;0.000000;0.000000;1.000000;363.140686;-321.652893;2609.506348;0.393749;0.000000;0.000000;0.000000;0.000000;1.000000;473.867310;-455.497925;2647.954590;0.355633;0.000000;0.000000;0.000000;0.000000;1.000000;59.581177;-115.296021;1963.351807;0.025882;0.000000;0.000000;0.000000;0.000000;2.000000;308.965454;-160.878296;2246.132568;0.121919;0.000000;0.000000;0.000000;0.000000;2.000000;521.729065;-161.685547;2545.371582;0.250628;0.000000;0.000000;0.000000;0.000000;2.000000;629.275940;-283.134521;2567.235596;0.376678;0.000000;0.000000;0.000000;0.000000;2.000000;-348.698730;-131.128662;1529.310913;0.224550;0.000000;0.000000;0.000000;0.000000;2.000000;-275.615479;-124.817322;1395.493774;0.519353;0.000000;0.000000;0.000000;0.000000;2.000000;-325.946167;-141.903748;1394.835083;0.692559;0.000000;0.000000;0.000000;0.000000;1.000000;-398.701050;-196.679138;1473.581177;0.824140;0.000000;0.000000;0.000000;0.000000;1.000000;-313.663696;-94.113464;1400.371826;0.668683;0.000000;0.000000;0.000000;0.000000;2.000000;-377.320679;-41.862732;1493.646484;0.522365;0.000000;0.000000;0.000000;0.000000;1.000000;6470700032.000000
0.000000;-150.000000;2000.000000;0.000000;0.000000;0.000000;0.000000;0.000000;2.000000;-90.798584;-136.279907;1857.047729;0.225554;0.000000;0.000000;0.000000;0.000000;2.000000;-164.051758;-123.699768;1743.355713;0.299607;0.000000;0.000000;0.000000;0.000000;2.000000;-309.426575;-104.007935;1597.654907;0.546606;0.000000;0.000000;0.000000;0.000000;2.000000;-308.153625;-115.248901;1642.942993;0.430761;0.000000;0.000000;0.000000;0.000000;1.000000;-366.719177;-158.525635;1757.972290;0.639194;0.000000;0.000000;0.000000;0.000000;1.000000;-322.464539;-214.769836;2011.230835;1.156235;0.000000;0.000000;0.000000;0.000000;1.000000;-242.271729;-418.256775;1980.361816;1.043072;0.000000;0.000000;0.000000;0.000000;1.000000;-197.353210;-432.204315;1901.636841;0.720936;0.000000;0.000000;0.000000;0.000000;0.000000;-172.453796;-339.779419;1939.417114;0.290350;0.000000;0.000000;0.000000;0.000000;0.000000;-215.696533;-377.457855;1849.466309;0.648582;0.000000;0.000000;0.000000;0.000000;0.000000;-263.000244;-97.393494;1601.110474;0.416648;0.000000;0.000000;0.000000;0.000000;2.000000;-152.023010;-96.269165;1543.066895;0.439412;0.000000;0.000000;0.000000;0.000000;2.000000;105.234619;-169.440369;1562.348267;1.692137;0.000000;0.000000;0.000000;0.000000;1.000000;63.188171;-387.237976;1591.159424;1.791293;0.000000;0.000000;0.000000;0.000000;1.000000;-31.556091;-410.119690;1606.961304;2.042244;0.000000;0.000000;0.000000;0.000000;1.000000;-117.510559;-389.777893;1656.249878;1.445108;0.000000;0.000000;0.000000;0.000000;1.000000;-36.961731;-290.938873;1614.927612;1.366097;0.000000;0.000000;0.000000;0.000000;1.000000;-66.222412;-191.275940;2038.100708;0.113489;0.000000;0.000000;0.000000;0.000000;2.000000;177.148621;-257.416992;2324.031738;2.399455;0.000000;0.000000;0.000000;0.000000;2.000000;396.684937;-278.978363;2614.037109;1.636685;0.000000;0.000000;0.000000;0.000000;1.000000;507.543518;-418.680145;2619.059082;1.732549;0.000000;0.000000;0.000000;0.000000;1.000000;59.715637;-112.779541;1965.642944;0.102340;0.000000;0.000000;0.000000;0.000000;2.000000;305.899780;-155.448303;2253.080566;0.280524;0.000000;0.000000;0.000000;0.000000;2.000000;517.451111;-156.799011;2554.438477;0.335124;0.000000;0.000000;0.000000;0.000000;2.000000;629.160034;-276.214478;2568.799316;0.213205;0.000000;0.000000;0.000000;0.000000;2.000000;-361.669617;-108.899841;1540.219604;0.839931;0.000000;0.000000;0.000000;0.000000;2.000000;-278.235657;-121.737000;1412.574951;0.527445;0.000000;0.000000;0.000000;0.000000;2.000000;-322.994446;-150.553833;1415.351196;0.674877;0.000000;0.000000;0.000000;0.000000;1.000000;-389.047546;-198.001038;1504.581055;0.976415;0.000000;0.000000;0.000000;0.000000;1.000000;-322.795105;-101.477966;1406.934814;0.403911;0.000000;0.000000;0.000000;0.000000;2.000000;-406.476379;-43.091492;1478.755127;0.984421;0.000000;0.000000;0.000000;0.000000;1.000000;6470733312.000000
0.000000;-150.000000;2000.000000;0.000000;0.000000;0.000000;0.000000;0.000000;2.000000;-94.353210;-133.737549;1858.865479;0.142224;0.000000;0.000000;0.000000;0.000000;2.000000;-172.742615;-114.095337;1749.053101;0.425195;0.000000;0.000000;0.000000;0.000000;2.000000;-314.332458;-96.696899;1598.312622;0.265295;0.000000;0.000000;0.000000;0.000000;2.000000;-314.131775;-108.990662;1643.526123;0.260647;0.000000;0.000000;0.000000;0.000000;2.000000;-371.504333;-171.411804;1750.700928;0.467268;0.000000;0.000000;0.000000;0.000000;2.000000;-322.589539;-212.812500;2006.978149;0.140720;0.000000;0.000000;0.000000;0.000000;1.000000;-230.329651;-407.021149;1952.847290;0.962431;0.000000;0.000000;0.000000;0.000000;1.000000;-180.785461;-414.925323;1875.670532;1.061213;0.000000;0.000000;0.000000;0.000000;0.000000;-175.082214;-334.090881;1939.724487;0.188520;0.000000;0.000000;0.000000;0.000000;0.000000;-212.389282;-364.178986;1822.534180;0.907733;0.000000;0.000000;0.000000;0.000000;1.000000;-268.182007;-88.294556;1603.540161;0.322992;0.000000;0.000000;0.000000;0.000000;2.000000;-153.302979;-78.487549;1553.427002;0.619571;0.000000;0.000000;0.000000;0.000000;2.000000;94.585266;-92.432617;1657.384155;3.689363;0.000000;0.000000;0.000000;0.000000;2.000000;-22.926270;-276.095123;1603.806030;4.241823;0.000000;0.000000;0.000000;0.000000;2.000000;-74.296570;-349.463074;1646.251221;2.522906;0.000000;0.000000;0.000000;0.000000;1.000000;-140.365601;-424.455322;1664.129028;1.270205;0.000000;0.000000;0.000000;0.000000;1.000000;-119.312134;-235.223877;1670.025269;3.415649;0.000000;0.000000;0.000000;0.000000;1.000000;-64.068909;-195.617188;2037.575928;0.146465;0.000000;0.000000;0.000000;0.000000;2.000000;218.986755;-223.296936;2293.644775;1.861520;0.000000;0.000000;0.000000;0.000000;2.000000;466.537323;-203.289734;2562.131592;3.465614;0.000000;0.000000;0.000000;0.000000;1.000000;583.445923;-338.306396;2548.917725;3.933995;0.000000;0.000000;0.000000;0.000000;1.000000;57.773743;-108.864990;1966.116089;0.132070;0.000000;0.000000;0.000000;0.000000;2.000000;305.419617;-147.031677;2254.833252;0.258731;0.000000;0.000000;0.000000;0.000000;2.000000;520.608582;-152.913879;2555.258057;0.152435;0.000000;0.000000;0.000000;0.000000;2.000000;643.030701;-263.191101;2554.671143;0.712088;0.000000;0.000000;0.000000;0.000000;2.000000;-364.556702;-102.325012;1538.784424;0.220036;0.000000;0.000000;0.000000;0.000000;2.000000;-277.391296;-105.488159;1412.340088;0.488956;0.000000;0.000000;0.000000;0.000000;2.000000;-323.715027;-132.216064;1410.708130;0.568815;0.000000;0.000000;0.000000;0.000000;1.000000;-395.095520;-185.834412;1492.660156;0.543125;0.000000;0.000000;0.000000;0.000000;1.000000;-320.889099;-82.404236;1407.737183;0.576488;0.000000;0.000000;0.000000;0.000000;2.000000;-404.295837;-27.757996;1483.528809;0.486982;0.000000;0.000000;0.000000;0.000000;2.000000;6470766592.000000
0.000000;-150.000000;2000.000000;0.000000;0.000000;0.000000;0.000000;0.000000;2.000000;-92.270386;-135.162109;1857.846680;0.081770;0.000000;0.000000;0.000000;0.000000;2.000000;-168.059692;-119.008850;1746.078003;0.222688;0.000000;0.000000;0.000000;0.000000;2.000000;-306.614258;-100.171570;1593.411377;0.293897;0.000000;0.000000;0.000000;0.000000;2.000000;-307.078125;-113.606567;1638.175415;0.300016;0.000000;0.000000;0.000000;0.000000;2.000000;-374.715698;-177.258972;1737.951660;0.432365;0.000000;0.000000;0.000000;0.000000;2.000000;-393.064331;-254.697998;1989.158569;2.520930;0.000000;0.000000;0.000000;0.000000;2.000000;-281.855591;-433.680847;1921.981079;1.974592;0.000000;0.000000;0.000000;0.000000;1.000000;-199.554016;-420.763794;1883.369141;0.634303;0.000000;0.000000;0.000000;0.000000;0.000000;-178.448364;-343.246216;1947.884766;0.382144;0.000000;0.000000;0.000000;0.000000;0.000000;-218.558655;-364.975311;1824.868530;0.199643;0.000000;0.000000;0.000000;0.000000;1.000000;-260.846313;-91.133057;1599.762085;0.262200;0.000000;0.000000;0.000000;0.000000;2.000000;-147.774536;-79.590149;1546.773438;0.262038;0.000000;0.000000;0.000000;0.000000;2.000000;116.209717;-128.139038;1553.546997;3.362797;0.000000;0.000000;0.000000;0.000000;1.000000;42.609924;-338.335907;1577.246826;2.830634;0.000000;0.000000;0.000000;0.000000;1.000000;-34.342407;-379.836334;1623.405884;1.656949;0.000000;0.000000;0.000000;0.000000;1.000000;-114.012939;-431.691589;1658.349243;0.839322;0.000000;0.000000;0.000000;0.000000;1.000000;-63.203308;-268.531342;1637.772583;2.187084;0.000000;0.000000;0.000000;0.000000;1.000000;-63.909363;-196.166199;2036.664185;0.032337;0.000000;0.000000;0.000000;0.000000;2.000000;227.953217;-222.034180;2281.364258;0.458470;0.000000;0.000000;0.000000;0.000000;2.000000;477.140411;-195.602844;2546.524170;0.612204;0.000000;0.000000;0.000000;0.000000;1.000000;601.176758;-324.069031;2541.626953;0.717539;0.000000;0.000000;0.000000;0.000000;1.000000;57.629944;-108.369995;1966.938232;0.029158;0.000000;0.000000;0.000000;0.000000;2.000000;298.789459;-146.626526;2259.847900;0.250086;0.000000;0.000000;0.000000;0.000000;2.000000;512.883667;-154.455322;2559.881592;0.274455;0.000000;0.000000;0.000000;0.000000;2.000000;610.265991;-286.394287;2570.956055;1.301853;0.000000;0.000000;0.000000;0.000000;2.000000;-355.433472;-105.095947;1532.913940;0.336450;0.000000;0.000000;0.000000;0.000000;2.000000;-290.091003;-102.779724;1394.335938;0.667018;0.000000;0.000000;0.000000;0.000000;2.000000;-336.084839;-129.435303;1399.107544;0.516371;0.000000;0.000000;0.000000;0.000000;1.000000;-393.364502;-186.445129;1489.009033;0.122794;0.000000;0.000000;0.000000;0.000000;1.000000;-333.536011;-79.661377;1397.806641;0.490146;0.000000;0.000000;0.000000;0.000000;2.000000;-403.111084;-28.535278;1488.110718;0.144111;0.000000;0.000000;0.000000;0.000000;1.000000;6470799872.000000
0.000000;-150.000000;2000.000000;0.000000;0.000000;0.000000;0.000000;0.000000;2.000000;-90.356934;-144.311035;1855.214478;0.291780;0.000000;0.000000;0.000000;0.000000;2.000000;-169.744812;-128.923889;1745.226440;0.303281;0.000000;0.000000;0.000000;0.000000;2.000000;-315.707458;-99.589478;1600.255615;0.342428;0.000000;0.000000;0.000000;0.000000;2.000000;-314.294739;-115.148926;1644.492676;0.291894;0.000000;0.000000;0.000000;0.000000;2.000000;-382.920715;-173.079468;1747.722168;0.403421;0.000000;0.000000;0.000000;0.000000;2.000000;-417.505066;-232.515991;2003.129028;1.076948;0.000000;0.000000;0.000000;0.000000;2.000000;-311.351379;-420.261536;1950.530884;1.297705;0.000000;0.000000;0.000000;0.000000;1.000000;-230.154602;-424.919037;1907.169800;1.171541;0.000000;0.000000;0.000000;0.000000;0.000000;-185.383057;-340.923248;1947.628174;0.219889;0.000000;0.000000;0.000000;0.000000;0.000000;-234.155579;-367.664215;1848.316406;0.850046;0.000000;0.000000;0.000000;0.000000;0.000000;-269.288513;-91.910767;1604.699463;0.294798;0.000000;0.000000;0.000000;0.000000;2.000000;-159.524963;-73.622620;1545.858887;0.396954;0.000000;0.000000;0.000000;0.000000;2.000000;102.260376;-129.016724;1513.709473;1.268578;0.000000;0.000000;0.000000;0.000000;1.000000;65.401855;-349.781189;1534.773682;1.488649;0.000000;0.000000;0.000000;0.000000;1.000000;-8.579102;-382.714722;1592.136108;1.220497;0.000000;0.000000;0.000000;0.000000;1.000000;-81.949219;-422.342834;1650.283447;1.032421;0.000000;0.000000;0.000000;0.000000;1.000000;-32.074341;-282.472687;1613.662842;1.255080;0.000000;0.000000;0.000000;0.000000;1.000000;-57.716125;-206.055603;2033.816650;0.360909;0.000000;0.000000;0.000000;0.000000;2.000000;200.918640;-209.499329;2316.526855;1.384952;0.000000;0.000000;0.000000;0.000000;2.000000;431.564270;-191.243835;2600.383789;2.124092;0.000000;0.000000;0.000000;0.000000;1.000000;572.402954;-301.831085;2591.008545;1.842758;0.000000;0.000000;0.000000;0.000000;1.000000;52.045166;-99.452209;1969.505981;0.325450;0.000000;0.000000;0.000000;0.000000;2.000000;294.582428;-139.008118;2262.974609;0.277868;0.000000;0.000000;0.000000;0.000000;2.000000;508.802917;-150.825989;2564.490234;0.214721;0.000000;0.000000;0.000000;0.000000;2.000000;617.958862;-273.902374;2576.921631;0.475877;0.000000;0.000000;0.000000;0.000000;2.000000;-367.770935;-100.527588;1541.931396;0.479262;0.000000;0.000000;0.000000;0.000000;2.000000;-284.899414;-97.829956;1412.390747;0.583760;0.000000;0.000000;0.000000;0.000000;2.000000;-329.728333;-127.163574;1412.099365;0.439928;0.000000;0.000000;0.000000;0.000000;1.000000;-395.170471;-185.404297;1496.056396;0.220828;0.000000;0.000000;0.000000;0.000000;1.000000;-329.819397;-77.188354;1409.487549;0.375748;0.000000;0.000000;0.000000;0.000000;2.000000;-413.600159;-27.841797;1488.687866;0.316340;0.000000;0.000000;0.000000;0.000000;2.000000;6470833152.000000
0.000000;-150.000000;2000.000000;0.000000;0.000000;0.000000;0.000000;0.000000;2.000000;-90.347412;-144.485046;1855.177368;0.005354;0.000000;0.000000;0.000000;0.000000;2.000000;-169.800720;-129.141479;1745.209839;0.006769;0.000000;0.000000;0.000000;0.000000;2.000000;-317.278198;-101.306335;1601.445190;0.078528;0.000000;0.000000;0.000000;0.000000;2.000000;-315.388794;-116.520020;1645.790527;0.065566;0.000000;0.000000;0.000000;0.000000;2.000000;-380.663208;-173.288208;1751.823242;0.140806;0.000000;0.000000;0.000000;0.000000;2.000000;-379.243164;-235.295288;2008.983887;1.166073;0.000000;0.000000;0.000000;0.000000;1.000000;-284.606445;-428.127258;1952.812012;0.840468;0.000000;0.000000;0.000000;0.000000;1.000000;-211.201355;-429.190308;1897.067749;0.657992;0.000000;0.000000;0.000000;0.000000;0.000000;-176.255920;-344.544189;1945.162720;0.304205;0.000000;0.000000;0.000000;0.000000;0.000000;-229.580444;-367.096161;1841.499512;0.247280;0.000000;0.000000;0.000000;0.000000;1.000000;-270.832703;-93.472717;1605.371948;0.069022;0.000000;0.000000;0.000000;0.000000;2.000000;-162.005737;-75.831970;1544.593018;0.106820;0.000000;0.000000;0.000000;0.000000;2.000000;97.581909;-137.349731;1506.106812;0.366940;0.000000;0.000000;0.000000;0.000000;1.000000;70.825684;-360.375366;1515.862427;0.671418;0.000000;0.000000;0.000000;0.000000;1.000000;0.593445;-395.095062;1576.793579;0.653365;0.000000;0.000000;0.000000;0.000000;1.000000;-66.460693;-430.882599;1644.322632;0.560824;0.000000;0.000000;0.000000;0.000000;1.000000;-21.406433;-291.825256;1600.370117;0.584179;0.000000;0.000000;0.000000;0.000000;1.000000;-57.676331;-206.095947;2033.845093;0.001905;0.000000;0.000000;0.000000;0.000000;2.000000;200.166992;-210.373535;2317.329102;0.042205;0.000000;0.000000;0.000000;0.000000;2.000000;430.044678;-192.662598;2601.899902;0.077316;0.000000;0.000000;0.000000;0.000000;1.000000;570.774841;-303.452515;2592.876465;0.088979;0.000000;0.000000;0.000000;0.000000;1.000000;52.009277;-99.415771;1969.480469;0.001717;0.000000;0.000000;0.000000;0.000000;2.000000;293.970795;-138.859375;2263.500000;0.024637;0.000000;0.000000;0.000000;0.000000;2.000000;508.105988;-151.120728;2565.113770;0.029462;0.000000;0.000000;0.000000;0.000000;2.000000;617.347351;-274.319550;2575.714355;0.042553;0.000000;0.000000;0.000000;0.000000;2.000000;-369.916870;-102.831604;1543.639160;0.107629;0.000000;0.000000;0.000000;0.000000;2.000000;-286.654419;-103.580322;1414.301270;0.189558;0.000000;0.000000;0.000000;0.000000;2.000000;-330.817749;-133.909058;1415.096802;0.224202;0.000000;0.000000;0.000000;0.000000;1.000000;-395.244019;-190.125854;1501.212891;0.210096;0.000000;0.000000;0.000000;0.000000;1.000000;-332.021118;-84.091614;1410.432983;0.219570;0.000000;0.000000;0.000000;0.000000;2.000000;-417.181030;-33.435059;1487.326050;0.203711;0.000000;0.000000;0.000000;0.000000;2.000000;6470866432.000000
0.000000;-150.000000;2000.000000;0.000000;0.000000;0.000000;0.000000;0.000000;2.000000;-86.561401;-143.858704;1860.790405;0.201214;0.000000;0.000000;0.000000;0.000000;2.000000;-159.453003;-133.800903;1752.234619;0.394965;0.000000;0.000000;0.000000;0.000000;2.000000;-305.659180;-104.574829;1619.493530;0.642530;0.000000;0.000000;0.000000;0.000000;2.000000;-302.223389;-121.210388;1661.238525;0.616474;0.000000;0.000000;0.000000;0.000000;1.000000;-359.259033;-169.830017;1769.221802;0.822663;0.000000;0.000000;0.000000;0.000000;1.000000;-318.519165;-240.124451;2009.976440;1.802906;0.000000;0.000000;0.000000;0.000000;1.000000;-241.102661;-436.577545;1980.074585;1.539746;0.000000;0.000000;0.000000;0.000000;1.000000;-197.685730;-449.991241;1904.084717;0.762891;0.000000;0.000000;0.000000;0.000000;0.000000;-179.489319;-362.366058;1947.237061;0.539512;0.000000;0.000000;0.000000;0.000000;0.000000;-227.371460;-374.222473;1860.169067;0.594967;0.000000;0.000000;0.000000;0.000000;0.000000;-261.193604;-95.901367;1622.444580;0.584625;0.000000;0.000000;0.000000;0.000000;2.000000;-158.139282;-78.281860;1561.685669;0.523642;0.000000;0.000000;0.000000;0.000000;2.000000;89.627319;-145.509094;1528.188721;0.735345;0.000000;0.000000;0.000000;0.000000;1.000000;94.293457;-361.397675;1524.970825;0.745565;0.000000;0.000000;0.000000;0.000000;1.000000;23.618652;-404.332367;1572.406250;0.745560;0.000000;0.000000;0.000000;0.000000;1.000000;-40.544922;-431.886444;1640.678833;0.775033;0.000000;0.000000;0.000000;0.000000;1.000000;-4.580627;-303.080658;1599.547119;0.599551;0.000000;0.000000;0.000000;0.000000;1.000000;-54.352478;-205.612000;2031.343262;0.123942;0.000000;0.000000;0.000000;0.000000;2.000000;216.856049;-218.624390;2279.893799;1.237249;0.000000;0.000000;0.000000;0.000000;2.000000;434.658325;-184.906982;2554.091309;1.439773;0.000000;0.000000;0.000000;0.000000;1.000000;578.971985;-278.669556;2546.711182;1.569429;0.000000;0.000000;0.000000;0.000000;1.000000;49.011963;-99.852173;1971.736206;0.111760;0.000000;0.000000;0.000000;0.000000;2.000000;268.581482;-97.621277;2266.682617;1.436189;0.000000;0.000000;0.000000;0.000000;1.000000;427.608521;-56.045288;2581.894287;3.719848;0.000000;0.000000;0.000000;0.000000;1.000000;566.325256;-130.704834;2599.246338;4.563647;0.000000;0.000000;0.000000;0.000000;1.000000;-357.702271;-104.825134;1565.336304;0.739190;0.000000;0.000000;0.000000;0.000000;2.000000;-300.202576;-98.369324;1429.384888;0.619489;0.000000;0.000000;0.000000;0.000000;2.000000;-341.383423;-128.513184;1436.035156;0.712175;0.000000;0.000000;0.000000;0.000000;1.000000;-387.284058;-187.430542;1525.530396;0.761385;0.000000;0.000000;0.000000;0.000000;1.000000;-344.070190;-80.556396;1434.015625;0.790642;0.000000;0.000000;0.000000;0.000000;2.000000;-412.781494;-37.040710;1522.890625;1.065832;0.000000;0.000000;0.000000;0.000000;1.000000;6470900224.000000
0.000000;-150.000000;2000.000000;0.000000;0.000000;0.000000;0.000000;0.000000;2.000000;-87.452026;-142.875427;1865.361694;0.143026;0.000000;0.000000;0.000000;0.000000;2.000000;-162.508179;-129.882202;1761.902466;0.326624;0.000000;0.000000;0.000000;0.000000;2.000000;-302.484802;-113.404114;1626.327026;0.348777;0.000000;0.000000;0.000000;0.000000;2.000000;-299.506470;-128.782471;1667.606812;0.308301;0.000000;0.000000;0.000000;0.000000;2.000000;-357.943848;-185.412170;1767.405029;0.473039;0.000000;0.000000;0.000000;0.000000;2.000000;-320.463989;-248.303284;2005.320068;0.288770;0.000000;0.000000;0.000000;0.000000;1.000000;-209.613770;-419.002258;1958.164551;1.267905;0.000000;0.000000;0.000000;0.000000;1.000000;-191.201355;-438.217804;1875.609009;0.946169;0.000000;0.000000;0.000000;0.000000;1.000000;-197.432495;-364.267303;1938.587891;0.601247;0.000000;0.000000;0.000000;0.000000;0.000000;-240.464111;-365.435883;1839.899414;0.771645;0.000000;0.000000;0.000000;0.000000;1.000000;-259.756042;-101.829834;1630.617432;0.306444;0.000000;0.000000;0.000000;0.000000;2.000000;-163.598938;-70.283691;1569.037964;0.365347;0.000000;0.000000;0.000000;0.000000;2.000000;77.167358;-74.132141;1648.706665;4.225416;0.000000;0.000000;0.000000;0.000000;2.000000;-27.281860;-255.090698;1615.449829;5.562400;0.000000;0.000000;0.000000;0.000000;2.000000;-17.278748;-347.528259;1606.638916;2.341279;0.000000;0.000000;0.000000;0.000000;1.000000;-20.618774;-437.569122;1574.471802;2.084547;0.000000;0.000000;0.000000;0.000000;1.000000;-96.365051;-343.042603;1643.851929;3.289442;0.000000;0.000000;0.000000;0.000000;1.000000;-52.528809;-204.886780;2031.214722;0.059098;0.000000;0.000000;0.000000;0.000000;2.000000;205.960938;-222.003174;2282.080322;0.348998;0.000000;0.000000;0.000000;0.000000;2.000000;423.714233;-200.056458;2548.306885;0.587852;0.000000;0.000000;0.000000;0.000000;1.000000;573.751099;-274.525543;2568.815186;0.693725;0.000000;0.000000;0.000000;0.000000;1.000000;47.367554;-100.506165;1971.852295;0.053290;0.000000;0.000000;0.000000;0.000000;2.000000;280.896912;-130.309998;2244.505127;1.243302;0.000000;0.000000;0.000000;0.000000;2.000000;481.677185;-125.493408;2529.023926;3.085125;0.000000;0.000000;0.000000;0.000000;2.000000;581.732178;-205.935242;2616.339355;2.363918;0.000000;0.000000;0.000000;0.000000;2.000000;-351.335449;-118.054565;1571.496948;0.478423;0.000000;0.000000;0.000000;0.000000;2.000000;-304.712830;-108.749268;1434.781128;0.376747;0.000000;0.000000;0.000000;0.000000;2.000000;-344.199707;-138.832886;1443.603027;0.393733;0.000000;0.000000;0.000000;0.000000;1.000000;-382.235718;-198.588928;1533.173096;0.433782;0.000000;0.000000;0.000000;0.000000;1.000000;-347.422363;-91.855835;1442.684937;0.439639;0.000000;0.000000;0.000000;0.000000;2.000000;-408.765015;-51.519714;1535.092651;0.581617;0.000000;0.000000;0.000000;0.000000;1.000000;6470933504.000000
0.000000;-150.000000;2000.000000;0.000000;0.000000;0.000000;0.000000;0.000000;2.000000;-88.563354;-142.570190;1864.852051;0.037865;0.000000;0.000000;0.000000;0.000000;2.000000;-165.361206;-128.056274;1761.831543;0.101804;0.000000;0.000000;0.000000;0.000000;2.000000;-311.652222;-112.638000;1631.038696;0.310570;0.000000;0.000000;0.000000;0.000000;2.000000;-306.854248;-128.233643;1672.374023;0.263701;0.000000;0.000000;0.000000;0.000000;1.000000;-362.389771;-187.066650;1773.629761;0.235165;0.000000;0.000000;0.000000;0.000000;1.000000;-309.468872;-257.909668;2008.052612;0.446335;0.000000;0.000000;0.000000;0.000000;1.000000;-195.697449;-426.428284;1954.409668;0.487214;0.000000;0.000000;0.000000;0.000000;1.000000;-180.898926;-439.534821;1869.372803;0.364022;0.000000;0.000000;0.000000;0.000000;1.000000;-187.385681;-369.627258;1937.699463;0.343202;0.000000;0.000000;0.000000;0.000000;0.000000;-236.623535;-365.765869;1841.833740;0.129592;0.000000;0.000000;0.000000;0.000000;1.000000;-268.648743;-100.495056;1633.725830;0.285890;0.000000;0.000000;0.000000;0.000000;2.000000;-176.224487;-67.764771;1565.878296;0.398330;0.000000;0.000000;0.000000;0.000000;2.000000;70.237427;-74.511475;1632.075684;0.541497;0.000000;0.000000;0.000000;0.000000;2.000000;36.108948;-284.463074;1621.964722;2.108419;0.000000;0.000000;0.000000;0.000000;1.000000;20.322510;-376.364563;1610.077759;1.427588;0.000000;0.000000;0.000000;0.000000;1.000000;-2.020569;-462.176697;1572.528931;0.928676;0.000000;0.000000;0.000000;0.000000;1.000000;-69.435486;-330.036530;1638.776855;0.911461;0.000000;0.000000;0.000000;0.000000;1.000000;-52.725342;-205.331421;2031.509399;0.017082;0.000000;0.000000;0.000000;0.000000;2.000000;220.841736;-226.280334;2269.134033;0.606449;0.000000;0.000000;0.000000;0.000000;2.000000;448.219513;-200.342957;2529.813232;0.922533;0.000000;0.000000;0.000000;0.000000;1.000000;598.118958;-277.769409;2549.429688;0.940708;0.000000;0.000000;0.000000;0.000000;1.000000;47.544739;-100.105164;1971.586548;0.015404;0.000000;0.000000;0.000000;0.000000;2.000000;280.837830;-134.310608;2247.020996;0.142016;0.000000;0.000000;0.000000;0.000000;2.000000;482.222839;-132.057312;2533.919922;0.246602;0.000000;0.000000;0.000000;0.000000;2.000000;580.151123;-217.322388;2620.873047;0.371335;0.000000;0.000000;0.000000;0.000000;2.000000;-362.879150;-117.697205;1577.790894;0.395219;0.000000;0.000000;0.000000;0.000000;2.000000;-310.013672;-100.861206;1443.079712;0.379115;0.000000;0.000000;0.000000;0.000000;2.000000;-351.039185;-130.266724;1448.324829;0.358635;0.000000;0.000000;0.000000;0.000000;1.000000;-394.929932;-194.893311;1532.632202;0.397605;0.000000;0.000000;0.000000;0.000000;1.000000;-352.728882;-82.942566;1450.474976;0.389804;0.000000;0.000000;0.000000;0.000000;2.000000;-416.944214;-46.483521;1543.524902;0.384058;0.000000;0.000000;0.000000;0.000000;1.000000;6470966784.000000
0.000000;-150.000000;2000.000000;0.000000;0.000000;0.000000;0.000000;0.000000;2.000000;-91.537415;-141.207947;1857.687500;0.236659;0.000000;0.000000;0.000000;0.000000;2.000000;-170.966187;-125.587280;1749.078979;0.425092;0.000000;0.000000;0.000000;0.000000;2.000000;-312.875244;-119.179321;1599.626587;0.964822;0.000000;0.000000;0.000000;0.000000;2.000000;-311.063110;-133.422485;1643.908203;0.878587;0.000000;0.000000;0.000000;0.000000;1.000000;-372.511108;-196.004150;1747.543701;0.882617;0.000000;0.000000;0.000000;0.000000;1.000000;-341.591797;-268.214844;1997.964478;1.058038;0.000000;0.000000;0.000000;0.000000;1.000000;-215.953491;-431.674774;1920.386475;1.200198;0.000000;0.000000;0.000000;0.000000;1.000000;-178.609558;-448.982330;1838.719604;0.966276;0.000000;0.000000;0.000000;0.000000;1.000000;-189.068726;-380.392517;1914.333862;0.774678;0.000000;0.000000;0.000000;0.000000;0.000000;-246.989014;-366.025024;1804.872559;1.153486;0.000000;0.000000;0.000000;0.000000;1.000000;-268.459351;-105.310669;1605.442139;0.862120;0.000000;0.000000;0.000000;0.000000;2.000000;-159.411682;-72.893005;1553.889160;0.639331;0.000000;0.000000;0.000000;0.000000;2.000000;96.134033;-78.747864;1632.463989;0.788573;0.000000;0.000000;0.000000;0.000000;2.000000;-21.881470;-264.609314;1596.595459;1.993313;0.000000;0.000000;0.000000;0.000000;2.000000;-5.360840;-360.384155;1580.771484;1.265543;0.000000;0.000000;0.000000;0.000000;1.000000;-3.530090;-455.285370;1546.632446;0.806497;0.000000;0.000000;0.000000;0.000000;1.000000;-77.132324;-366.401184;1629.280396;1.152771;0.000000;0.000000;0.000000;0.000000;1.000000;-54.921265;-208.984924;2031.682007;0.128189;0.000000;0.000000;0.000000;0.000000;2.000000;242.787170;-226.385315;2267.538086;0.661167;0.000000;0.000000;0.000000;0.000000;2.000000;476.241791;-190.333496;2543.642578;0.985965;0.000000;0.000000;0.000000;0.000000;1.000000;635.557983;-267.159851;2562.941895;1.237756;0.000000;0.000000;0.000000;0.000000;1.000000;49.524902;-96.810669;1971.430908;0.115593;0.000000;0.000000;0.000000;0.000000;2.000000;300.470581;-138.885620;2253.399414;0.635330;0.000000;0.000000;0.000000;0.000000;2.000000;512.855042;-144.616394;2552.876953;1.146338;0.000000;0.000000;0.000000;0.000000;2.000000;625.536499;-226.620178;2638.756836;1.492186;0.000000;0.000000;0.000000;0.000000;2.000000;-361.723389;-128.229126;1540.038330;1.178219;0.000000;0.000000;0.000000;0.000000;2.000000;-295.951294;-119.260254;1402.619263;1.400809;0.000000;0.000000;0.000000;0.000000;2.000000;-337.527954;-152.023865;1407.494507;1.448256;0.000000;0.000000;0.000000;0.000000;1.000000;-386.932983;-214.673828;1497.662231;1.230915;0.000000;0.000000;0.000000;0.000000;1.000000;-342.118896;-102.634827;1405.184692;1.517820;0.000000;0.000000;0.000000;0.000000;2.000000;-419.112793;-60.477356;1493.382202;1.565623;0.000000;0.000000;0.000000;0.000000;1.000000;6471000064.000000
0.000000;-150.000000;2000.000000;0.000000;0.000000;0.000000;0.000000;0.000000;2.000000;-93.595581;-137.851685;1859.394409;0.128941;0.000000;0.000000;0.000000;0.000000;2.000000;-170.115784;-125.758789;1748.367676;0.033710;0.000000;0.000000;0.000000;0.000000;2.000000;-308.429871;-113.276550;1596.111816;0.245876;0.000000;0.000000;0.000000;0.000000;2.000000;-308.009705;-128.066589;1640.221924;0.215840;0.000000;0.000000;0.000000;0.000000;1.000000;-366.951233;-193.555969;1743.417725;0.220663;0.000000;0.000000;0.000000;0.000000;1.000000;-336.020203;-255.573059;1996.404419;0.417756;0.000000;0.000000;0.000000;0.000000;1.000000;-232.157532;-426.061340;1903.586060;0.721364;0.000000;0.000000;0.000000;0.000000;1.000000;-178.559387;-449.973389;1833.515869;0.159180;0.000000;0.000000;0.000000;0.000000;1.000000;-187.773315;-383.592255;1911.159424;0.140917;0.000000;0.000000;0.000000;0.000000;0.000000;-246.560730;-365.328552;1791.830811;0.392649;0.000000;0.000000;0.000000;0.000000;1.000000;-263.771118;-100.857727;1603.031616;0.207351;0.000000;0.000000;0.000000;0.000000;2.000000;-151.897949;-74.293518;1554.435669;0.230248;0.000000;0.000000;0.000000;0.000000;2.000000;103.703918;-79.778381;1632.350342;0.229584;0.000000;0.000000;0.000000;0.000000;2.000000;-19.645142;-258.100952;1580.485718;0.526385;0.000000;0.000000;0.000000;0.000000;2.000000;-100.370605;-313.331116;1591.370605;3.201663;0.000000;0.000000;0.000000;0.000000;2.000000;-54.987976;-400.457825;1614.024536;3.034063;0.000000;0.000000;0.000000;0.000000;1.000000;-84.167786;-358.365845;1637.092407;0.397603;0.000000;0.000000;0.000000;0.000000;1.000000;-55.589294;-208.120850;2031.981934;0.034033;0.000000;0.000000;0.000000;0.000000;2.000000;223.887665;-304.844971;2270.601074;2.426741;0.000000;0.000000;0.000000;0.000000;1.000000;423.807922;-283.029816;2572.999512;3.319428;0.000000;0.000000;0.000000;0.000000;1.000000;562.917603;-393.441986;2564.102051;4.377660;0.000000;0.000000;0.000000;0.000000;1.000000;50.127319;-97.589844;1971.160400;0.030690;0.000000;0.000000;0.000000;0.000000;2.000000;297.206665;-142.771973;2255.768555;0.168295;0.000000;0.000000;0.000000;0.000000;2.000000;510.397583;-158.033203;2554.088867;0.411471;0.000000;0.000000;0.000000;0.000000;2.000000;608.263550;-289.142670;2554.323242;3.199302;0.000000;0.000000;0.000000;0.000000;2.000000;-356.208801;-120.130005;1535.429443;0.325364;0.000000;0.000000;0.000000;0.000000;2.000000;-285.735413;-140.448486;1401.693115;0.707352;0.000000;0.000000;0.000000;0.000000;2.000000;-321.529968;-177.007141;1416.009277;0.927411;0.000000;0.000000;0.000000;0.000000;1.000000;-364.583557;-218.122437;1520.584595;0.967541;0.000000;0.000000;0.000000;0.000000;1.000000;-334.053406;-132.040100;1399.154053;0.933954;0.000000;0.000000;0.000000;0.000000;2.000000;-421.405457;-79.957581;1470.736938;0.900211;0.000000;0.000000;0.000000;0.000000;2.000000;6471033344.000000
0.000000;-150.000000;2000.000000;0.000000;0.000000;0.000000;0.000000;0.000000;2.000000;-98.998657;-133.917175;1860.685913;0.204551;0.000000;0.000000;0.000000;0.000000;2.000000;-176.063232;-124.134888;1747.553589;0.186859;0.000000;0.000000;0.000000;0.000000;2.000000;-312.756836;-106.984741;1590.520508;0.284383;0.000000;0.000000;0.000000;0.000000;2.000000;-313.674683;-122.020264;1635.212280;0.290934;0.000000;0.000000;0.000000;0.000000;2.000000;-374.273560;-196.385315;1733.788818;0.373295;0.000000;0.000000;0.000000;0.000000;2.000000;-402.649536;-247.771057;1993.125122;2.018169;0.000000;0.000000;0.000000;0.000000;2.000000;-271.185913;-412.689514;1920.160767;1.335954;0.000000;0.000000;0.000000;0.000000;1.000000;-208.024048;-448.457733;1862.577881;1.244391;0.000000;0.000000;0.000000;0.000000;0.000000;-178.191956;-371.922180;1926.312500;0.642782;0.000000;0.000000;0.000000;0.000000;0.000000;-240.299133;-363.435516;1800.476318;0.325763;0.000000;0.000000;0.000000;0.000000;1.000000;-267.262512;-95.820618;1598.437012;0.230163;0.000000;0.000000;0.000000;0.000000;2.000000;-149.080383;-76.188904;1557.696533;0.141464;0.000000;0.000000;0.000000;0.000000;2.000000;110.711487;-72.541931;1634.484375;0.309402;0.000000;0.000000;0.000000;0.000000;2.000000;-12.322510;-255.341248;1584.279541;0.261315;0.000000;0.000000;0.000000;0.000000;2.000000;-95.206787;-309.994904;1594.053101;0.201549;0.000000;0.000000;0.000000;0.000000;1.000000;-47.980530;-397.758240;1616.662720;0.239165;0.000000;0.000000;0.000000;0.000000;1.000000;-79.358948;-356.954895;1639.764771;0.170659;0.000000;0.000000;0.000000;0.000000;1.000000;-56.830566;-207.711060;2033.722290;0.065402;0.000000;0.000000;0.000000;0.000000;2.000000;213.890594;-330.694550;2278.602051;0.866801;0.000000;0.000000;0.000000;0.000000;1.000000;414.507965;-317.922760;2587.005615;1.163826;0.000000;0.000000;0.000000;0.000000;1.000000;543.533081;-443.715363;2582.357178;1.709422;0.000000;0.000000;0.000000;0.000000;1.000000;51.246582;-97.959412;1969.591187;0.058972;0.000000;0.000000;0.000000;0.000000;2.000000;305.496124;-145.032715;2254.552490;0.260752;0.000000;0.000000;0.000000;0.000000;2.000000;515.864868;-156.085327;2561.166748;0.275037;0.000000;0.000000;0.000000;0.000000;2.000000;623.027527;-282.647797;2559.382813;0.507944;0.000000;0.000000;0.000000;0.000000;2.000000;-360.168457;-112.366150;1528.062378;0.342904;0.000000;0.000000;0.000000;0.000000;2.000000;-273.887939;-117.172913;1399.850098;0.786727;0.000000;0.000000;0.000000;0.000000;2.000000;-312.415405;-154.460266;1404.929077;0.803025;0.000000;0.000000;0.000000;0.000000;1.000000;-369.010742;-208.375610;1498.573120;0.735476;0.000000;0.000000;0.000000;0.000000;1.000000;-322.036011;-106.546753;1392.988647;0.866897;0.000000;0.000000;0.000000;0.000000;2.000000;-417.262329;-60.724121;1461.730957;0.650178;0.000000;0.000000;0.000000;0.000000;1.000000;6471066624.000000
0.000000;-150.000000;2000.000000;0.000000;0.000000;0.000000;0.000000;0.000000;2.000000;-99.135620;-136.831482;1860.590698;0.087713;0.000000;0.000000;0.000000;0.000000;2.000000;-179.101624;-125.139893;1749.766113;0.116906;0.000000;0.000000;0.000000;0.000000;2.000000;-315.774780;-109.777649;1592.679199;0.139548;0.000000;0.000000;0.000000;0.000000;2.000000;-316.967285;-123.070190;1637.887207;0.131317;0.000000;0.000000;0.000000;0.000000;2.000000;-377.076782;-190.886047;1741.266357;0.291348;0.000000;0.000000;0.000000;0.000000;2.000000;-420.502930;-238.725952;1999.046631;0.627150;0.000000;0.000000;0.000000;0.000000;2.000000;-293.904419;-406.623627;1924.653687;0.719344;0.000000;0.000000;0.000000;0.000000;1.000000;-222.752686;-445.429718;1879.855103;0.688228;0.000000;0.000000;0.000000;0.000000;0.000000;-173.070129;-372.219818;1934.353760;0.286614;0.000000;0.000000;0.000000;0.000000;0.000000;-237.402954;-365.318024;1809.816162;0.299223;0.000000;0.000000;0.000000;0.000000;1.000000;-269.954590;-99.723572;1600.030029;0.150295;0.000000;0.000000;0.000000;0.000000;2.000000;-149.980164;-85.289673;1562.709106;0.313365;0.000000;0.000000;0.000000;0.000000;2.000000;109.892029;-56.210510;1633.019531;0.493313;0.000000;0.000000;0.000000;0.000000;2.000000;18.998535;-260.835266;1603.258057;1.112743;0.000000;0.000000;0.000000;0.000000;2.000000;-80.039673;-265.042297;1614.000122;1.546429;0.000000;0.000000;0.000000;0.000000;2.000000;-50.500427;-350.076324;1662.263550;1.983935;0.000000;0.000000;0.000000;0.000000;1.000000;-92.731567;-248.401733;1627.908569;3.305724;0.000000;0.000000;0.000000;0.000000;2.000000;-58.050842;-204.923889;2036.092651;0.115894;0.000000;0.000000;0.000000;0.000000;2.000000;203.727295;-247.320801;2315.191895;2.752852;0.000000;0.000000;0.000000;0.000000;2.000000;433.074585;-252.878601;2602.849121;2.087526;0.000000;0.000000;0.000000;0.000000;1.000000;547.144958;-389.848450;2576.672852;1.631199;0.000000;0.000000;0.000000;0.000000;1.000000;52.346985;-100.472717;1967.453735;0.104506;0.000000;0.000000;0.000000;0.000000;2.000000;303.010681;-147.265076;2255.344482;0.103167;0.000000;0.000000;0.000000;0.000000;2.000000;516.928894;-160.981323;2559.139893;0.162402;0.000000;0.000000;0.000000;0.000000;2.000000;613.441650;-295.734161;2560.733643;0.489117;0.000000;0.000000;0.000000;0.000000;2.000000;-363.556519;-116.061768;1530.641968;0.169421;0.000000;0.000000;0.000000;0.000000;2.000000;-272.108276;-125.226990;1406.410889;0.316689;0.000000;0.000000;0.000000;0.000000;2.000000;-315.742554;-156.737671;1407.140015;0.138171;0.000000;0.000000;0.000000;0.000000;1.000000;-384.356567;-207.644897;1494.109619;0.480723;0.000000;0.000000;0.000000;0.000000;1.000000;-317.790039;-107.300354;1398.202026;0.203298;0.000000;0.000000;0.000000;0.000000;2.000000;-409.041626;-52.587891;1465.699341;0.367431;0.000000;0.000000;0.000000;0.000000;2.000000;6471099904.000000
0.000000;-150.000000;2000.000000;0.000000;0.000000;0.000000;0.000000;0.000000;2.000000;-100.117737;-130.961975;1861.311890;0.180128;0.000000;0.000000;0.000000;0.000000;2.000000;-181.416931;-113.591064;1751.677368;0.358554;0.000000;0.000000;0.000000;0.000000;2.000000;-315.191589;-109.164551;1590.589355;0.067748;0.000000;0.000000;0.000000;0.000000;2.000000;-317.101135;-120.373901;1636.485840;0.091396;0.000000;0.000000;0.000000;0.000000;2.000000;-377.299500;-182.735901;1743.746094;0.256068;0.000000;0.000000;0.000000;0.000000;2.000000;-420.761292;-233.582520;2001.801758;0.175498;0.000000;0.000000;0.000000;0.000000;2.000000;-294.253601;-407.384125;1939.743896;0.454128;0.000000;0.000000;0.000000;0.000000;1.000000;-226.502686;-439.015442;1884.623047;0.265273;0.000000;0.000000;0.000000;0.000000;0.000000;-172.506531;-365.032318;1934.388794;0.216636;0.000000;0.000000;0.000000;0.000000;0.000000;-238.606506;-362.440491;1821.836060;0.373137;0.000000;0.000000;0.000000;0.000000;1.000000;-269.673767;-97.559937;1598.475342;0.080500;0.000000;0.000000;0.000000;0.000000;2.000000;-149.629761;-81.391968;1560.750732;0.131493;0.000000;0.000000;0.000000;0.000000;2.000000;109.112488;-47.636414;1636.212524;0.275916;0.000000;0.000000;0.000000;0.000000;2.000000;20.982178;-255.081787;1613.032349;0.345976;0.000000;0.000000;0.000000;0.000000;2.000000;-78.900085;-250.464172;1615.497314;0.441678;0.000000;0.000000;0.000000;0.000000;2.000000;-50.999695;-333.630798;1668.439331;0.528064;0.000000;0.000000;0.000000;0.000000;1.000000;-96.423584;-237.649292;1645.501465;0.629402;0.000000;0.000000;0.000000;0.000000;2.000000;-59.098633;-204.867859;2035.130981;0.042768;0.000000;0.000000;0.000000;0.000000;2.000000;207.601013;-331.019836;2284.341797;2.682919;0.000000;0.000000;0.000000;0.000000;1.000000;406.584686;-314.161469;2594.738281;2.020851;0.000000;0.000000;0.000000;0.000000;1.000000;536.106567;-439.801117;2604.729980;1.753201;0.000000;0.000000;0.000000;0.000000;1.000000;53.291870;-100.523254;1968.320923;0.038567;0.000000;0.000000;0.000000;0.000000;2.000000;303.053680;-142.746887;2259.292480;0.180295;0.000000;0.000000;0.000000;0.000000;2.000000;519.998657;-155.346924;2562.412598;0.216431;0.000000;0.000000;0.000000;0.000000;2.000000;626.044434;-283.058167;2571.983398;0.634625;0.000000;0.000000;0.000000;0.000000;2.000000;-361.506165;-119.627808;1527.698242;0.151991;0.000000;0.000000;0.000000;0.000000;2.000000;-270.337769;-102.373535;1403.520142;0.694216;0.000000;0.000000;0.000000;0.000000;2.000000;-322.451843;-113.231812;1394.478760;1.376347;0.000000;0.000000;0.000000;0.000000;2.000000;-411.149963;-170.726624;1455.985840;1.786349;0.000000;0.000000;0.000000;0.000000;1.000000;-305.959290;-67.859436;1409.082886;1.279761;0.000000;0.000000;0.000000;0.000000;2.000000;-376.448792;-21.830688;1503.359741;1.758930;0.000000;0.000000;0.000000;0.000000;2.000000;6471133184.000000
0.000000;-150.000000;2000.000000;0.000000;0.000000;0.000000;0.000000;0.000000;2.000000;-101.333252;-126.050049;1861.052979;0.152245;0.000000;0.000000;0.000000;0.000000;2.000000;-185.001953;-102.706909;1752.779785;0.345922;0.000000;0.000000;0.000000;0.000000;2.000000;-315.835938;-110.878845;1587.062988;0.119398;0.000000;0.000000;0.000000;0.000000;2.000000;-318.282715;-120.913757;1633.634888;0.094140;0.000000;0.000000;0.000000;0.000000;2.000000;-374.252930;-184.801453;1743.826904;0.110627;0.000000;0.000000;0.000000;0.000000;2.000000;-422.843750;-226.829956;2004.989990;0.232943;0.000000;0.000000;0.000000;0.000000;2.000000;-262.677551;-304.425629;1866.136230;3.919586;0.000000;0.000000;0.000000;0.000000;2.000000;-215.716858;-273.780090;1791.047241;5.715100;0.000000;0.000000;0.000000;0.000000;2.000000;-148.339417;-203.565308;1830.916138;5.808087;0.000000;0.000000;0.000000;0.000000;0.000000;-169.516968;-263.755127;1787.071045;3.767503;0.000000;0.000000;0.000000;0.000000;2.000000;-270.878540;-96.291870;1595.735718;0.097668;0.000000;0.000000;0.000000;0.000000;2.000000;-147.966919;-82.962402;1562.614380;0.088652;0.000000;0.000000;0.000000;0.000000;2.000000;113.155823;-39.869812;1633.708252;0.273652;0.000000;0.000000;0.000000;0.000000;2.000000;34.163025;-253.910950;1619.588013;0.443738;0.000000;0.000000;0.000000;0.000000;2.000000;-64.332458;-234.038208;1610.321167;0.677796;0.000000;0.000000;0.000000;0.000000;2.000000;-73.501404;-318.563416;1669.113281;0.813969;0.000000;0.000000;0.000000;0.000000;2.000000;-89.277954;-234.910461;1641.665771;0.257212;0.000000;0.000000;0.000000;0.000000;2.000000;-58.263000;-208.577026;2032.394043;0.140768;0.000000;0.000000;0.000000;0.000000;2.000000;213.435852;-351.618866;2272.239990;0.738974;0.000000;0.000000;0.000000;0.000000;1.000000;404.792480;-334.717438;2591.222168;0.628948;0.000000;0.000000;0.000000;0.000000;1.000000;541.238342;-453.225677;2615.336426;0.536718;0.000000;0.000000;0.000000;0.000000;1.000000;52.538269;-97.178528;1970.788818;0.126935;0.000000;0.000000;0.000000;0.000000;2.000000;311.966827;-140.643616;2257.648438;0.279578;0.000000;0.000000;0.000000;0.000000;2.000000;528.268677;-155.149048;2565.200195;0.262303;0.000000;0.000000;0.000000;0.000000;2.000000;656.091736;-263.521912;2572.737305;1.077161;0.000000;0.000000;0.000000;0.000000;2.000000;-360.255615;-125.995850;1522.884644;0.242789;0.000000;0.000000;0.000000;0.000000;2.000000;-266.755188;-109.259766;1398.645264;0.275427;0.000000;0.000000;0.000000;0.000000;2.000000;-318.384155;-123.776611;1389.095093;0.376169;0.000000;0.000000;0.000000;0.000000;2.000000;-405.629150;-183.932007;1452.279785;0.444261;0.000000;0.000000;0.000000;0.000000;2.000000;-304.794434;-76.421509;1401.826904;0.339045;0.000000;0.000000;0.000000;0.000000;2.000000;-380.575928;-29.730347;1493.136108;0.407548;0.000000;0.000000;0.000000;0.000000;2.000000;6471166464.000000
0.000000;-150.000000;2000.000000;0.000000;0.000000;0.000000;0.000000;0.000000;2.000000;-101.078247;-126.063721;1861.185181;0.008510;0.000000;0.000000;0.000000;0.000000;2.000000;-184.762329;-102.381653;1753.260620;0.018585;0.000000;0.000000;0.000000;0.000000;2.000000;-316.182190;-109.848083;1588.373779;0.050399;0.000000;0.000000;0.000000;0.000000;2.000000;-318.405579;-120.065125;1634.845093;0.043892;0.000000;0.000000;0.000000;0.000000;2.000000;-373.469666;-186.266541;1743.862305;0.049174;0.000000;0.000000;0.000000;0.000000;2.000000;-435.960754;-224.202454;2002.272583;0.403965;0.000000;0.000000;0.000000;0.000000;2.000000;-262.321899;-301.467224;1881.095215;0.451375;0.000000;0.000000;0.000000;0.000000;2.000000;-195.579285;-262.216003;1828.543701;1.305185;0.000000;0.000000;0.000000;0.000000;0.000000;-133.876221;-196.883057;1882.867432;1.608056;0.000000;0.000000;0.000000;0.000000;0.000000;-173.104004;-262.590698;1803.106323;0.487476;0.000000;0.000000;0.000000;0.000000;2.000000;-271.251343;-95.316833;1596.883301;0.045908;0.000000;0.000000;0.000000;0.000000;2.000000;-149.018066;-81.935852;1562.046631;0.046613;0.000000;0.000000;0.000000;0.000000;2.000000;112.341248;-39.389404;1631.009644;0.084621;0.000000;0.000000;0.000000;0.000000;2.000000;37.897522;-254.760498;1617.892700;0.123945;0.000000;0.000000;0.000000;0.000000;2.000000;-61.188232;-238.215515;1610.123169;0.154834;0.000000;0.000000;0.000000;0.000000;2.000000;-73.402222;-322.737396;1668.092285;0.127195;0.000000;0.000000;0.000000;0.000000;2.000000;-85.594421;-247.640442;1636.642212;0.419401;0.000000;0.000000;0.000000;0.000000;2.000000;-58.198425;-208.500183;2032.289917;0.004280;0.000000;0.000000;0.000000;0.000000;2.000000;233.866852;-320.217957;2263.755371;1.136699;0.000000;0.000000;0.000000;0.000000;2.000000;435.956299;-303.159241;2575.383789;1.393679;0.000000;0.000000;0.000000;0.000000;1.000000;573.778320;-421.639526;2585.993896;1.598428;0.000000;0.000000;0.000000;0.000000;1.000000;52.480103;-97.247803;1970.882690;0.003858;0.000000;0.000000;0.000000;0.000000;2.000000;310.126129;-143.007690;2258.212158;0.090221;0.000000;0.000000;0.000000;0.000000;2.000000;523.551514;-153.660828;2567.248291;0.158428;0.000000;0.000000;0.000000;0.000000;2.000000;629.367371;-282.387482;2584.266602;1.026416;0.000000;0.000000;0.000000;0.000000;2.000000;-360.837585;-124.673706;1524.436768;0.062747;0.000000;0.000000;0.000000;0.000000;2.000000;-270.499023;-106.992737;1398.294067;0.129936;0.000000;0.000000;0.000000;0.000000;2.000000;-321.637390;-123.591187;1390.042114;0.100419;0.000000;0.000000;0.000000;0.000000;2.000000;-405.236755;-185.583557;1455.965088;0.120072;0.000000;0.000000;0.000000;0.000000;2.000000;-309.625427;-75.585999;1401.568359;0.145287;0.000000;0.000000;0.000000;0.000000;2.000000;-385.286682;-29.992554;1493.268311;0.139675;0.000000;0.000000;0.000000;0.000000;1.000000;6471200256.000000
0.000000;-150.000000;2000.000000;0.000000;0.000000;0.000000;0.000000;0.000000;2.000000;-102.812378;-124.446716;1860.411743;0.074940;0.000000;0.000000;0.000000;0.000000;2.000000;-187.622009;-99.483398;1751.735718;0.130642;0.000000;0.000000;0.000000;0.000000;2.000000;-319.316284;-109.438599;1584.304932;0.154815;0.000000;0.000000;0.000000;0.000000;2.000000;-321.977295;-118.784729;1631.458496;0.152819;0.000000;0.000000;0.000000;0.000000;2.000000;-372.367432;-186.288208;1743.798096;0.033183;0.000000;0.000000;0.000000;0.000000;2.000000;-394.379761;-238.412048;2009.270508;1.337009;0.000000;0.000000;0.000000;0.000000;2.000000;-243.245544;-296.954834;1849.170044;1.125695;0.000000;0.000000;0.000000;0.000000;2.000000;-155.920593;-277.439606;1818.519531;1.311506;0.000000;0.000000;0.000000;0.000000;2.000000;-142.191772;-219.563782;1906.421021;1.013799;0.000000;0.000000;0.000000;0.000000;0.000000;-143.467896;-267.294128;1774.125732;1.253511;0.000000;0.000000;0.000000;0.000000;2.000000;-273.854065;-94.920776;1592.934570;0.142605;0.000000;0.000000;0.000000;0.000000;2.000000;-149.199646;-81.036438;1562.035889;0.027573;0.000000;0.000000;0.000000;0.000000;2.000000;115.661316;-31.618042;1624.466919;0.321141;0.000000;0.000000;0.000000;0.000000;2.000000;43.414246;-249.508545;1647.431274;0.916611;0.000000;0.000000;0.000000;0.000000;2.000000;-58.055603;-253.331848;1655.210327;1.431995;0.000000;0.000000;0.000000;0.000000;2.000000;-100.838318;-321.970947;1721.103149;1.793716;0.000000;0.000000;0.000000;0.000000;2.000000;-57.263672;-281.876831;1643.105957;1.349337;0.000000;0.000000;0.000000;0.000000;2.000000;-60.350464;-206.735413;2034.064453;0.099180;0.000000;0.000000;0.000000;0.000000;2.000000;257.356201;-260.141785;2259.535156;1.942395;0.000000;0.000000;0.000000;0.000000;2.000000;487.014587;-227.569580;2555.210205;2.807159;0.000000;0.000000;0.000000;0.000000;1.000000;626.861938;-347.033356;2549.578369;2.960924;0.000000;0.000000;0.000000;0.000000;1.000000;54.420715;-98.839172;1969.282471;0.089436;0.000000;0.000000;0.000000;0.000000;2.000000;314.187347;-143.236084;2260.562988;0.141169;0.000000;0.000000;0.000000;0.000000;2.000000;536.499084;-155.332092;2568.208496;0.393337;0.000000;0.000000;0.000000;0.000000;2.000000;648.626587;-282.179260;2567.932617;0.758831;0.000000;0.000000;0.000000;0.000000;2.000000;-364.103394;-125.402527;1519.674072;0.174899;0.000000;0.000000;0.000000;0.000000;2.000000;-265.391174;-110.976013;1397.363647;0.196631;0.000000;0.000000;0.000000;0.000000;2.000000;-317.805908;-123.047974;1385.980957;0.168560;0.000000;0.000000;0.000000;0.000000;2.000000;-410.398438;-180.588562;1446.156738;0.365299;0.000000;0.000000;0.000000;0.000000;2.000000;-302.300537;-76.144897;1400.018188;0.225600;0.000000;0.000000;0.000000;0.000000;2.000000;-379.237305;-26.951782;1490.698975;0.217600;0.000000;0.000000;0.000000;0.000000;2.000000;6471233536.000000
0.000000;-150.000000;2000.000000;0.000000;0.000000;0.000000;0.000000;0.000000;2.000000;-102.485352;-126.421936;1859.990723;0.061475;0.000000;0.000000;0.000000;0.000000;2.000000;-186.367371;-104.031860;1750.176636;0.149316;0.000000;0.000000;0.000000;0.000000;2.000000;-316.670593;-112.003174;1581.759644;0.134564;0.000000;0.000000;0.000000;0.000000;2.000000;-319.640564;-122.060242;1628.710938;0.146400;0.000000;0.000000;0.000000;0.000000;2.000000;-371.148132;-196.451416;1735.945190;0.387662;0.000000;0.000000;0.000000;0.000000;2.000000;-394.047668;-247.079163;2001.422241;0.351478;0.000000;0.000000;0.000000;0.000000;2.000000;-242.553955;-379.535339;1894.991455;2.837853;0.000000;0.000000;0.000000;0.000000;1.000000;-180.378540;-334.959991;1839.496704;1.981084;0.000000;0.000000;0.000000;0.000000;1.000000;-148.139648;-247.899719;1890.769409;0.988977;0.000000;0.000000;0.000000;0.000000;0.000000;-177.270691;-290.104187;1811.863770;1.669518;0.000000;0.000000;0.000000;0.000000;1.000000;-271.369690;-97.441467;1590.939941;0.122073;0.000000;0.000000;0.000000;0.000000;2.000000;-148.115845;-79.413330;1557.110107;0.159205;0.000000;0.000000;0.000000;0.000000;2.000000;115.652344;-31.336365;1624.120728;0.013413;0.000000;0.000000;0.000000;0.000000;2.000000;39.684753;-248.714966;1634.998047;0.390768;0.000000;0.000000;0.000000;0.000000;2.000000;-60.664490;-259.236938;1648.223145;0.285847;0.000000;0.000000;0.000000;0.000000;2.000000;-107.955688;-329.598938;1708.884766;0.482767;0.000000;0.000000;0.000000;0.000000;2.000000;-76.348450;-262.519775;1666.404907;1.075774;0.000000;0.000000;0.000000;0.000000;2.000000;-61.125916;-204.888062;2035.500122;0.074062;0.000000;0.000000;0.000000;0.000000;2.000000;223.567261;-326.736481;2277.358887;2.306908;0.000000;0.000000;0.000000;0.000000;1.000000;437.439941;-306.591766;2585.363525;2.945842;0.000000;0.000000;0.000000;0.000000;1.000000;571.263794;-432.401062;2593.883057;3.338138;0.000000;0.000000;0.000000;0.000000;1.000000;55.119934;-100.505005;1967.987915;0.066784;0.000000;0.000000;0.000000;0.000000;2.000000;316.492920;-145.113342;2257.392578;0.130601;0.000000;0.000000;0.000000;0.000000;2.000000;534.438538;-150.363525;2567.986816;0.161763;0.000000;0.000000;0.000000;0.000000;2.000000;639.112671;-282.928040;2577.447021;0.404924;0.000000;0.000000;0.000000;0.000000;2.000000;-360.874451;-127.165833;1516.611816;0.143832;0.000000;0.000000;0.000000;0.000000;2.000000;-261.631470;-102.485779;1396.544556;0.280093;0.000000;0.000000;0.000000;0.000000;2.000000;-312.782654;-118.079529;1383.957397;0.220835;0.000000;0.000000;0.000000;0.000000;2.000000;-401.749451;-183.709534;1441.049927;0.316041;0.000000;0.000000;0.000000;0.000000;2.000000;-301.023376;-70.564514;1399.366211;0.173127;0.000000;0.000000;0.000000;0.000000;2.000000;-382.765564;-29.475037;1489.738037;0.133499;0.000000;0.000000;0.000000;0.000000;1.000000;6471266816.000000
0.000000;-150.000000;2000.000000;0.000000;0.000000;0.000000;0.000000;0.000000;2.000000;-101.924500;-127.236328;1861.350952;0.050531;0.000000;0.000000;0.000000;0.000000;2.000000;-185.223083;-105.459351;1752.520264;0.089338;0.000000;0.000000;0.000000;0.000000;2.000000;-311.061829;-118.160645;1583.336670;0.254718;0.000000;0.000000;0.000000;0.000000;2.000000;-314.747986;-127.363220;1629.984253;0.220153;0.000000;0.000000;0.000000;0.000000;2.000000;-377.971497;-187.128662;1738.501343;0.355541;0.000000;0.000000;0.000000;0.000000;2.000000;-379.662170;-246.533875;2000.720459;0.433081;0.000000;0.000000;0.000000;0.000000;2.000000;-214.918335;-281.139069;1850.432861;3.350195;0.000000;0.000000;0.000000;0.000000;2.000000;-146.234741;-275.262207;1786.984985;2.600002;0.000000;0.000000;0.000000;0.000000;2.000000;-167.492188;-227.950867;1878.431885;0.913724;0.000000;0.000000;0.000000;0.000000;0.000000;-131.060242;-272.651886;1752.345947;2.324090;0.000000;0.000000;0.000000;0.000000;2.000000;-266.549377;-102.909546;1593.023315;0.227803;0.000000;0.000000;0.000000;0.000000;2.000000;-145.578918;-91.481445;1552.926147;0.391296;0.000000;0.000000;0.000000;0.000000;2.000000;115.702698;-35.373108;1613.222046;0.349229;0.000000;0.000000;0.000000;0.000000;2.000000;32.591858;-247.691345;1628.563110;0.289407;0.000000;0.000000;0.000000;0.000000;2.000000;-64.649414;-224.215698;1615.557861;1.443993;0.000000;0.000000;0.000000;0.000000;2.000000;-116.399780;-289.366241;1676.844482;1.566123;0.000000;0.000000;0.000000;0.000000;2.000000;-93.671387;-252.018860;1669.559326;0.616025;0.000000;0.000000;0.000000;0.000000;2.000000;-61.715820;-202.012329;2036.829468;0.096832;0.000000;0.000000;0.000000;0.000000;1.000000;206.100159;-364.745605;2268.150879;1.287019;0.000000;0.000000;0.000000;0.000000;1.000000;406.884857;-336.550964;2580.338135;1.294658;0.000000;0.000000;0.000000;0.000000;1.000000;538.830139;-455.721008;2620.492188;1.442248;0.000000;0.000000;0.000000;0.000000;1.000000;55.651917;-103.098206;1966.789307;0.087317;0.000000;0.000000;0.000000;0.000000;2.000000;313.532013;-150.115173;2254.327148;0.197455;0.000000;0.000000;0.000000;0.000000;2.000000;533.031982;-156.466370;2559.745361;0.311030;0.000000;0.000000;0.000000;0.000000;2.000000;652.215454;-272.009155;2583.591309;0.544739;0.000000;0.000000;0.000000;0.000000;2.000000;-353.421814;-134.954163;1518.218750;0.327486;0.000000;0.000000;0.000000;0.000000;2.000000;-272.010010;-114.147339;1386.376099;0.559817;0.000000;0.000000;0.000000;0.000000;2.000000;-321.922058;-135.409851;1381.640503;0.592821;0.000000;0.000000;0.000000;0.000000;1.000000;-396.044128;-202.007874;1454.333496;0.700728;0.000000;0.000000;0.000000;0.000000;1.000000;-313.561462;-86.100220;1390.935669;0.651174;0.000000;0.000000;0.000000;0.000000;2.000000;-387.851013;-43.829956;1485.512939;0.474890;0.000000;0.000000;0.000000;0.000000;1.000000;6471300096.000000
0.000000;-150.000000;2000.000000;0.000000;0.000000;0.000000;0.000000;0.000000;2.000000;-102.566772;-127.750610;1860.411255;0.037530;0.000000;0.000000;0.000000;0.000000;2.000000;-186.290161;-106.611145;1750.699097;0.072253;0.000000;0.000000;0.000000;0.000000;2.000000;-313.951965;-111.989685;1580.873657;0.217719;0.000000;0.000000;0.000000;0.000000;2.000000;-317.851624;-121.730469;1627.693237;0.205141;0.000000;0.000000;0.000000;0.000000;2.000000;-384.440369;-179.895996;1736.160278;0.299937;0.000000;0.000000;0.000000;0.000000;2.000000;-379.901794;-232.213074;2001.527588;0.431056;0.000000;0.000000;0.000000;0.000000;2.000000;-245.677917;-373.085571;1884.532227;3.088246;0.000000;0.000000;0.000000;0.000000;1.000000;-174.079834;-341.156158;1832.191895;2.542754;0.000000;0.000000;0.000000;0.000000;1.000000;-155.735901;-248.219910;1879.252930;0.704510;0.000000;0.000000;0.000000;0.000000;0.000000;-167.475037;-295.819489;1798.711304;1.903379;0.000000;0.000000;0.000000;0.000000;1.000000;-268.551270;-98.585938;1590.631226;0.160197;0.000000;0.000000;0.000000;0.000000;2.000000;-146.867615;-85.747070;1550.614746;0.189771;0.000000;0.000000;0.000000;0.000000;2.000000;115.100891;-36.561523;1620.798340;0.231145;0.000000;0.000000;0.000000;0.000000;2.000000;43.902832;-255.165039;1623.185181;0.438245;0.000000;0.000000;0.000000;0.000000;2.000000;-50.887146;-282.683990;1646.817749;2.034661;0.000000;0.000000;0.000000;0.000000;2.000000;-119.415955;-345.278625;1693.673584;1.756852;0.000000;0.000000;0.000000;0.000000;2.000000;-63.896606;-275.533875;1648.071777;1.310182;0.000000;0.000000;0.000000;0.000000;2.000000;-61.834778;-202.643066;2037.043945;0.020335;0.000000;0.000000;0.000000;0.000000;2.000000;199.836914;-370.717529;2275.491211;0.340980;0.000000;0.000000;0.000000;0.000000;1.000000;398.112793;-353.312317;2592.750977;0.679891;0.000000;0.000000;0.000000;0.000000;1.000000;527.479675;-479.335938;2624.582520;0.796829;0.000000;0.000000;0.000000;0.000000;1.000000;55.759155;-102.529419;1966.595825;0.018338;0.000000;0.000000;0.000000;0.000000;2.000000;316.920807;-149.955017;2254.333984;0.101941;0.000000;0.000000;0.000000;0.000000;2.000000;535.503723;-155.438110;2563.248535;0.132481;0.000000;0.000000;0.000000;0.000000;2.000000;650.521912;-277.330109;2582.783691;0.169533;0.000000;0.000000;0.000000;0.000000;2.000000;-357.461975;-126.271606;1515.321289;0.300638;0.000000;0.000000;0.000000;0.000000;2.000000;-261.527466;-115.176575;1391.157471;0.347578;0.000000;0.000000;0.000000;0.000000;2.000000;-314.207336;-126.389160;1381.097046;0.357035;0.000000;0.000000;0.000000;0.000000;2.000000;-406.170227;-181.306335;1443.764404;0.761822;0.000000;0.000000;0.000000;0.000000;1.000000;-297.614685;-79.768433;1394.161133;0.524591;0.000000;0.000000;0.000000;0.000000;2.000000;-371.404236;-28.254883;1485.546997;0.680627;0.000000;0.000000;0.000000;0.000000;2.000000;6471333376.000000
0.000000;-150.000000;2000.000000;0.000000;0.000000;0.000000;0.000000;0.000000;2.000000;-97.377869;-122.838196;1866.273193;0.277711;0.000000;0.000000;0.000000;0.000000;2.000000;-175.551697;-100.542725;1759.722290;0.459213;0.000000;0.000000;0.000000;0.000000;2.000000;-299.401367;-103.982910;1597.651245;0.709361;0.000000;0.000000;0.000000;0.000000;2.000000;-302.959351;-113.173767;1642.641357;0.684175;0.000000;0.000000;0.000000;0.000000;2.000000;-364.581055;-169.876099;1747.670288;0.752566;0.000000;0.000000;0.000000;0.000000;2.000000;-368.562134;-240.658386;1997.471558;0.441985;0.000000;0.000000;0.000000;0.000000;2.000000;-247.248535;-398.424896;1908.642212;1.052043;0.000000;0.000000;0.000000;0.000000;1.000000;-182.440613;-371.489044;1851.533447;1.109780;0.000000;0.000000;0.000000;0.000000;1.000000;-142.216309;-289.703491;1896.279907;1.407323;0.000000;0.000000;0.000000;0.000000;0.000000;-176.906372;-308.938110;1832.867676;1.135367;0.000000;0.000000;0.000000;0.000000;1.000000;-255.540405;-91.833374;1606.658447;0.652639;0.000000;0.000000;0.000000;0.000000;2.000000;-137.879395;-78.119690;1571.466797;0.719758;0.000000;0.000000;0.000000;0.000000;2.000000;115.920715;-37.124939;1633.971924;0.396968;0.000000;0.000000;0.000000;0.000000;2.000000;48.833679;-247.041870;1645.899414;0.739839;0.000000;0.000000;0.000000;0.000000;2.000000;-43.119629;-269.587708;1668.871216;0.805267;0.000000;0.000000;0.000000;0.000000;2.000000;-107.120789;-328.156342;1718.204712;0.971868;0.000000;0.000000;0.000000;0.000000;2.000000;-50.148010;-278.287659;1663.221436;0.620272;0.000000;0.000000;0.000000;0.000000;2.000000;-59.122192;-202.936279;2032.299805;0.164446;0.000000;0.000000;0.000000;0.000000;2.000000;192.633057;-382.704498;2246.336426;0.971620;0.000000;0.000000;0.000000;0.000000;1.000000;377.302704;-370.085510;2554.531982;1.401378;0.000000;0.000000;0.000000;0.000000;1.000000;503.090118;-489.502197;2584.618652;1.439586;0.000000;0.000000;0.000000;0.000000;1.000000;53.313171;-102.264954;1970.873779;0.148286;0.000000;0.000000;0.000000;0.000000;2.000000;306.532043;-167.861633;2240.654785;0.745588;0.000000;0.000000;0.000000;0.000000;1.000000;444.658295;-125.236267;2573.947998;2.894540;0.000000;0.000000;0.000000;0.000000;1.000000;569.573853;-215.599182;2623.565186;3.295224;0.000000;0.000000;0.000000;0.000000;1.000000;-341.869385;-117.118835;1535.076294;0.804684;0.000000;0.000000;0.000000;0.000000;2.000000;-255.238220;-108.351746;1411.719849;0.677878;0.000000;0.000000;0.000000;0.000000;2.000000;-305.780151;-121.079285;1404.669067;0.768933;0.000000;0.000000;0.000000;0.000000;2.000000;-389.672607;-174.098694;1470.555176;0.969891;0.000000;0.000000;0.000000;0.000000;2.000000;-290.835693;-75.382813;1414.774170;0.665201;0.000000;0.000000;0.000000;0.000000;2.000000;-359.545410;-24.719299;1503.483643;0.654783;0.000000;0.000000;0.000000;0.000000;1.000000;6471366656.000000
0.000000;-150.000000;2000.000000;0.000000;0.000000;0.000000;0.000000;0.000000;2.000000;-97.567383;-122.877625;1866.909424;0.019983;0.000000;0.000000;0.000000;0.000000;2.000000;-175.705994;-100.947083;1760.662231;0.031094;0.000000;0.000000;0.000000;0.000000;2.000000;-298.970642;-105.539673;1598.790405;0.059391;0.000000;0.000000;0.000000;0.000000;2.000000;-302.557312;-114.544189;1643.702881;0.053470;0.000000;0.000000;0.000000;0.000000;2.000000;-363.229187;-173.046021;1747.881714;0.103745;0.000000;0.000000;0.000000;0.000000;2.000000;-361.357117;-249.276428;1995.446289;0.342976;0.000000;0.000000;0.000000;0.000000;2.000000;-241.435791;-406.582001;1905.204224;0.318206;0.000000;0.000000;0.000000;0.000000;1.000000;-179.139954;-377.438843;1846.743896;0.250021;0.000000;0.000000;0.000000;0.000000;1.000000;-137.911743;-299.410187;1896.456665;0.319105;0.000000;0.000000;0.000000;0.000000;0.000000;-174.487122;-311.162720;1833.505859;0.100600;0.000000;0.000000;0.000000;0.000000;1.000000;-255.281250;-93.201111;1607.800293;0.054101;0.000000;0.000000;0.000000;0.000000;2.000000;-137.866211;-79.138550;1572.968628;0.054533;0.000000;0.000000;0.000000;0.000000;2.000000;114.621338;-34.811584;1635.825562;0.097255;0.000000;0.000000;0.000000;0.000000;2.000000;50.604553;-244.940125;1650.724976;0.166867;0.000000;0.000000;0.000000;0.000000;2.000000;-40.822388;-268.220795;1674.069336;0.175637;0.000000;0.000000;0.000000;0.000000;2.000000;-100.642334;-328.369019;1726.186157;0.308954;0.000000;0.000000;0.000000;0.000000;2.000000;-47.164978;-278.244446;1668.113159;0.172166;0.000000;0.000000;0.000000;0.000000;2.000000;-58.885803;-202.800232;2032.408447;0.008822;0.000000;0.000000;0.000000;0.000000;2.000000;192.661682;-387.722900;2240.631348;0.228312;0.000000;0.000000;0.000000;0.000000;1.000000;382.620605;-383.121857;2544.802979;0.514235;0.000000;0.000000;0.000000;0.000000;1.000000;505.837036;-506.067932;2568.065674;0.708504;0.000000;0.000000;0.000000;0.000000;1.000000;53.099915;-102.387756;1970.775879;0.007958;0.000000;0.000000;0.000000;0.000000;2.000000;311.597229;-175.254456;2232.302002;0.368109;0.000000;0.000000;0.000000;0.000000;2.000000;479.224701;-147.302246;2552.405273;1.391921;0.000000;0.000000;0.000000;0.000000;2.000000;597.508728;-251.886658;2586.701172;1.766483;0.000000;0.000000;0.000000;0.000000;2.000000;-341.176697;-119.069702;1536.348389;0.073011;0.000000;0.000000;0.000000;0.000000;2.000000;-255.492615;-111.203857;1412.713501;0.091074;0.000000;0.000000;0.000000;0.000000;2.000000;-305.827820;-124.465759;1406.127075;0.110797;0.000000;0.000000;0.000000;0.000000;2.000000;-388.668396;-177.231018;1473.023315;0.123569;0.000000;0.000000;0.000000;0.000000;1.000000;-291.295471;-78.608215;1415.504028;0.100323;0.000000;0.000000;0.000000;0.000000;2.000000;-359.842468;-27.500977;1503.672974;0.084252;0.000000;0.000000;0.000000;0.000000;1.000000;6471399936.000000
0.000000;-150.000000;2000.000000;0.000000;0.000000;0.000000;0.000000;0.000000;2.000000;-95.253601;-122.215149;1865.986938;0.077449;0.000000;0.000000;0.000000;0.000000;2.000000;-174.855835;-93.509338;1762.981567;0.235494;0.000000;0.000000;0.000000;0.000000;2.000000;-298.225342;-98.505005;1601.951050;0.232813;0.000000;0.000000;0.000000;0.000000;2.000000;-301.509033;-107.950439;1646.658325;0.219394;0.000000;0.000000;0.000000;0.000000;2.000000;-361.932739;-174.312134;1745.638184;0.086658;0.000000;0.000000;0.000000;0.000000;2.000000;-323.624512;-241.279663;1992.130859;1.163249;0.000000;0.000000;0.000000;0.000000;2.000000;-188.614014;-320.493683;1842.160645;3.577593;0.000000;0.000000;0.000000;0.000000;2.000000;-125.243652;-271.460815;1801.171997;3.826024;0.000000;0.000000;0.000000;0.000000;2.000000;-133.887512;-237.041809;1895.725098;1.878075;0.000000;0.000000;0.000000;0.000000;0.000000;-102.090942;-270.508453;1777.676270;3.006448;0.000000;0.000000;0.000000;0.000000;2.000000;-254.829163;-85.611572;1610.905518;0.246775;0.000000;0.000000;0.000000;0.000000;2.000000;-139.396484;-70.832275;1571.340454;0.258460;0.000000;0.000000;0.000000;0.000000;2.000000;111.312439;-33.364929;1642.052002;0.216284;0.000000;0.000000;0.000000;0.000000;2.000000;49.484497;-243.914490;1648.153564;0.089736;0.000000;0.000000;0.000000;0.000000;2.000000;-42.562134;-267.740051;1666.872681;0.222943;0.000000;0.000000;0.000000;0.000000;2.000000;-99.628052;-332.106720;1716.419800;0.315692;0.000000;0.000000;0.000000;0.000000;2.000000;-53.515747;-269.733185;1668.300537;0.319145;0.000000;0.000000;0.000000;0.000000;2.000000;-59.712585;-201.901062;2031.681763;0.042708;0.000000;0.000000;0.000000;0.000000;2.000000;177.974854;-379.420929;2259.712891;0.765330;0.000000;0.000000;0.000000;0.000000;1.000000;376.912445;-398.318512;2556.261719;0.597061;0.000000;0.000000;0.000000;0.000000;1.000000;499.217560;-509.696136;2613.668945;1.388936;0.000000;0.000000;0.000000;0.000000;1.000000;53.845520;-103.198547;1971.431152;0.038512;0.000000;0.000000;0.000000;0.000000;2.000000;308.833435;-169.848328;2236.467773;0.221253;0.000000;0.000000;0.000000;0.000000;2.000000;500.187775;-152.005920;2542.481445;0.711104;0.000000;0.000000;0.000000;0.000000;2.000000;598.490723;-232.640442;2641.412598;1.742975;0.000000;0.000000;0.000000;0.000000;2.000000;-340.306763;-112.071533;1539.707275;0.234709;0.000000;0.000000;0.000000;0.000000;2.000000;-253.904419;-124.583130;1417.499512;0.429628;0.000000;0.000000;0.000000;0.000000;2.000000;-302.878296;-142.648682;1414.033813;0.602338;0.000000;0.000000;0.000000;0.000000;2.000000;-382.326050;-185.705200;1490.672974;0.618398;0.000000;0.000000;0.000000;0.000000;2.000000;-291.941772;-95.027344;1413.257690;0.498338;0.000000;0.000000;0.000000;0.000000;2.000000;-365.134155;-31.606262;1488.203735;0.506515;0.000000;0.000000;0.000000;0.000000;2.000000;6471433216.000000
0.000000;-150.000000;2000.000000;0.000000;0.000000;0.000000;0.000000;0.000000;2.000000;-95.253479;-122.214417;1865.986572;0.000025;0.000000;0.000000;0.000000;0.000000;2.000000;-174.855774;-93.507813;1762.981201;0.000047;0.000000;0.000000;0.000000;0.000000;2.000000;-298.225098;-98.500732;1601.949951;0.000133;0.000000;0.000000;0.000000;0.000000;2.000000;-301.509033;-107.946838;1646.657104;0.000114;0.000000;0.000000;0.000000;0.000000;2.000000;-361.931152;-174.312927;1745.635254;0.000103;0.000000;0.000000;0.000000;0.000000;2.000000;-323.615356;-241.293945;1992.123779;0.000552;0.000000;0.000000;0.000000;0.000000;2.000000;-188.607849;-320.497986;1842.145142;0.000518;0.000000;0.000000;0.000000;0.000000;2.000000;-125.239075;-271.463989;1801.154907;0.000540;0.000000;0.000000;0.000000;0.000000;2.000000;-133.875427;-237.043518;1895.708374;0.000622;0.000000;0.000000;0.000000;0.000000;0.000000;-102.087830;-270.510071;1777.657471;0.000575;0.000000;0.000000;0.000000;0.000000;2.000000;-254.828918;-85.607483;1610.904785;0.000125;0.000000;0.000000;0.000000;0.000000;2.000000;-139.395874;-70.827698;1571.340088;0.000139;0.000000;0.000000;0.000000;0.000000;2.000000;111.313477;-33.360901;1642.052734;0.000127;0.000000;0.000000;0.000000;0.000000;2.000000;49.485596;-243.910950;1648.151367;0.000129;0.000000;0.000000;0.000000;0.000000;2.000000;-42.561462;-267.736542;1666.869995;0.000134;0.000000;0.000000;0.000000;0.000000;2.000000;-99.627747;-332.103821;1716.416260;0.000138;0.000000;0.000000;0.000000;0.000000;2.000000;-53.515381;-269.729065;1668.298340;0.000141;0.000000;0.000000;0.000000;0.000000;2.000000;-59.712769;-201.901123;2031.681519;0.000009;0.000000;0.000000;0.000000;0.000000;2.000000;177.972229;-379.422791;2259.715332;0.000121;0.000000;0.000000;0.000000;0.000000;1.000000;376.908203;-398.321045;2556.266113;0.000199;0.000000;0.000000;0.000000;0.000000;1.000000;499.212097;-509.699860;2613.674316;0.000256;0.000000;0.000000;0.000000;0.000000;1.000000;53.845703;-103.198425;1971.431396;0.000010;0.000000;0.000000;0.000000;0.000000;2.000000;308.832916;-169.848755;2236.469727;0.000062;0.000000;0.000000;0.000000;0.000000;2.000000;500.184265;-152.006531;2542.486328;0.000182;0.000000;0.000000;0.000000;0.000000;2.000000;598.483459;-232.641968;2641.420898;0.000335;0.000000;0.000000;0.000000;0.000000;2.000000;-340.306396;-112.066223;1539.705811;0.000166;0.000000;0.000000;0.000000;0.000000;2.000000;-253.903748;-124.566467;1417.496704;0.000508;0.000000;0.000000;0.000000;0.000000;2.000000;-302.877930;-142.631409;1414.029053;0.000538;0.000000;0.000000;0.000000;0.000000;2.000000;-382.326172;-185.694885;1490.663940;0.000412;0.000000;0.000000;0.000000;0.000000;2.000000;-291.940918;-95.010010;1413.257568;0.000521;0.000000;0.000000;0.000000;0.000000;2.000000;-365.133301;-31.595520;1488.209839;0.000372;0.000000;0.000000;0.000000;0.000000;1.000000;6471466496.000000
0.000000;-150.000000;2000.000000;0.000000;0.000000;0.000000;0.000000;0.000000;2.000000;-98.703369;-119.315125;1870.291504;0.187265;0.000000;0.000000;0.000000;0.000000;2.000000;-180.432861;-89.806824;1770.138428;0.294451;0.000000;0.000000;0.000000;0.000000;2.000000;-301.600525;-93.057800;1608.755371;0.280805;0.000000;0.000000;0.000000;0.000000;2.000000;-305.287048;-102.945801;1653.083618;0.269737;0.000000;0.000000;0.000000;0.000000;2.000000;-369.664612;-166.641296;1750.345947;0.356613;0.000000;0.000000;0.000000;0.000000;2.000000;-323.891174;-264.086548;1983.602417;0.731220;0.000000;0.000000;0.000000;0.000000;2.000000;-157.617737;-270.445770;1846.470093;1.773681;0.000000;0.000000;0.000000;0.000000;2.000000;-106.395264;-281.693146;1773.920288;1.041524;0.000000;0.000000;0.000000;0.000000;2.000000;-108.042542;-234.254395;1862.451294;1.268139;0.000000;0.000000;0.000000;0.000000;2.000000;-85.293213;-271.202637;1741.114502;1.208638;0.000000;0.000000;0.000000;0.000000;2.000000;-258.530701;-80.313232;1618.216675;0.293174;0.000000;0.000000;0.000000;0.000000;2.000000;-141.504028;-69.226379;1584.612671;0.406672;0.000000;0.000000;0.000000;0.000000;2.000000;110.881470;-35.163818;1645.122803;0.107765;0.000000;0.000000;0.000000;0.000000;2.000000;46.185608;-240.552124;1681.276855;1.005363;0.000000;0.000000;0.000000;0.000000;2.000000;-48.792419;-228.149536;1670.513916;1.209126;0.000000;0.000000;0.000000;0.000000;2.000000;-104.361084;-283.582611;1730.419678;1.524124;0.000000;0.000000;0.000000;0.000000;2.000000;-61.606567;-260.873535;1680.360962;0.511166;0.000000;0.000000;0.000000;0.000000;2.000000;-57.309204;-204.366821;2030.748657;0.107196;0.000000;0.000000;0.000000;0.000000;2.000000;192.070740;-394.488708;2231.189941;1.057866;0.000000;0.000000;0.000000;0.000000;1.000000;380.916077;-401.310455;2532.523193;0.729077;0.000000;0.000000;0.000000;0.000000;1.000000;501.611145;-519.938843;2573.657715;1.243250;0.000000;0.000000;0.000000;0.000000;1.000000;51.678223;-100.975037;1972.272461;0.096663;0.000000;0.000000;0.000000;0.000000;2.000000;299.501068;-154.148254;2244.250488;0.596535;0.000000;0.000000;0.000000;0.000000;2.000000;499.818787;-166.191467;2542.435059;0.426374;0.000000;0.000000;0.000000;0.000000;2.000000;612.078186;-273.820770;2581.031738;2.233961;0.000000;0.000000;0.000000;0.000000;2.000000;-342.854553;-105.884583;1546.300903;0.282198;0.000000;0.000000;0.000000;0.000000;2.000000;-251.233643;-107.063416;1428.316528;0.623492;0.000000;0.000000;0.000000;0.000000;2.000000;-301.108459;-119.171753;1419.742310;0.727466;0.000000;0.000000;0.000000;0.000000;2.000000;-388.254089;-165.559082;1484.111938;0.660729;0.000000;0.000000;0.000000;0.000000;2.000000;-285.838928;-73.670227;1427.422485;0.791164;0.000000;0.000000;0.000000;0.000000;2.000000;-356.834167;-16.481689;1508.202881;0.793306;0.000000;0.000000;0.000000;0.000000;1.000000;6471499776.000000
0.000000;-150.000000;2000.000000;0.000000;0.000000;0.000000;0.000000;0.000000;2.000000;-100.037781;-126.980530;1869.338013;0.231975;0.000000;0.000000;0.000000;0.000000;2.000000;-181.705322;-105.848328;1766.722168;0.486817;0.000000;0.000000;0.000000;0.000000;2.000000;-306.315552;-97.504639;1607.693726;0.194353;0.000000;0.000000;0.000000;0.000000;2.000000;-309.473755;-109.314941;1651.677490;0.229362;0.000000;0.000000;0.000000;0.000000;2.000000;-380.067505;-164.325867;1750.253296;0.315396;0.000000;0.000000;0.000000;0.000000;2.000000;-323.179321;-269.551483;1978.145752;0.229506;0.000000;0.000000;0.000000;0.000000;2.000000;-179.043152;-295.950684;1819.424438;1.269740;0.000000;0.000000;0.000000;0.000000;2.000000;-108.974304;-286.203003;1764.299927;0.323553;0.000000;0.000000;0.000000;0.000000;2.000000;-103.078186;-230.988586;1848.233521;0.456013;0.000000;0.000000;0.000000;0.000000;2.000000;-96.907959;-272.843231;1727.185791;0.538884;0.000000;0.000000;0.000000;0.000000;2.000000;-262.565308;-86.667786;1616.816528;0.226571;0.000000;0.000000;0.000000;0.000000;2.000000;-147.337646;-73.929565;1577.281250;0.310232;0.000000;0.000000;0.000000;0.000000;2.000000;101.922119;-31.232605;1646.709961;0.293318;0.000000;0.000000;0.000000;0.000000;2.000000;42.883423;-239.515747;1678.111328;0.138800;0.000000;0.000000;0.000000;0.000000;2.000000;-53.240173;-236.205505;1669.498291;0.273973;0.000000;0.000000;0.000000;0.000000;2.000000;-102.111755;-297.815430;1729.508911;0.427267;0.000000;0.000000;0.000000;0.000000;2.000000;-67.097656;-257.534119;1678.863281;0.195283;0.000000;0.000000;0.000000;0.000000;2.000000;-55.090149;-205.971863;2032.317261;0.093397;0.000000;0.000000;0.000000;0.000000;2.000000;202.994324;-396.850769;2222.011230;0.427974;0.000000;0.000000;0.000000;0.000000;1.000000;393.633423;-400.618347;2523.045410;0.469807;0.000000;0.000000;0.000000;0.000000;1.000000;514.093689;-523.644043;2551.299805;0.765658;0.000000;0.000000;0.000000;0.000000;1.000000;49.677185;-99.527771;1970.858032;0.084219;0.000000;0.000000;0.000000;0.000000;2.000000;292.847870;-153.638794;2247.746094;0.222918;0.000000;0.000000;0.000000;0.000000;2.000000;488.546509;-163.673340;2549.848633;0.406151;0.000000;0.000000;0.000000;0.000000;2.000000;595.929077;-279.169159;2579.859863;0.504618;0.000000;0.000000;0.000000;0.000000;2.000000;-349.302734;-106.039429;1545.503662;0.192327;0.000000;0.000000;0.000000;0.000000;2.000000;-261.781494;-100.026428;1424.249634;0.394058;0.000000;0.000000;0.000000;0.000000;2.000000;-310.658081;-116.842163;1417.469971;0.298559;0.000000;0.000000;0.000000;0.000000;2.000000;-391.061157;-170.491394;1485.279663;0.171462;0.000000;0.000000;0.000000;0.000000;2.000000;-299.428711;-69.948608;1424.265015;0.427308;0.000000;0.000000;0.000000;0.000000;2.000000;-372.857056;-18.596863;1507.105469;0.479377;0.000000;0.000000;0.000000;0.000000;1.000000;6471533568.000000
0.000000;-150.000000;2000.000000;0.000000;0.000000;0.000000;0.000000;0.000000;2.000000;-101.172302;-126.572815;1867.809570;0.058494;0.000000;0.000000;0.000000;0.000000;2.000000;-183.810791;-105.007446;1764.046509;0.105379;0.000000;0.000000;0.000000;0.000000;2.000000;-310.331177;-95.382629;1603.583496;0.184060;0.000000;0.000000;0.000000;0.000000;2.000000;-313.379517;-107.741394;1647.979248;0.168398;0.000000;0.000000;0.000000;0.000000;2.000000;-384.241333;-162.153320;1748.783447;0.148126;0.000000;0.000000;0.000000;0.000000;2.000000;-336.607544;-259.892517;1985.381714;0.542509;0.000000;0.000000;0.000000;0.000000;2.000000;-168.850708;-340.245636;1870.653931;2.057885;0.000000;0.000000;0.000000;0.000000;1.000000;-122.409424;-323.980682;1794.423462;1.506929;0.000000;0.000000;0.000000;0.000000;1.000000;-98.766052;-240.893555;1848.310547;0.324615;0.000000;0.000000;0.000000;0.000000;1.000000;-118.235840;-284.600494;1759.832153;1.223845;0.000000;0.000000;0.000000;0.000000;1.000000;-266.068909;-84.406128;1612.792847;0.174124;0.000000;0.000000;0.000000;0.000000;2.000000;-149.961487;-69.649536;1572.090698;0.216982;0.000000;0.000000;0.000000;0.000000;2.000000;103.722839;-32.347168;1640.231201;0.204811;0.000000;0.000000;0.000000;0.000000;2.000000;47.914795;-245.516846;1660.784668;0.571341;0.000000;0.000000;0.000000;0.000000;2.000000;-49.683167;-245.000000;1656.491821;0.483731;0.000000;0.000000;0.000000;0.000000;2.000000;-87.356873;-313.999298;1718.421631;0.737588;0.000000;0.000000;0.000000;0.000000;2.000000;-62.069763;-264.223389;1662.284912;0.558012;0.000000;0.000000;0.000000;0.000000;2.000000;-55.777954;-206.603394;2032.658447;0.029872;0.000000;0.000000;0.000000;0.000000;2.000000;207.624390;-399.436188;2221.678711;0.159658;0.000000;0.000000;0.000000;0.000000;1.000000;403.746033;-407.434357;2524.062500;0.367714;0.000000;0.000000;0.000000;0.000000;1.000000;528.672302;-529.381958;2550.179443;0.471970;0.000000;0.000000;0.000000;0.000000;1.000000;50.297485;-98.958313;1970.550415;0.026938;0.000000;0.000000;0.000000;0.000000;2.000000;298.601379;-151.121399;2249.139648;0.193296;0.000000;0.000000;0.000000;0.000000;2.000000;504.935303;-167.282166;2548.935059;0.504996;0.000000;0.000000;0.000000;0.000000;2.000000;625.386780;-273.954865;2571.050537;0.937071;0.000000;0.000000;0.000000;0.000000;2.000000;-353.972412;-103.540955;1540.708252;0.214679;0.000000;0.000000;0.000000;0.000000;2.000000;-258.603577;-100.376343;1423.150146;0.101589;0.000000;0.000000;0.000000;0.000000;2.000000;-307.885986;-116.607666;1413.699707;0.140792;0.000000;0.000000;0.000000;0.000000;2.000000;-393.900635;-168.690369;1478.179199;0.236069;0.000000;0.000000;0.000000;0.000000;2.000000;-296.081177;-69.295044;1420.711792;0.147996;0.000000;0.000000;0.000000;0.000000;2.000000;-374.002197;-15.122803;1499.673340;0.248904;0.000000;0.000000;0.000000;0.000000;1.000000;6471566848.000000
0.000000;-150.000000;2000.000000;0.000000;0.000000;0.000000;0.000000;0.000000;2.000000;-100.260254;-125.173584;1865.505127;0.085519;0.000000;0.000000;0.000000;0.000000;2.000000;-182.088196;-102.771423;1759.761108;0.154190;0.000000;0.000000;0.000000;0.000000;2.000000;-310.667358;-95.866089;1598.496704;0.153869;0.000000;0.000000;0.000000;0.000000;2.000000;-313.346436;-108.065002;1643.381470;0.138500;0.000000;0.000000;0.000000;0.000000;2.000000;-378.373047;-164.452148;1748.526855;0.189535;0.000000;0.000000;0.000000;0.000000;2.000000;-360.449097;-215.072510;2005.650635;1.642529;0.000000;0.000000;0.000000;0.000000;1.000000;-236.891479;-370.912354;1910.513062;2.542349;0.000000;0.000000;0.000000;0.000000;1.000000;-169.283142;-351.459839;1851.961060;2.377945;0.000000;0.000000;0.000000;0.000000;1.000000;-113.830688;-265.006775;1852.010864;0.861538;0.000000;0.000000;0.000000;0.000000;1.000000;-165.234497;-307.312439;1813.407959;2.247603;0.000000;0.000000;0.000000;0.000000;1.000000;-266.120178;-84.139160;1607.477783;0.159916;0.000000;0.000000;0.000000;0.000000;2.000000;-147.893616;-70.084106;1569.384888;0.103159;0.000000;0.000000;0.000000;0.000000;2.000000;106.080505;-29.529846;1643.440430;0.146575;0.000000;0.000000;0.000000;0.000000;2.000000;49.497498;-244.826843;1660.399414;0.053156;0.000000;0.000000;0.000000;0.000000;2.000000;-47.063293;-233.404419;1644.339111;0.510826;0.000000;0.000000;0.000000;0.000000;2.000000;-77.879822;-305.078186;1708.411987;0.493369;0.000000;0.000000;0.000000;0.000000;2.000000;-64.980469;-264.147369;1658.226929;0.150076;0.000000;0.000000;0.000000;0.000000;2.000000;-56.071594;-208.353638;2031.027588;0.072423;0.000000;0.000000;0.000000;0.000000;2.000000;209.743958;-387.547882;2236.051514;0.564074;0.000000;0.000000;0.000000;0.000000;1.000000;409.303772;-404.222961;2539.619141;0.505675;0.000000;0.000000;0.000000;0.000000;1.000000;538.013550;-526.864990;2549.726074;0.291016;0.000000;0.000000;0.000000;0.000000;1.000000;50.562195;-97.380005;1972.021118;0.065309;0.000000;0.000000;0.000000;0.000000;2.000000;300.214111;-147.237549;2254.297607;0.199972;0.000000;0.000000;0.000000;0.000000;2.000000;505.257874;-163.309448;2558.848877;0.321065;0.000000;0.000000;0.000000;0.000000;2.000000;633.005615;-265.709442;2564.904785;0.384573;0.000000;0.000000;0.000000;0.000000;2.000000;-354.903931;-105.114075;1535.358154;0.169887;0.000000;0.000000;0.000000;0.000000;2.000000;-263.775208;-83.359070;1414.727783;0.591321;0.000000;0.000000;0.000000;0.000000;2.000000;-313.453857;-99.705872;1404.960938;0.595709;0.000000;0.000000;0.000000;0.000000;2.000000;-396.238647;-162.909302;1465.560913;0.422929;0.000000;0.000000;0.000000;0.000000;2.000000;-302.358765;-53.037537;1417.952393;0.530184;0.000000;0.000000;0.000000;0.000000;2.000000;-378.837402;-11.786743;1507.168091;0.286136;0.000000;0.000000;0.000000;0.000000;1.000000;6471600128.000000
0.000000;-150.000000;2000.000000;0.000000;0.000000;0.000000;0.000000;0.000000;2.000000;-100.217346;-125.439026;1865.430298;0.008387;0.000000;0.000000;0.000000;0.000000;2.000000;-181.883850;-103.450623;1759.479614;0.022929;0.000000;0.000000;0.000000;0.000000;2.000000;-310.174805;-97.995789;1597.937500;0.067798;0.000000;0.000000;0.000000;0.000000;2.000000;-312.881592;-109.981140;1642.876831;0.061156;0.000000;0.000000;0.000000;0.000000;2.000000;-377.401733;-166.811829;1748.090576;0.077788;0.000000;0.000000;0.000000;0.000000;2.000000;-358.452759;-216.183472;2005.376343;0.069142;0.000000;0.000000;0.000000;0.000000;2.000000;-233.166138;-369.536926;1908.489624;0.133922;0.000000;0.000000;0.000000;0.000000;2.000000;-168.126404;-347.020752;1848.157104;0.179066;0.000000;0.000000;0.000000;0.000000;2.000000;-112.526978;-260.669830;1849.031738;0.162881;0.000000;0.000000;0.000000;0.000000;2.000000;-159.341187;-291.268433;1823.102051;0.590440;0.000000;0.000000;0.000000;0.000000;2.000000;-265.705200;-86.003479;1606.945435;0.059578;0.000000;0.000000;0.000000;0.000000;2.000000;-147.503235;-71.555603;1568.934082;0.047709;0.000000;0.000000;0.000000;0.000000;2.000000;106.409302;-30.750000;1643.036133;0.039867;0.000000;0.000000;0.000000;0.000000;2.000000;49.926636;-246.107178;1659.476929;0.049139;0.000000;0.000000;0.000000;0.000000;2.000000;-46.609436;-234.772278;1643.223755;0.054759;0.000000;0.000000;0.000000;0.000000;2.000000;-77.193359;-306.828857;1706.973633;0.071138;0.000000;0.000000;0.000000;0.000000;2.000000;-63.411682;-265.102753;1654.388916;0.127852;0.000000;0.000000;0.000000;0.000000;2.000000;-56.020386;-208.379578;2031.064697;0.002054;0.000000;0.000000;0.000000;0.000000;2.000000;209.995972;-386.794037;2236.488770;0.027259;0.000000;0.000000;0.000000;0.000000;1.000000;409.459320;-402.815582;2540.143066;0.045366;0.000000;0.000000;0.000000;0.000000;1.000000;538.330627;-525.273438;2550.339844;0.052134;0.000000;0.000000;0.000000;0.000000;1.000000;50.516113;-97.356628;1971.987671;0.001850;0.000000;0.000000;0.000000;0.000000;2.000000;299.929657;-147.152527;2254.471680;0.010341;0.000000;0.000000;0.000000;0.000000;2.000000;505.192017;-162.815063;2558.885254;0.015026;0.000000;0.000000;0.000000;0.000000;2.000000;629.869934;-268.874115;2565.765625;0.136342;0.000000;0.000000;0.000000;0.000000;2.000000;-354.239624;-107.780884;1534.762451;0.084499;0.000000;0.000000;0.000000;0.000000;2.000000;-262.338928;-88.638672;1414.280151;0.164957;0.000000;0.000000;0.000000;0.000000;2.000000;-311.642334;-106.149109;1404.637207;0.201348;0.000000;0.000000;0.000000;0.000000;2.000000;-393.938843;-168.626770;1466.632202;0.187954;0.000000;0.000000;0.000000;0.000000;2.000000;-301.448730;-58.882629;1416.111206;0.186160;0.000000;0.000000;0.000000;0.000000;2.000000;-379.448975;-15.896729;1503.159302;0.173491;0.000000;0.000000;0.000000;0.000000;1.000000;6471633408.000000
0.000000;-150.000000;2000.000000;0.000000;0.000000;0.000000;0.000000;0.000000;2.000000;-97.219055;-133.059998;1861.478638;0.273230;0.000000;0.000000;0.000000;0.000000;2.000000;-177.503357;-115.429199;1753.167725;0.427607;0.000000;0.000000;0.000000;0.000000;2.000000;-310.748291;-107.734497;1594.978638;0.306323;0.000000;0.000000;0.000000;0.000000;2.000000;-312.212158;-120.248779;1639.974854;0.321239;0.000000;0.000000;0.000000;0.000000;2.000000;-381.808960;-178.295166;1741.754517;0.415747;0.000000;0.000000;0.000000;0.000000;2.000000;-351.077026;-242.830200;1995.315918;0.884078;0.000000;0.000000;0.000000;0.000000;2.000000;-220.338989;-351.018402;1853.567017;1.783744;0.000000;0.000000;0.000000;0.000000;2.000000;-153.886780;-326.823181;1795.038208;1.760398;0.000000;0.000000;0.000000;0.000000;1.000000;-101.009155;-250.393311;1839.464111;0.545690;0.000000;0.000000;0.000000;0.000000;1.000000;-134.413391;-269.264679;1783.604126;1.551379;0.000000;0.000000;0.000000;0.000000;1.000000;-265.863525;-95.952393;1602.861328;0.323189;0.000000;0.000000;0.000000;0.000000;2.000000;-151.937988;-78.644714;1553.469360;0.528265;0.000000;0.000000;0.000000;0.000000;2.000000;112.951172;-86.968384;1596.106323;2.209241;0.000000;0.000000;0.000000;0.000000;1.000000;75.577026;-307.390350;1608.468506;2.516771;0.000000;0.000000;0.000000;0.000000;1.000000;-23.186279;-303.524017;1607.812500;2.428027;0.000000;0.000000;0.000000;0.000000;1.000000;-79.939026;-369.631165;1659.398315;2.368863;0.000000;0.000000;0.000000;0.000000;1.000000;-35.429077;-267.456696;1649.376587;0.857129;0.000000;0.000000;0.000000;0.000000;1.000000;-57.481934;-205.942810;2033.501343;0.112475;0.000000;0.000000;0.000000;0.000000;2.000000;209.687744;-367.813873;2252.759277;0.751245;0.000000;0.000000;0.000000;0.000000;1.000000;416.951019;-383.003479;2552.501465;0.736867;0.000000;0.000000;0.000000;0.000000;1.000000;540.555664;-510.758820;2569.723145;0.730692;0.000000;0.000000;0.000000;0.000000;1.000000;51.833923;-99.554016;1969.790405;0.101423;0.000000;0.000000;0.000000;0.000000;2.000000;304.012390;-152.057373;2250.845215;0.220557;0.000000;0.000000;0.000000;0.000000;2.000000;509.170837;-165.629578;2556.743652;0.159959;0.000000;0.000000;0.000000;0.000000;2.000000;629.182922;-277.157532;2569.334961;0.271810;0.000000;0.000000;0.000000;0.000000;2.000000;-356.777344;-116.697937;1532.806641;0.284711;0.000000;0.000000;0.000000;0.000000;2.000000;-259.941589;-96.113281;1415.905518;0.240870;0.000000;0.000000;0.000000;0.000000;2.000000;-309.195190;-112.858459;1404.034058;0.215358;0.000000;0.000000;0.000000;0.000000;2.000000;-394.717407;-175.786011;1461.756714;0.261317;0.000000;0.000000;0.000000;0.000000;2.000000;-298.861572;-65.832581;1416.923462;0.224165;0.000000;0.000000;0.000000;0.000000;2.000000;-379.794922;-23.593628;1502.170166;0.233411;0.000000;0.000000;0.000000;0.000000;1.000000;6471666688.000000
0.000000;-150.000000;2000.000000;0.000000;0.000000;0.000000;0.000000;0.000000;2.000000;-97.067017;-129.247864;1860.823242;0.116318;0.000000;0.000000;0.000000;0.000000;2.000000;-176.591675;-109.390320;1751.468384;0.190484;0.000000;0.000000;0.000000;0.000000;2.000000;-311.314148;-102.440796;1593.109985;0.169540;0.000000;0.000000;0.000000;0.000000;2.000000;-312.466858;-115.138123;1638.312012;0.161671;0.000000;0.000000;0.000000;0.000000;2.000000;-369.103577;-181.646729;1743.816772;0.399665;0.000000;0.000000;0.000000;0.000000;2.000000;-399.736023;-231.241760;2002.109497;1.516801;0.000000;0.000000;0.000000;0.000000;2.000000;-230.878479;-305.994324;1878.458130;1.577972;0.000000;0.000000;0.000000;0.000000;2.000000;-151.814331;-271.276825;1845.950073;2.264938;0.000000;0.000000;0.000000;0.000000;2.000000;-60.742798;-255.260132;1799.374023;1.713605;0.000000;0.000000;0.000000;0.000000;2.000000;-138.570923;-271.739471;1801.069946;0.544579;0.000000;0.000000;0.000000;0.000000;2.000000;-266.268066;-90.226929;1600.853027;0.182721;0.000000;0.000000;0.000000;0.000000;2.000000;-147.274658;-73.942627;1562.715332;0.341736;0.000000;0.000000;0.000000;0.000000;2.000000;108.628418;-32.389221;1637.402100;2.060630;0.000000;0.000000;0.000000;0.000000;2.000000;49.588745;-249.372864;1628.389526;2.001812;0.000000;0.000000;0.000000;0.000000;2.000000;-48.461243;-263.416565;1636.042725;1.657929;0.000000;0.000000;0.000000;0.000000;2.000000;-55.779297;-345.830658;1695.300171;1.483992;0.000000;0.000000;0.000000;0.000000;2.000000;-59.729309;-257.960144;1634.937988;0.895997;0.000000;0.000000;0.000000;0.000000;2.000000;-59.516846;-204.566101;2033.372925;0.073925;0.000000;0.000000;0.000000;0.000000;2.000000;247.626404;-223.885498;2262.364258;4.481797;0.000000;0.000000;0.000000;0.000000;2.000000;488.271729;-188.734741;2536.682617;6.236495;0.000000;0.000000;0.000000;0.000000;1.000000;616.743103;-313.213684;2521.756104;6.523232;0.000000;0.000000;0.000000;0.000000;1.000000;53.668884;-100.795349;1969.906128;0.066659;0.000000;0.000000;0.000000;0.000000;2.000000;305.905212;-153.329468;2253.539063;0.106057;0.000000;0.000000;0.000000;0.000000;2.000000;515.866699;-167.177368;2558.437744;0.212685;0.000000;0.000000;0.000000;0.000000;2.000000;632.402710;-284.175140;2555.743652;0.469691;0.000000;0.000000;0.000000;0.000000;2.000000;-357.787659;-111.702637;1530.813110;0.164437;0.000000;0.000000;0.000000;0.000000;2.000000;-254.027283;-92.675232;1418.657837;0.221572;0.000000;0.000000;0.000000;0.000000;2.000000;-304.573425;-102.661743;1403.766602;0.336492;0.000000;0.000000;0.000000;0.000000;2.000000;-399.366760;-160.201721;1453.352661;0.550064;0.000000;0.000000;0.000000;0.000000;2.000000;-289.507019;-58.137512;1421.098389;0.384981;0.000000;0.000000;0.000000;0.000000;2.000000;-369.036072;-13.859009;1507.560181;0.465084;0.000000;0.000000;0.000000;0.000000;1.000000;6471699968.000000
0.000000;-150.000000;2000.000000;0.000000;0.000000;0.000000;0.000000;0.000000;2.000000;-96.846130;-128.484863;1861.768433;0.037099;0.000000;0.000000;0.000000;0.000000;2.000000;-175.936401;-108.433167;1752.932373;0.056125;0.000000;0.000000;0.000000;0.000000;2.000000;-309.143494;-102.702148;1594.518555;0.078149;0.000000;0.000000;0.000000;0.000000;2.000000;-310.665466;-114.540100;1639.715088;0.070924;0.000000;0.000000;0.000000;0.000000;2.000000;-371.454041;-177.870422;1744.028442;0.133807;0.000000;0.000000;0.000000;0.000000;2.000000;-402.390686;-220.359924;2002.284790;0.336609;0.000000;0.000000;0.000000;0.000000;2.000000;-243.195557;-316.204315;1882.283936;0.494280;0.000000;0.000000;0.000000;0.000000;2.000000;-163.773193;-274.462433;1862.701538;0.625819;0.000000;0.000000;0.000000;0.000000;0.000000;-71.191223;-250.207825;1824.490112;0.831367;0.000000;0.000000;0.000000;0.000000;1.000000;-143.757263;-265.319458;1826.209229;0.795053;0.000000;0.000000;0.000000;0.000000;2.000000;-264.208008;-90.935974;1602.247803;0.077731;0.000000;0.000000;0.000000;0.000000;2.000000;-145.236938;-75.394653;1565.707153;0.117194;0.000000;0.000000;0.000000;0.000000;2.000000;110.107910;-33.381531;1637.440186;0.053541;0.000000;0.000000;0.000000;0.000000;2.000000;46.665039;-248.082458;1630.053955;0.108271;0.000000;0.000000;0.000000;0.000000;2.000000;-51.360291;-258.896729;1637.234497;0.165275;0.000000;0.000000;0.000000;0.000000;2.000000;-38.017578;-339.318542;1697.357056;0.571796;0.000000;0.000000;0.000000;0.000000;2.000000;-61.344971;-257.949219;1633.787231;0.059604;0.000000;0.000000;0.000000;0.000000;2.000000;-59.385376;-204.176758;2033.173462;0.013726;0.000000;0.000000;0.000000;0.000000;2.000000;224.426392;-309.237000;2265.954590;2.659893;0.000000;0.000000;0.000000;0.000000;1.000000;425.509613;-282.752930;2569.279541;3.535098;0.000000;0.000000;0.000000;0.000000;1.000000;560.395630;-399.214203;2582.104248;3.582283;0.000000;0.000000;0.000000;0.000000;1.000000;53.550415;-101.146484;1970.085938;0.012377;0.000000;0.000000;0.000000;0.000000;2.000000;308.387390;-151.405579;2249.356934;0.157151;0.000000;0.000000;0.000000;0.000000;2.000000;516.594360;-163.477905;2553.432373;0.188297;0.000000;0.000000;0.000000;0.000000;2.000000;637.654175;-274.621338;2557.097412;0.330099;0.000000;0.000000;0.000000;0.000000;2.000000;-355.191956;-112.460266;1532.441284;0.094843;0.000000;0.000000;0.000000;0.000000;2.000000;-252.662903;-109.756042;1418.571777;0.514887;0.000000;0.000000;0.000000;0.000000;2.000000;-304.181091;-112.529907;1404.870239;0.298601;0.000000;0.000000;0.000000;0.000000;2.000000;-404.695251;-155.123352;1456.835205;0.244686;0.000000;0.000000;0.000000;0.000000;2.000000;-282.625793;-70.641663;1421.213867;0.428876;0.000000;0.000000;0.000000;0.000000;2.000000;-352.804016;-14.732361;1508.180542;0.488803;0.000000;0.000000;0.000000;0.000000;2.000000;6471733248.000000
0.000000;-150.000000;2000.000000;0.000000;0.000000;0.000000;0.000000;0.000000;2.000000;-95.373108;-134.397888;1865.140015;0.209263;0.000000;0.000000;0.000000;0.000000;2.000000;-172.742615;-120.240051;1758.339233;0.401833;0.000000;0.000000;0.000000;0.000000;2.000000;-306.386414;-99.553406;1608.421265;0.436268;0.000000;0.000000;0.000000;0.000000;2.000000;-307.098816;-114.155579;1651.595703;0.372908;0.000000;0.000000;0.000000;0.000000;2.000000;-374.006042;-175.508972;1748.716919;0.175392;0.000000;0.000000;0.000000;0.000000;2.000000;-402.206970;-247.509644;1993.796997;0.854752;0.000000;0.000000;0.000000;0.000000;2.000000;-279.003418;-379.186676;1875.451050;2.186639;0.000000;0.000000;0.000000;0.000000;1.000000;-201.068298;-345.211365;1847.328491;2.447151;0.000000;0.000000;0.000000;0.000000;1.000000;-111.042603;-300.926483;1841.682495;2.005829;0.000000;0.000000;0.000000;0.000000;1.000000;-184.481323;-289.486938;1845.541992;1.536944;0.000000;0.000000;0.000000;0.000000;1.000000;-262.026367;-90.037415;1615.491455;0.404212;0.000000;0.000000;0.000000;0.000000;2.000000;-147.438232;-72.895447;1576.336182;0.334693;0.000000;0.000000;0.000000;0.000000;2.000000;103.160217;-36.857910;1643.178589;0.290217;0.000000;0.000000;0.000000;0.000000;2.000000;35.037964;-243.781921;1627.341187;0.381318;0.000000;0.000000;0.000000;0.000000;2.000000;-58.905701;-260.584045;1641.089478;0.259601;0.000000;0.000000;0.000000;0.000000;2.000000;39.677734;-263.406250;1646.501221;3.603960;0.000000;0.000000;0.000000;0.000000;2.000000;-70.528809;-255.396851;1642.539551;0.388842;0.000000;0.000000;0.000000;0.000000;2.000000;-54.855835;-206.009094;2032.314453;0.149070;0.000000;0.000000;0.000000;0.000000;2.000000;242.809509;-221.963806;2255.354980;2.698796;0.000000;0.000000;0.000000;0.000000;2.000000;455.844269;-180.367859;2537.279785;3.349637;0.000000;0.000000;0.000000;0.000000;1.000000;593.215820;-286.589966;2523.197266;3.944366;0.000000;0.000000;0.000000;0.000000;1.000000;49.466003;-99.494141;1970.860718;0.134423;0.000000;0.000000;0.000000;0.000000;2.000000;291.128021;-153.482178;2248.336914;0.523250;0.000000;0.000000;0.000000;0.000000;2.000000;491.333801;-172.770142;2546.361328;0.836201;0.000000;0.000000;0.000000;0.000000;2.000000;603.358643;-287.399261;2544.418945;1.163836;0.000000;0.000000;0.000000;0.000000;2.000000;-353.157410;-103.306030;1548.677979;0.563407;0.000000;0.000000;0.000000;0.000000;2.000000;-260.207703;-105.012878;1431.680420;0.476296;0.000000;0.000000;0.000000;0.000000;2.000000;-310.619568;-113.710815;1422.065918;0.552868;0.000000;0.000000;0.000000;0.000000;2.000000;-401.254089;-157.449280;1483.476685;0.810196;0.000000;0.000000;0.000000;0.000000;2.000000;-292.744324;-69.568420;1431.866211;0.442645;0.000000;0.000000;0.000000;0.000000;2.000000;-361.254211;-11.653687;1514.319458;0.327193;0.000000;0.000000;0.000000;0.000000;1.000000;6471766528.000000
0.000000;-150.000000;2000.000000;0.000000;0.000000;0.000000;0.000000;0.000000;2.000000;-94.683777;-134.933594;1862.971680;0.070237;0.000000;0.000000;0.000000;0.000000;2.000000;-171.719849;-120.889709;1754.603394;0.118011;0.000000;0.000000;0.000000;0.000000;2.000000;-306.391724;-99.948486;1603.462036;0.149487;0.000000;0.000000;0.000000;0.000000;2.000000;-307.128906;-114.659546;1646.984131;0.139397;0.000000;0.000000;0.000000;0.000000;2.000000;-378.004150;-175.152039;1743.288696;0.202859;0.000000;0.000000;0.000000;0.000000;2.000000;-422.389893;-251.872620;1986.698486;0.656105;0.000000;0.000000;0.000000;0.000000;2.000000;-301.183594;-407.253418;1894.846558;1.222734;0.000000;0.000000;0.000000;0.000000;1.000000;-227.650879;-379.108398;1850.702759;1.298351;0.000000;0.000000;0.000000;0.000000;1.000000;-143.099182;-324.146057;1841.215820;1.189460;0.000000;0.000000;0.000000;0.000000;1.000000;-214.046631;-311.015686;1850.924316;1.110789;0.000000;0.000000;0.000000;0.000000;0.000000;-261.669678;-90.393250;1610.593994;0.147936;0.000000;0.000000;0.000000;0.000000;2.000000;-150.471497;-74.211487;1559.891235;0.504028;0.000000;0.000000;0.000000;0.000000;2.000000;113.299438;-83.821533;1559.799683;2.891560;0.000000;0.000000;0.000000;0.000000;1.000000;72.556091;-299.071594;1581.769531;2.430244;0.000000;0.000000;0.000000;0.000000;1.000000;-23.296143;-292.025909;1596.218140;1.963514;0.000000;0.000000;0.000000;0.000000;1.000000;72.832031;-316.914734;1603.466797;2.291218;0.000000;0.000000;0.000000;0.000000;1.000000;-33.822449;-268.573822;1633.411499;1.203541;0.000000;0.000000;0.000000;0.000000;1.000000;-55.619507;-206.329773;2032.238525;0.024992;0.000000;0.000000;0.000000;0.000000;2.000000;233.067657;-222.084778;2271.495850;0.566505;0.000000;0.000000;0.000000;0.000000;2.000000;450.308044;-188.276123;2554.855225;0.602527;0.000000;0.000000;0.000000;0.000000;1.000000;600.289307;-279.343140;2547.621826;0.794492;0.000000;0.000000;0.000000;0.000000;1.000000;50.154663;-99.205078;1970.929077;0.022536;0.000000;0.000000;0.000000;0.000000;2.000000;294.522003;-145.698730;2251.379883;0.271034;0.000000;0.000000;0.000000;0.000000;2.000000;501.494141;-166.814941;2548.138916;0.357883;0.000000;0.000000;0.000000;0.000000;2.000000;630.000427;-264.752136;2548.681885;1.058464;0.000000;0.000000;0.000000;0.000000;2.000000;-353.530884;-103.701233;1543.234375;0.164384;0.000000;0.000000;0.000000;0.000000;2.000000;-267.867493;-107.820740;1419.401733;0.442965;0.000000;0.000000;0.000000;0.000000;2.000000;-315.375000;-129.884155;1416.367432;0.534707;0.000000;0.000000;0.000000;0.000000;1.000000;-390.151367;-180.262939;1493.779907;0.822840;0.000000;0.000000;0.000000;0.000000;1.000000;-308.379272;-81.376404;1415.986816;0.757805;0.000000;0.000000;0.000000;0.000000;2.000000;-385.701050;-24.798157;1492.830566;1.054768;0.000000;0.000000;0.000000;0.000000;2.000000;6471799808.000000
0.000000;-150.000000;2000.000000;0.000000;0.000000;0.000000;0.000000;0.000000;2.000000;-88.273804;-137.979553;1859.141479;0.238651;0.000000;0.000000;0.000000;0.000000;2.000000;-166.896179;-116.364746;1753.762207;0.197299;0.000000;0.000000;0.000000;0.000000;2.000000;-306.986267;-97.911377;1608.262329;0.155316;0.000000;0.000000;0.000000;0.000000;2.000000;-306.113342;-111.258484;1652.054932;0.183169;0.000000;0.000000;0.000000;0.000000;2.000000;-381.763733;-166.066711;1747.489380;0.316413;0.000000;0.000000;0.000000;0.000000;2.000000;-459.888733;-227.595398;1985.726685;1.322269;0.000000;0.000000;0.000000;0.000000;2.000000;-342.973816;-397.451813;1919.183594;1.460214;0.000000;0.000000;0.000000;0.000000;1.000000;-264.273132;-386.140778;1877.105835;1.352157;0.000000;0.000000;0.000000;0.000000;0.000000;-176.413940;-342.075867;1854.109009;1.182819;0.000000;0.000000;0.000000;0.000000;1.000000;-243.270569;-324.666687;1862.944824;1.018646;0.000000;0.000000;0.000000;0.000000;0.000000;-262.026917;-88.875793;1613.223633;0.090465;0.000000;0.000000;0.000000;0.000000;2.000000;-154.450562;-73.609558;1555.880859;0.168129;0.000000;0.000000;0.000000;0.000000;2.000000;103.678772;-105.145752;1516.299927;1.461629;0.000000;0.000000;0.000000;0.000000;1.000000;82.286621;-319.844299;1556.191772;1.016723;0.000000;0.000000;0.000000;0.000000;1.000000;-12.061829;-319.047394;1578.085083;1.018774;0.000000;0.000000;0.000000;0.000000;1.000000;84.445801;-341.201843;1584.443115;0.975505;0.000000;0.000000;0.000000;0.000000;1.000000;-13.470337;-279.379242;1626.220947;0.714327;0.000000;0.000000;0.000000;0.000000;1.000000;-56.325134;-206.150330;2030.506348;0.055604;0.000000;0.000000;0.000000;0.000000;2.000000;222.928680;-223.329224;2278.687012;0.369685;0.000000;0.000000;0.000000;0.000000;2.000000;442.074280;-195.542175;2559.674316;0.354884;0.000000;0.000000;0.000000;0.000000;1.000000;593.092163;-283.937531;2562.717285;0.513228;0.000000;0.000000;0.000000;0.000000;1.000000;50.790833;-99.366699;1972.491089;0.050140;0.000000;0.000000;0.000000;0.000000;2.000000;297.194702;-147.165283;2249.205566;0.110812;0.000000;0.000000;0.000000;0.000000;2.000000;495.253265;-160.780945;2550.934570;0.269885;0.000000;0.000000;0.000000;0.000000;2.000000;629.163330;-249.302124;2563.574707;0.635522;0.000000;0.000000;0.000000;0.000000;2.000000;-356.485657;-102.708496;1550.380249;0.230709;0.000000;0.000000;0.000000;0.000000;2.000000;-268.062500;-104.482666;1429.083008;0.303103;0.000000;0.000000;0.000000;0.000000;2.000000;-311.357971;-133.757263;1427.450806;0.367212;0.000000;0.000000;0.000000;0.000000;1.000000;-379.409607;-187.857666;1507.874268;0.570548;0.000000;0.000000;0.000000;0.000000;1.000000;-311.896912;-85.149292;1422.690430;0.250312;0.000000;0.000000;0.000000;0.000000;2.000000;-398.833557;-34.836853;1492.636597;0.489200;0.000000;0.000000;0.000000;0.000000;2.000000;6471833600.000000
0.000000;-150.000000;2000.000000;0.000000;0.000000;0.000000;0.000000;0.000000;2.000000;-88.385803;-137.436829;1859.830078;0.026559;0.000000;0.000000;0.000000;0.000000;2.000000;-167.490173;-114.775879;1755.523193;0.073470;0.000000;0.000000;0.000000;0.000000;2.000000;-306.289001;-95.626831;1609.692139;0.083649;0.000000;0.000000;0.000000;0.000000;2.000000;-305.510071;-110.019409;1653.014771;0.050464;0.000000;0.000000;0.000000;0.000000;2.000000;-381.080872;-167.957275;1746.095093;0.073508;0.000000;0.000000;0.000000;0.000000;2.000000;-461.005920;-233.187012;1981.931030;0.205827;0.000000;0.000000;0.000000;0.000000;2.000000;-343.911682;-400.515198;1911.451172;0.251498;0.000000;0.000000;0.000000;0.000000;1.000000;-264.686340;-387.958130;1871.311157;0.182903;0.000000;0.000000;0.000000;0.000000;0.000000;-176.675293;-343.355194;1851.421143;0.089791;0.000000;0.000000;0.000000;0.000000;1.000000;-243.376953;-326.072815;1860.050659;0.096738;0.000000;0.000000;0.000000;0.000000;0.000000;-261.704346;-85.808655;1615.271729;0.111243;0.000000;0.000000;0.000000;0.000000;2.000000;-151.457031;-63.322021;1566.829346;0.460299;0.000000;0.000000;0.000000;0.000000;2.000000;107.385376;-70.788635;1608.509888;2.958908;0.000000;0.000000;0.000000;0.000000;2.000000;11.078064;-267.206909;1611.856323;3.142847;0.000000;0.000000;0.000000;0.000000;2.000000;-84.364990;-280.862213;1606.236572;2.598483;0.000000;0.000000;0.000000;0.000000;1.000000;12.754456;-293.587891;1620.165283;2.799928;0.000000;0.000000;0.000000;0.000000;1.000000;-98.002808;-259.542847;1639.114990;2.637646;0.000000;0.000000;0.000000;0.000000;1.000000;-56.059814;-206.145386;2030.316895;0.009797;0.000000;0.000000;0.000000;0.000000;2.000000;213.618225;-221.322449;2287.430176;0.388486;0.000000;0.000000;0.000000;0.000000;2.000000;424.317657;-194.747131;2573.634277;0.679120;0.000000;0.000000;0.000000;0.000000;1.000000;573.502625;-285.278809;2574.278320;0.684679;0.000000;0.000000;0.000000;0.000000;1.000000;50.551575;-99.371216;1972.661865;0.008834;0.000000;0.000000;0.000000;0.000000;2.000000;297.421478;-148.603943;2247.245117;0.073385;0.000000;0.000000;0.000000;0.000000;2.000000;496.778625;-163.967102;2546.778809;0.163889;0.000000;0.000000;0.000000;0.000000;2.000000;622.880615;-262.123352;2562.322266;0.430669;0.000000;0.000000;0.000000;0.000000;2.000000;-355.037903;-99.975342;1551.429443;0.098138;0.000000;0.000000;0.000000;0.000000;2.000000;-272.795593;-103.232910;1426.408203;0.167620;0.000000;0.000000;0.000000;0.000000;2.000000;-313.627014;-135.562927;1428.847778;0.096718;0.000000;0.000000;0.000000;0.000000;1.000000;-373.285095;-188.941345;1515.660645;0.299445;0.000000;0.000000;0.000000;0.000000;1.000000;-318.105652;-87.685547;1421.126831;0.206930;0.000000;0.000000;0.000000;0.000000;2.000000;-405.000183;-39.537231;1492.023560;0.233713;0.000000;0.000000;0.000000;0.000000;2.000000;6471866880.000000
0.000000;-150.000000;2000.000000;0.000000;0.000000;0.000000;0.000000;0.000000;2.000000;-87.986206;-137.493896;1859.672729;0.013018;0.000000;0.000000;0.000000;0.000000;2.000000;-166.520752;-115.306763;1754.919434;0.037843;0.000000;0.000000;0.000000;0.000000;2.000000;-304.180420;-94.785706;1608.338257;0.079424;0.000000;0.000000;0.000000;0.000000;2.000000;-303.711426;-109.610168;1651.495239;0.071812;0.000000;0.000000;0.000000;0.000000;2.000000;-377.078491;-169.278137;1745.148071;0.129801;0.000000;0.000000;0.000000;0.000000;2.000000;-435.762451;-236.748718;1986.392212;0.777671;0.000000;0.000000;0.000000;0.000000;2.000000;-327.557129;-408.733398;1913.295776;0.552764;0.000000;0.000000;0.000000;0.000000;1.000000;-254.289734;-395.592499;1863.329102;0.455787;0.000000;0.000000;0.000000;0.000000;0.000000;-171.140564;-341.785309;1845.671753;0.244395;0.000000;0.000000;0.000000;0.000000;1.000000;-236.356567;-324.542053;1857.285400;0.231342;0.000000;0.000000;0.000000;0.000000;0.000000;-259.668579;-84.997498;1614.344971;0.071494;0.000000;0.000000;0.000000;0.000000;2.000000;-151.765564;-66.585083;1559.485352;0.241653;0.000000;0.000000;0.000000;0.000000;2.000000;108.592712;-91.996765;1542.426514;2.085747;0.000000;0.000000;0.000000;0.000000;1.000000;46.631287;-300.630981;1563.659058;2.060907;0.000000;0.000000;0.000000;0.000000;1.000000;-46.403320;-285.460052;1584.454224;1.322354;0.000000;0.000000;0.000000;0.000000;1.000000;46.447998;-319.472565;1584.214233;1.672399;0.000000;0.000000;0.000000;0.000000;1.000000;-53.979431;-268.442505;1625.417480;1.410943;0.000000;0.000000;0.000000;0.000000;1.000000;-56.103455;-206.112915;2030.176392;0.004527;0.000000;0.000000;0.000000;0.000000;2.000000;212.281006;-272.433197;2280.166992;1.551730;0.000000;0.000000;0.000000;0.000000;1.000000;413.595917;-263.842041;2573.908203;2.101032;0.000000;0.000000;0.000000;0.000000;1.000000;554.909302;-365.682098;2582.910156;2.493250;0.000000;0.000000;0.000000;0.000000;1.000000;50.590942;-99.400574;1972.788574;0.004083;0.000000;0.000000;0.000000;0.000000;2.000000;297.052063;-146.956482;2247.780273;0.053220;0.000000;0.000000;0.000000;0.000000;2.000000;496.580536;-161.991211;2546.998047;0.060032;0.000000;0.000000;0.000000;0.000000;2.000000;620.440430;-262.893738;2562.145508;0.077073;0.000000;0.000000;0.000000;0.000000;2.000000;-352.468262;-98.574646;1549.703735;0.102089;0.000000;0.000000;0.000000;0.000000;2.000000;-274.597900;-97.221680;1421.967529;0.231005;0.000000;0.000000;0.000000;0.000000;2.000000;-315.220093;-129.750183;1424.683228;0.220130;0.000000;0.000000;0.000000;0.000000;1.000000;-371.700684;-186.278137;1511.546997;0.154755;0.000000;0.000000;0.000000;0.000000;1.000000;-320.078369;-81.676208;1418.782104;0.202689;0.000000;0.000000;0.000000;0.000000;2.000000;-404.565186;-36.341675;1494.194580;0.116818;0.000000;0.000000;0.000000;0.000000;1.000000;6471900160.000000
0.000000;-150.000000;2000.000000;0.000000;0.000000;0.000000;0.000000;0.000000;2.000000;-84.056702;-140.047729;1858.950317;0.142483;0.000000;0.000000;0.000000;0.000000;2.000000;-160.040161;-117.425537;1754.025879;0.206624;0.000000;0.000000;0.000000;0.000000;2.000000;-292.884033;-90.298889;1606.754028;0.368318;0.000000;0.000000;0.000000;0.000000;2.000000;-293.838379;-104.919312;1649.507080;0.333837;0.000000;0.000000;0.000000;0.000000;2.000000;-375.114380;-160.215332;1737.313965;0.364766;0.000000;0.000000;0.000000;0.000000;2.000000;-456.616333;-224.129700;1970.113159;0.880738;0.000000;0.000000;0.000000;0.000000;2.000000;-351.459229;-396.978302;1900.833496;0.883639;0.000000;0.000000;0.000000;0.000000;1.000000;-273.240784;-386.206055;1860.227783;0.642260;0.000000;0.000000;0.000000;0.000000;0.000000;-183.848572;-344.478363;1846.293213;0.390778;0.000000;0.000000;0.000000;0.000000;1.000000;-249.620361;-322.291199;1854.649292;0.411937;0.000000;0.000000;0.000000;0.000000;0.000000;-248.456238;-82.889465;1613.376587;0.344045;0.000000;0.000000;0.000000;0.000000;2.000000;-141.478210;-69.463928;1557.887085;0.324564;0.000000;0.000000;0.000000;0.000000;2.000000;111.717346;-107.936768;1515.287842;0.950372;0.000000;0.000000;0.000000;0.000000;1.000000;67.785645;-319.108276;1534.682251;1.212608;0.000000;0.000000;0.000000;0.000000;1.000000;-26.332397;-310.743561;1549.201904;1.436293;0.000000;0.000000;0.000000;0.000000;1.000000;65.847717;-341.894775;1560.284302;1.144885;0.000000;0.000000;0.000000;0.000000;1.000000;-27.155029;-278.005798;1606.539429;1.026654;0.000000;0.000000;0.000000;0.000000;1.000000;-58.487366;-201.708740;2031.206299;0.153629;0.000000;0.000000;0.000000;0.000000;2.000000;182.993164;-218.549500;2309.878418;2.047683;0.000000;0.000000;0.000000;0.000000;2.000000;401.237305;-218.728638;2587.037354;1.459832;0.000000;0.000000;0.000000;0.000000;1.000000;537.220520;-325.182037;2590.730713;1.348589;0.000000;0.000000;0.000000;0.000000;1.000000;52.740601;-103.371948;1971.859985;0.138531;0.000000;0.000000;0.000000;0.000000;2.000000;291.593109;-143.664368;2249.866211;0.201545;0.000000;0.000000;0.000000;0.000000;2.000000;493.233521;-155.206848;2543.613770;0.249025;0.000000;0.000000;0.000000;0.000000;2.000000;609.138306;-261.266022;2567.588135;0.380093;0.000000;0.000000;0.000000;0.000000;2.000000;-339.935547;-91.661011;1547.955811;0.433279;0.000000;0.000000;0.000000;0.000000;2.000000;-274.934448;-94.522522;1414.843872;0.229126;0.000000;0.000000;0.000000;0.000000;2.000000;-317.970947;-122.415527;1420.615479;0.265226;0.000000;0.000000;0.000000;0.000000;1.000000;-371.528442;-174.846375;1510.313232;0.345536;0.000000;0.000000;0.000000;0.000000;1.000000;-318.167603;-74.406799;1416.241577;0.238404;0.000000;0.000000;0.000000;0.000000;2.000000;-389.414551;-23.308960;1499.351563;0.620176;0.000000;0.000000;0.000000;0.000000;2.000000;6471933440.000000
0.000000;-150.000000;2000.000000;0.000000;0.000000;0.000000;0.000000;0.000000;2.000000;-75.509705;-140.252258;1857.945557;0.258662;0.000000;0.000000;0.000000;0.000000;2.000000;-144.865662;-118.025757;1751.655029;0.461848;0.000000;0.000000;0.000000;0.000000;2.000000;-273.110962;-90.563599;1605.823242;0.594854;0.000000;0.000000;0.000000;0.000000;2.000000;-274.555542;-105.377502;1647.526733;0.582622;0.000000;0.000000;0.000000;0.000000;2.000000;-356.592285;-155.122131;1733.975342;0.585864;0.000000;0.000000;0.000000;0.000000;2.000000;-439.946655;-234.514465;1955.498657;0.735598;0.000000;0.000000;0.000000;0.000000;2.000000;-346.488770;-409.224304;1887.342163;0.567492;0.000000;0.000000;0.000000;0.000000;1.000000;-269.560791;-398.480225;1848.175171;0.528593;0.000000;0.000000;0.000000;0.000000;0.000000;-183.061890;-353.477051;1852.818970;0.334845;0.000000;0.000000;0.000000;0.000000;1.000000;-248.791382;-324.256714;1856.666748;0.088224;0.000000;0.000000;0.000000;0.000000;0.000000;-229.724426;-83.117737;1613.019043;0.562999;0.000000;0.000000;0.000000;0.000000;2.000000;-125.699341;-67.183655;1557.884399;0.479050;0.000000;0.000000;0.000000;0.000000;2.000000;117.815369;-120.387146;1507.148682;0.483058;0.000000;0.000000;0.000000;0.000000;1.000000;85.446777;-329.787811;1518.346802;0.790907;0.000000;0.000000;0.000000;0.000000;1.000000;-7.205444;-326.899017;1531.774658;0.916613;0.000000;0.000000;0.000000;0.000000;1.000000;79.495544;-363.227875;1550.998901;0.810509;0.000000;0.000000;0.000000;0.000000;1.000000;-4.600708;-293.164398;1597.564331;0.859938;0.000000;0.000000;0.000000;0.000000;1.000000;-58.770813;-200.599854;2027.767700;0.108897;0.000000;0.000000;0.000000;0.000000;2.000000;163.460449;-219.716553;2312.455566;0.593045;0.000000;0.000000;0.000000;0.000000;2.000000;359.197632;-218.002930;2597.322266;1.300648;0.000000;0.000000;0.000000;0.000000;1.000000;496.020477;-316.756500;2610.361328;1.394501;0.000000;0.000000;0.000000;0.000000;1.000000;52.996216;-104.371887;1974.960693;0.098196;0.000000;0.000000;0.000000;0.000000;2.000000;285.353058;-146.962646;2248.299805;0.217243;0.000000;0.000000;0.000000;0.000000;2.000000;484.052063;-164.676514;2534.999512;0.473368;0.000000;0.000000;0.000000;0.000000;2.000000;595.616882;-270.442047;2559.756836;0.544490;0.000000;0.000000;0.000000;0.000000;2.000000;-318.374512;-91.508911;1547.546753;0.648000;0.000000;0.000000;0.000000;0.000000;2.000000;-278.840149;-59.888184;1411.493774;1.052118;0.000000;0.000000;0.000000;0.000000;2.000000;-325.604492;-77.869080;1418.321777;1.359794;0.000000;0.000000;0.000000;0.000000;2.000000;-376.284790;-145.475708;1495.632324;0.996939;0.000000;0.000000;0.000000;0.000000;1.000000;-313.209839;-33.599609;1429.163574;1.294784;0.000000;0.000000;0.000000;0.000000;2.000000;-352.758301;-3.198792;1536.503052;1.680634;0.000000;0.000000;0.000000;0.000000;2.000000;6471966720.000000
0.000000;-150.000000;2000.000000;0.000000;0.000000;0.000000;0.000000;0.000000;2.000000;-79.025391;-136.085999;1859.973267;0.174769;0.000000;0.000000;0.000000;0.000000;2.000000;-151.103088;-110.814270;1755.988647;0.314704;0.000000;0.000000;0.000000;0.000000;2.000000;-276.421814;-94.005554;1605.708496;0.143547;0.000000;0.000000;0.000000;0.000000;2.000000;-278.571228;-106.702209;1648.136963;0.128376;0.000000;0.000000;0.000000;0.000000;2.000000;-360.067200;-153.149475;1737.152832;0.153401;0.000000;0.000000;0.000000;0.000000;2.000000;-442.584900;-231.575012;1959.709961;0.173489;0.000000;0.000000;0.000000;0.000000;2.000000;-348.903381;-409.926758;1901.094116;0.420072;0.000000;0.000000;0.000000;0.000000;1.000000;-274.693481;-401.661285;1856.234985;0.302613;0.000000;0.000000;0.000000;0.000000;0.000000;-189.221619;-354.418243;1852.086914;0.188524;0.000000;0.000000;0.000000;0.000000;1.000000;-253.673035;-327.233765;1858.643799;0.181790;0.000000;0.000000;0.000000;0.000000;0.000000;-233.355347;-85.131226;1613.549683;0.125769;0.000000;0.000000;0.000000;0.000000;2.000000;-127.823242;-70.400635;1560.644897;0.142468;0.000000;0.000000;0.000000;0.000000;2.000000;118.946960;-118.783020;1520.124756;0.394343;0.000000;0.000000;0.000000;0.000000;1.000000;94.759277;-329.850861;1522.999023;0.312803;0.000000;0.000000;0.000000;0.000000;1.000000;1.011292;-331.164001;1525.508545;0.335906;0.000000;0.000000;0.000000;0.000000;1.000000;85.972656;-365.266724;1554.659302;0.231796;0.000000;0.000000;0.000000;0.000000;1.000000;-1.608276;-294.770721;1596.380127;0.108078;0.000000;0.000000;0.000000;0.000000;1.000000;-57.898254;-201.905945;2027.517578;0.047792;0.000000;0.000000;0.000000;0.000000;2.000000;189.777954;-308.811707;2269.135010;3.080071;0.000000;0.000000;0.000000;0.000000;1.000000;355.424500;-295.468597;2572.729736;2.444806;0.000000;0.000000;0.000000;0.000000;1.000000;490.684357;-389.072754;2613.508301;2.180923;0.000000;0.000000;0.000000;0.000000;1.000000;52.209412;-103.194153;1975.186035;0.043095;0.000000;0.000000;0.000000;0.000000;2.000000;285.764709;-149.291931;2247.575684;0.074331;0.000000;0.000000;0.000000;0.000000;2.000000;482.131134;-167.167786;2536.436523;0.103922;0.000000;0.000000;0.000000;0.000000;2.000000;596.448303;-269.920319;2562.604248;0.090500;0.000000;0.000000;0.000000;0.000000;2.000000;-320.235168;-99.058533;1546.418213;0.236088;0.000000;0.000000;0.000000;0.000000;2.000000;-290.234680;-90.254272;1404.459229;0.997225;0.000000;0.000000;0.000000;0.000000;2.000000;-333.409241;-113.241699;1417.545288;1.088694;0.000000;0.000000;0.000000;0.000000;1.000000;-370.502502;-170.542847;1509.697510;0.880991;0.000000;0.000000;0.000000;0.000000;1.000000;-327.826965;-66.290161;1418.707275;1.120945;0.000000;0.000000;0.000000;0.000000;2.000000;-368.499329;-20.843445;1520.334595;0.860725;0.000000;0.000000;0.000000;0.000000;2.000000;6472000000.000000
0.000000;-150.000000;2000.000000;0.000000;0.000000;0.000000;0.000000;0.000000;2.000000;-69.039124;-141.181824;1851.102295;0.429579;0.000000;0.000000;0.000000;0.000000;2.000000;-132.200562;-120.194153;1737.806763;0.836972;0.000000;0.000000;0.000000;0.000000;2.000000;-274.399048;-88.296265;1600.810669;0.234059;0.000000;0.000000;0.000000;0.000000;2.000000;-272.601807;-103.792236;1643.186768;0.248885;0.000000;0.000000;0.000000;0.000000;2.000000;-343.332764;-162.860474;1737.275757;0.581382;0.000000;0.000000;0.000000;0.000000;2.000000;-403.172363;-301.085175;1942.527832;2.455911;0.000000;0.000000;0.000000;0.000000;2.000000;-325.991211;-457.810425;1819.488403;2.925224;0.000000;0.000000;0.000000;0.000000;1.000000;-250.262329;-439.993866;1776.854492;2.748624;0.000000;0.000000;0.000000;0.000000;1.000000;-189.038086;-392.311737;1839.207275;1.202612;0.000000;0.000000;0.000000;0.000000;1.000000;-260.627563;-343.574615;1841.318481;0.745505;0.000000;0.000000;0.000000;0.000000;0.000000;-229.556458;-81.599487;1604.477051;0.314024;0.000000;0.000000;0.000000;0.000000;2.000000;-139.500549;-56.966980;1527.260376;1.136814;0.000000;0.000000;0.000000;0.000000;2.000000;-116.632446;-180.430542;1300.269897;9.858070;0.000000;0.000000;0.000000;0.000000;2.000000;-190.610779;-327.651672;1440.536865;8.925893;0.000000;0.000000;0.000000;0.000000;1.000000;-168.205139;-326.191925;1533.379028;5.092317;0.000000;0.000000;0.000000;0.000000;1.000000;-144.538452;-413.910461;1569.708618;7.093387;0.000000;0.000000;0.000000;0.000000;1.000000;-91.560059;-327.753113;1522.547241;3.634508;0.000000;0.000000;0.000000;0.000000;1.000000;-63.861023;-197.544617;2026.794556;0.223042;0.000000;0.000000;0.000000;0.000000;2.000000;208.432922;-217.583496;2274.751953;2.803043;0.000000;0.000000;0.000000;0.000000;2.000000;454.760071;-215.139709;2526.859375;4.078618;0.000000;0.000000;0.000000;0.000000;1.000000;596.387573;-313.775940;2526.197266;4.700003;0.000000;0.000000;0.000000;0.000000;1.000000;57.586243;-107.126892;1975.838257;0.201125;0.000000;0.000000;0.000000;0.000000;2.000000;298.177856;-151.448914;2251.314453;0.394898;0.000000;0.000000;0.000000;0.000000;2.000000;501.981079;-157.959412;2543.359863;0.689633;0.000000;0.000000;0.000000;0.000000;2.000000;624.720154;-257.422913;2559.405273;0.933773;0.000000;0.000000;0.000000;0.000000;2.000000;-325.377686;-87.815613;1545.452881;0.372621;0.000000;0.000000;0.000000;0.000000;2.000000;-301.640015;-65.336365;1401.068237;0.829720;0.000000;0.000000;0.000000;0.000000;2.000000;-346.968140;-85.918091;1414.514648;0.921064;0.000000;0.000000;0.000000;0.000000;1.000000;-385.432251;-150.806396;1503.680054;0.765274;0.000000;0.000000;0.000000;0.000000;1.000000;-336.501465;-39.284729;1420.508301;0.854013;0.000000;0.000000;0.000000;0.000000;1.000000;-367.678467;-1.427917;1530.803467;0.663262;0.000000;0.000000;0.000000;0.000000;1.000000;6472033280.000000
0.000000;-150.000000;2000.000000;0.000000;0.000000;0.000000;0.000000;0.000000;2.000000;-60.825806;-141.314880;1869.687622;0.610568;0.000000;0.000000;0.000000;0.000000;2.000000;-117.391235;-124.949280;1770.700195;1.093315;0.000000;0.000000;0.000000;0.000000;2.000000;-241.595032;-101.102661;1649.279663;1.800216;0.000000;0.000000;0.000000;0.000000;2.000000;-240.190247;-113.147278;1686.958374;1.660542;0.000000;0.000000;0.000000;0.000000;1.000000;-300.927917;-161.060242;1772.643433;1.660081;0.000000;0.000000;0.000000;0.000000;1.000000;-318.619446;-299.062500;1947.122070;2.545126;0.000000;0.000000;0.000000;0.000000;1.000000;-286.329285;-453.212219;1845.748901;1.435979;0.000000;0.000000;0.000000;0.000000;1.000000;-225.622681;-449.980438;1797.260864;1.007065;0.000000;0.000000;0.000000;0.000000;1.000000;-192.629517;-409.684845;1867.274292;0.997705;0.000000;0.000000;0.000000;0.000000;1.000000;-255.634033;-354.605164;1872.618774;1.008433;0.000000;0.000000;0.000000;0.000000;0.000000;-202.253479;-95.382935;1652.336914;1.706668;0.000000;0.000000;0.000000;0.000000;2.000000;-135.353394;-68.460388;1574.373779;1.462502;0.000000;0.000000;0.000000;0.000000;2.000000;-216.616211;-150.649719;1378.558105;3.919252;0.000000;0.000000;0.000000;0.000000;2.000000;-290.538696;-248.089783;1523.527222;4.577090;0.000000;0.000000;0.000000;0.000000;1.000000;-255.163757;-279.147034;1592.767944;3.465583;0.000000;0.000000;0.000000;0.000000;1.000000;-244.931580;-346.943329;1644.299072;4.262922;0.000000;0.000000;0.000000;0.000000;1.000000;-191.878235;-298.236755;1540.029419;3.185745;0.000000;0.000000;0.000000;0.000000;1.000000;-48.744202;-201.703064;2019.306274;0.522081;0.000000;0.000000;0.000000;0.000000;2.000000;181.234619;-284.699402;2230.819824;2.545114;0.000000;0.000000;0.000000;0.000000;1.000000;359.891083;-289.067780;2482.856445;3.848236;0.000000;0.000000;0.000000;0.000000;1.000000;494.045593;-356.917694;2499.775879;3.430377;0.000000;0.000000;0.000000;0.000000;1.000000;43.954834;-103.377075;1982.590698;0.470780;0.000000;0.000000;0.000000;0.000000;2.000000;266.748383;-150.571716;2211.561035;1.522971;0.000000;0.000000;0.000000;0.000000;1.000000;372.441071;-94.783386;2499.997070;4.522426;0.000000;0.000000;0.000000;0.000000;1.000000;488.017487;-147.116455;2557.245605;5.278533;0.000000;0.000000;0.000000;0.000000;1.000000;-286.180542;-102.374146;1600.678589;2.081411;0.000000;0.000000;0.000000;0.000000;2.000000;-304.606628;-78.773621;1474.415771;2.242404;0.000000;0.000000;0.000000;0.000000;2.000000;-339.527039;-95.821167;1497.502808;2.521260;0.000000;0.000000;0.000000;0.000000;1.000000;-349.983459;-154.309875;1580.871094;2.554501;0.000000;0.000000;0.000000;0.000000;1.000000;-327.349426;-55.515259;1500.634644;2.471885;0.000000;0.000000;0.000000;0.000000;1.000000;-321.966736;-24.967041;1601.791504;2.633788;0.000000;0.000000;0.000000;0.000000;1.000000;6472066560.000000
0.000000;-150.000000;2000.000000;0.000000;0.000000;0.000000;0.000000;0.000000;2.000000;-72.733093;-135.774353;1853.908081;0.616883;0.000000;0.000000;0.000000;0.000000;2.000000;-139.506531;-119.644470;1742.408203;1.090734;0.000000;0.000000;0.000000;0.000000;2.000000;-250.555603;-109.075562;1577.191284;2.195894;0.000000;0.000000;0.000000;0.000000;2.000000;-251.843750;-131.802490;1616.016602;2.231776;0.000000;0.000000;0.000000;0.000000;1.000000;-325.866882;-213.137756;1687.673096;3.086916;0.000000;0.000000;0.000000;0.000000;1.000000;-305.592102;-351.441528;1899.441650;2.164024;0.000000;0.000000;0.000000;0.000000;1.000000;-142.663818;-482.743317;1939.058228;5.223397;0.000000;0.000000;0.000000;0.000000;1.000000;-95.257141;-555.488342;1955.745239;6.933518;0.000000;0.000000;0.000000;0.000000;0.000000;-3.443787;-574.696899;1988.077759;8.371164;0.000000;0.000000;0.000000;0.000000;1.000000;-19.346252;-528.890808;1957.200439;9.181222;0.000000;0.000000;0.000000;0.000000;1.000000;-213.713623;-88.540588;1593.816406;1.803586;0.000000;0.000000;0.000000;0.000000;2.000000;-117.640808;-23.059753;1561.196533;1.516935;0.000000;0.000000;0.000000;0.000000;2.000000;122.656860;16.854309;1647.845703;13.954724;0.000000;0.000000;0.000000;0.000000;2.000000;274.203125;-121.241455;1714.734619;18.316616;0.000000;0.000000;0.000000;0.000000;1.000000;354.928497;-171.130310;1722.335327;19.019932;0.000000;0.000000;0.000000;0.000000;1.000000;397.354065;-226.742554;1790.293091;20.118603;0.000000;0.000000;0.000000;0.000000;1.000000;318.736115;-243.944336;1743.567139;16.597376;0.000000;0.000000;0.000000;0.000000;1.000000;-35.234497;-225.259705;2010.213379;0.860503;0.000000;0.000000;0.000000;0.000000;2.000000;259.909637;-184.136963;2225.443848;3.839983;0.000000;0.000000;0.000000;0.000000;2.000000;373.644836;-162.908386;2557.151367;4.418712;0.000000;0.000000;0.000000;0.000000;1.000000;509.742889;-156.620483;2662.165039;7.762391;0.000000;0.000000;0.000000;0.000000;1.000000;31.772461;-82.134888;1990.790161;0.775957;0.000000;0.000000;0.000000;0.000000;2.000000;290.988312;-114.643860;2248.830566;1.717584;0.000000;0.000000;0.000000;0.000000;2.000000;471.590424;-146.992065;2552.743652;3.721421;0.000000;0.000000;0.000000;0.000000;2.000000;582.275635;-165.558594;2664.332031;4.322352;0.000000;0.000000;0.000000;0.000000;2.000000;-284.862122;-113.913940;1510.666260;2.727122;0.000000;0.000000;0.000000;0.000000;2.000000;-268.375183;-93.533325;1365.466309;3.478388;0.000000;0.000000;0.000000;0.000000;2.000000;-307.425903;-69.110474;1388.268921;3.513954;0.000000;0.000000;0.000000;0.000000;1.000000;-373.155945;-88.129944;1482.437500;3.631459;0.000000;0.000000;0.000000;0.000000;1.000000;-261.724060;-55.027954;1392.483765;3.801234;0.000000;0.000000;0.000000;0.000000;1.000000;-233.905151;-31.482849;1507.136230;3.889679;0.000000;0.000000;0.000000;0.000000;1.000000;6472099840.000000
0.000000;-150.000000;2000.000000;0.000000;0.000000;0.000000;0.000000;0.000000;2.000000;-72.830200;-137.369019;1857.537964;0.119168;0.000000;0.000000;0.000000;0.000000;2.000000;-134.670288;-125.004089;1745.796387;0.239622;0.000000;0.000000;0.000000;0.000000;2.000000;-245.837463;-110.765747;1585.840942;0.300382;0.000000;0.000000;0.000000;0.000000;2.000000;-247.578979;-132.445190;1624.198608;0.277919;0.000000;0.000000;0.000000;0.000000;1.000000;-317.520142;-210.300354;1698.934082;0.429728;0.000000;0.000000;0.000000;0.000000;1.000000;-304.100830;-339.840942;1910.694092;0.487682;0.000000;0.000000;0.000000;0.000000;1.000000;-151.433716;-481.139252;1926.942505;0.451996;0.000000;0.000000;0.000000;0.000000;1.000000;-98.251770;-544.884949;1951.688354;0.352803;0.000000;0.000000;0.000000;0.000000;0.000000;-13.515686;-572.702515;1990.357056;0.316028;0.000000;0.000000;0.000000;0.000000;0.000000;-31.545959;-525.227905;1953.211426;0.401074;0.000000;0.000000;0.000000;0.000000;1.000000;-208.392578;-92.447266;1601.180542;0.297166;0.000000;0.000000;0.000000;0.000000;2.000000;-109.272949;-36.686340;1568.576172;0.529191;0.000000;0.000000;0.000000;0.000000;2.000000;138.886047;-21.644226;1617.099365;1.558699;0.000000;0.000000;0.000000;0.000000;1.000000;282.588867;-173.021484;1649.964600;2.504403;0.000000;0.000000;0.000000;0.000000;1.000000;346.716675;-182.057678;1717.089722;0.439933;0.000000;0.000000;0.000000;0.000000;1.000000;412.696106;-184.261230;1786.164795;1.362833;0.000000;0.000000;0.000000;0.000000;1.000000;327.483826;-231.131592;1736.439209;0.513019;0.000000;0.000000;0.000000;0.000000;1.000000;-37.453247;-221.852173;2012.776489;0.144430;0.000000;0.000000;0.000000;0.000000;2.000000;254.754395;-188.260193;2220.605469;0.245931;0.000000;0.000000;0.000000;0.000000;2.000000;369.632843;-156.389771;2543.489746;0.470546;0.000000;0.000000;0.000000;0.000000;1.000000;526.359192;-166.126282;2604.690918;1.820263;0.000000;0.000000;0.000000;0.000000;1.000000;33.773315;-85.207764;1988.478760;0.130246;0.000000;0.000000;0.000000;0.000000;2.000000;285.573059;-121.956482;2242.790039;0.328181;0.000000;0.000000;0.000000;0.000000;2.000000;457.750610;-147.795959;2543.887695;0.494302;0.000000;0.000000;0.000000;0.000000;2.000000;599.753601;-182.914612;2595.320313;2.201794;0.000000;0.000000;0.000000;0.000000;2.000000;-280.904846;-114.486450;1521.367920;0.343277;0.000000;0.000000;0.000000;0.000000;2.000000;-267.542969;-100.852173;1378.075317;0.438790;0.000000;0.000000;0.000000;0.000000;1.000000;-306.236511;-77.130127;1399.882324;0.425582;0.000000;0.000000;0.000000;0.000000;1.000000;-368.601196;-93.391357;1493.971313;0.404766;0.000000;0.000000;0.000000;0.000000;1.000000;-261.884949;-61.709656;1402.614868;0.364698;0.000000;0.000000;0.000000;0.000000;1.000000;-233.737183;-32.411377;1513.260010;0.186179;0.000000;0.000000;0.000000;0.000000;1.000000;6472133120.000000
0.000000;-150.000000;2000.000000;0.000000;0.000000;0.000000;0.000000;0.000000;2.000000;-65.624695;-145.815674;1871.394775;0.525451;0.000000;0.000000;0.000000;0.000000;2.000000;-117.640564;-142.829468;1768.342896;0.988639;0.000000;0.000000;0.000000;0.000000;2.000000;-226.333496;-119.800842;1632.137207;1.510504;0.000000;0.000000;0.000000;0.000000;2.000000;-227.323975;-139.007629;1666.849121;1.410679;0.000000;0.000000;0.000000;0.000000;1.000000;-289.455261;-200.806152;1742.452637;1.557954;0.000000;0.000000;0.000000;0.000000;1.000000;-274.730469;-299.068237;1942.913452;1.766450;0.000000;0.000000;0.000000;0.000000;1.000000;-161.768738;-448.926300;1949.557495;1.204221;0.000000;0.000000;0.000000;0.000000;1.000000;-108.956787;-499.677338;1976.262695;1.555305;0.000000;0.000000;0.000000;0.000000;0.000000;-38.495605;-544.499512;2002.331299;1.169866;0.000000;0.000000;0.000000;0.000000;0.000000;-63.566956;-501.608276;1970.610718;1.285148;0.000000;0.000000;0.000000;0.000000;1.000000;-190.164063;-106.903198;1643.246826;1.422557;0.000000;0.000000;0.000000;0.000000;2.000000;-101.011108;-62.244263;1605.909302;1.361021;0.000000;0.000000;0.000000;0.000000;2.000000;115.215088;-19.112427;1663.828125;1.551945;0.000000;0.000000;0.000000;0.000000;2.000000;248.961487;-151.313049;1692.027832;1.718262;0.000000;0.000000;0.000000;0.000000;1.000000;323.423096;-164.306091;1728.537598;0.930534;0.000000;0.000000;0.000000;0.000000;1.000000;386.852173;-179.881531;1784.470703;0.777317;0.000000;0.000000;0.000000;0.000000;1.000000;317.416351;-222.869446;1750.960938;0.577248;0.000000;0.000000;0.000000;0.000000;1.000000;-38.789001;-210.226563;2017.833740;0.377253;0.000000;0.000000;0.000000;0.000000;2.000000;223.691650;-213.556213;2207.958740;1.243152;0.000000;0.000000;0.000000;0.000000;2.000000;346.355103;-163.168457;2487.897705;1.794768;0.000000;0.000000;0.000000;0.000000;1.000000;491.540283;-202.101746;2508.161377;3.217942;0.000000;0.000000;0.000000;0.000000;1.000000;34.977661;-95.691101;1983.918579;0.340183;0.000000;0.000000;0.000000;0.000000;2.000000;239.174103;-109.815735;2234.783203;1.438944;0.000000;0.000000;0.000000;0.000000;1.000000;338.191711;-82.472351;2530.466309;4.051258;0.000000;0.000000;0.000000;0.000000;1.000000;470.593201;-117.535828;2557.190186;4.430103;0.000000;0.000000;0.000000;0.000000;1.000000;-262.334351;-119.899414;1576.658691;1.733450;0.000000;0.000000;0.000000;0.000000;2.000000;-320.819946;-90.911133;1464.121582;3.009345;0.000000;0.000000;0.000000;0.000000;2.000000;-330.713623;-64.859253;1499.856812;3.067477;0.000000;0.000000;0.000000;0.000000;1.000000;-331.778320;-78.055359;1601.637085;3.397768;0.000000;0.000000;0.000000;0.000000;1.000000;-294.190857;-62.022827;1478.646240;2.444684;0.000000;0.000000;0.000000;0.000000;1.000000;-211.490051;-58.875122;1545.002808;1.388931;0.000000;0.000000;0.000000;0.000000;1.000000;6472166912.000000
0.000000;-150.000000;2000.000000;0.000000;0.000000;0.000000;0.000000;0.000000;2.000000;-67.207886;-140.946472;1869.939087;0.159947;0.000000;0.000000;0.000000;0.000000;2.000000;-131.533386;-123.807983;1773.403931;0.723929;0.000000;0.000000;0.000000;0.000000;2.000000;-235.634216;-119.429077;1628.473511;0.300577;0.000000;0.000000;0.000000;0.000000;2.000000;-237.502197;-135.573792;1665.349243;0.325903;0.000000;0.000000;0.000000;0.000000;1.000000;-301.102417;-202.143250;1738.403564;0.372692;0.000000;0.000000;0.000000;0.000000;1.000000;-288.053955;-306.019989;1940.043701;0.459723;0.000000;0.000000;0.000000;0.000000;1.000000;-152.097778;-436.550720;1969.032959;0.751788;0.000000;0.000000;0.000000;0.000000;1.000000;-94.482422;-490.705383;1972.959839;0.521239;0.000000;0.000000;0.000000;0.000000;0.000000;-35.369812;-553.022827;1995.642944;0.338827;0.000000;0.000000;0.000000;0.000000;1.000000;-61.038574;-497.488251;1966.335449;0.193910;0.000000;0.000000;0.000000;0.000000;1.000000;-200.221497;-103.381409;1640.148193;0.333461;0.000000;0.000000;0.000000;0.000000;2.000000;-110.769714;-60.493164;1597.140869;0.397705;0.000000;0.000000;0.000000;0.000000;2.000000;109.550598;-29.106750;1660.897217;0.356248;0.000000;0.000000;0.000000;0.000000;2.000000;227.035248;-174.732239;1708.643677;1.085607;0.000000;0.000000;0.000000;0.000000;1.000000;309.812012;-158.962708;1721.513062;0.487444;0.000000;0.000000;0.000000;0.000000;1.000000;375.654602;-166.335754;1778.395264;0.558753;0.000000;0.000000;0.000000;0.000000;1.000000;327.391846;-217.205322;1753.188110;0.351130;0.000000;0.000000;0.000000;0.000000;1.000000;-42.592224;-209.038147;2017.899536;0.119745;0.000000;0.000000;0.000000;0.000000;2.000000;181.599304;-284.756012;2246.677246;2.744148;0.000000;0.000000;0.000000;0.000000;1.000000;314.207642;-274.995972;2531.750000;3.736352;0.000000;0.000000;0.000000;0.000000;1.000000;436.525848;-310.505127;2618.356445;4.930159;0.000000;0.000000;0.000000;0.000000;1.000000;38.407288;-96.762756;1983.859253;0.107982;0.000000;0.000000;0.000000;0.000000;2.000000;268.243225;-125.062866;2217.259277;1.118086;0.000000;0.000000;0.000000;0.000000;2.000000;438.079193;-129.194275;2485.918945;3.573690;0.000000;0.000000;0.000000;0.000000;2.000000;537.257202;-148.804443;2585.220703;2.367423;0.000000;0.000000;0.000000;0.000000;2.000000;-269.186523;-126.763977;1570.759399;0.341117;0.000000;0.000000;0.000000;0.000000;2.000000;-322.832886;-102.477295;1452.496704;0.496445;0.000000;0.000000;0.000000;0.000000;2.000000;-334.220825;-74.137207;1486.918213;0.489874;0.000000;0.000000;0.000000;0.000000;1.000000;-340.268555;-82.335632;1590.646606;0.436676;0.000000;0.000000;0.000000;0.000000;1.000000;-296.138794;-72.718445;1467.030029;0.478064;0.000000;0.000000;0.000000;0.000000;1.000000;-215.343018;-67.013000;1538.046021;0.341898;0.000000;0.000000;0.000000;0.000000;1.000000;6472200192.000000
0.000000;-150.000000;2000.000000;0.000000;0.000000;0.000000;0.000000;0.000000;2.000000;-82.609192;-142.100708;1869.561768;0.464216;0.000000;0.000000;0.000000;0.000000;2.000000;-158.718994;-123.868713;1773.903931;0.817015;0.000000;0.000000;0.000000;0.000000;2.000000;-279.155884;-114.172424;1629.697632;1.317760;0.000000;0.000000;0.000000;0.000000;2.000000;-279.374390;-130.232666;1669.017944;1.273155;0.000000;0.000000;0.000000;0.000000;1.000000;-337.517944;-198.500549;1754.482666;1.201133;0.000000;0.000000;0.000000;0.000000;1.000000;-307.548279;-291.191620;1973.239136;1.239586;0.000000;0.000000;0.000000;0.000000;1.000000;-166.116821;-433.696686;1982.456787;0.589493;0.000000;0.000000;0.000000;0.000000;1.000000;-99.888855;-484.349945;1979.153564;0.312245;0.000000;0.000000;0.000000;0.000000;0.000000;-35.070496;-550.267456;1994.021240;0.096489;0.000000;0.000000;0.000000;0.000000;0.000000;-65.406860;-494.163452;1964.608032;0.172927;0.000000;0.000000;0.000000;0.000000;1.000000;-239.880249;-99.817505;1638.753540;1.197205;0.000000;0.000000;0.000000;0.000000;2.000000;-140.987427;-66.263855;1593.129150;0.932219;0.000000;0.000000;0.000000;0.000000;2.000000;92.911316;-30.132629;1652.462769;0.561391;0.000000;0.000000;0.000000;0.000000;2.000000;223.329803;-179.814941;1697.306274;0.389585;0.000000;0.000000;0.000000;0.000000;1.000000;308.721832;-160.496094;1717.484009;0.133614;0.000000;0.000000;0.000000;0.000000;1.000000;378.236267;-166.432922;1777.511963;0.082041;0.000000;0.000000;0.000000;0.000000;1.000000;327.441498;-218.184265;1750.048462;0.098831;0.000000;0.000000;0.000000;0.000000;1.000000;-46.646179;-208.228760;2026.015625;0.273686;0.000000;0.000000;0.000000;0.000000;2.000000;160.124451;-220.838501;2304.288818;2.664929;0.000000;0.000000;0.000000;0.000000;2.000000;340.519775;-213.348694;2582.356445;2.523632;0.000000;0.000000;0.000000;0.000000;1.000000;479.538269;-272.185699;2642.076172;1.871943;0.000000;0.000000;0.000000;0.000000;1.000000;42.062927;-97.492554;1976.540527;0.246797;0.000000;0.000000;0.000000;0.000000;2.000000;276.535797;-138.044373;2228.469238;0.572453;0.000000;0.000000;0.000000;0.000000;2.000000;450.157867;-141.827820;2514.975830;1.018893;0.000000;0.000000;0.000000;0.000000;2.000000;557.537720;-178.222351;2612.206787;1.345457;0.000000;0.000000;0.000000;0.000000;2.000000;-319.521973;-120.466064;1571.890259;1.524655;0.000000;0.000000;0.000000;0.000000;2.000000;-321.818359;-84.020752;1437.517456;0.714899;0.000000;0.000000;0.000000;0.000000;2.000000;-342.854614;-53.717712;1469.009644;0.856352;0.000000;0.000000;0.000000;0.000000;1.000000;-390.655884;-64.211426;1567.361328;1.754554;0.000000;0.000000;0.000000;0.000000;1.000000;-297.921204;-57.289673;1464.432861;0.473168;0.000000;0.000000;0.000000;0.000000;1.000000;-246.893982;-65.143005;1565.552856;1.259006;0.000000;0.000000;0.000000;0.000000;1.000000;6472233472.000000
0.000000;-150.000000;2000.000000;0.000000;0.000000;0.000000;0.000000;0.000000;2.000000;-80.971436;-136.388733;1865.160645;0.222191;0.000000;0.000000;0.000000;0.000000;2.000000;-155.349731;-112.787048;1765.964355;0.421950;0.000000;0.000000;0.000000;0.000000;2.000000;-274.639404;-115.604492;1615.396362;0.452696;0.000000;0.000000;0.000000;0.000000;2.000000;-275.669983;-129.019287;1656.630005;0.390227;0.000000;0.000000;0.000000;0.000000;1.000000;-339.752258;-191.523987;1746.008545;0.336586;0.000000;0.000000;0.000000;0.000000;1.000000;-308.051453;-283.370392;1970.411743;0.250355;0.000000;0.000000;0.000000;0.000000;1.000000;-163.275940;-427.108124;1992.843506;0.379325;0.000000;0.000000;0.000000;0.000000;1.000000;-101.933716;-483.695801;1975.649780;0.123475;0.000000;0.000000;0.000000;0.000000;0.000000;-37.601135;-554.233459;1980.981201;0.416549;0.000000;0.000000;0.000000;0.000000;0.000000;-68.567993;-489.024567;1952.406250;0.409012;0.000000;0.000000;0.000000;0.000000;1.000000;-234.985779;-99.690002;1624.522583;0.452213;0.000000;0.000000;0.000000;0.000000;2.000000;-136.347473;-71.396057;1569.634155;0.735953;0.000000;0.000000;0.000000;0.000000;2.000000;97.911072;-29.727051;1643.580811;0.306507;0.000000;0.000000;0.000000;0.000000;2.000000;210.269714;-189.962891;1713.558838;0.696761;0.000000;0.000000;0.000000;0.000000;1.000000;295.902161;-157.109009;1715.839233;0.401478;0.000000;0.000000;0.000000;0.000000;1.000000;378.553345;-170.585144;1758.505859;0.584644;0.000000;0.000000;0.000000;0.000000;1.000000;328.921661;-219.259949;1738.127808;0.362388;0.000000;0.000000;0.000000;0.000000;1.000000;-51.776001;-206.433105;2025.395142;0.164373;0.000000;0.000000;0.000000;0.000000;2.000000;170.864624;-305.353546;2282.579102;2.641747;0.000000;0.000000;0.000000;0.000000;1.000000;317.030151;-294.865021;2587.781250;2.554281;0.000000;0.000000;0.000000;0.000000;1.000000;441.937408;-342.661438;2685.737793;2.735364;0.000000;0.000000;0.000000;0.000000;1.000000;46.688782;-99.111755;1977.100098;0.148224;0.000000;0.000000;0.000000;0.000000;2.000000;287.463470;-139.537720;2233.266113;0.361395;0.000000;0.000000;0.000000;0.000000;2.000000;467.601532;-149.781311;2523.941895;0.635948;0.000000;0.000000;0.000000;0.000000;2.000000;572.043274;-175.162048;2632.158691;0.746896;0.000000;0.000000;0.000000;0.000000;2.000000;-314.240173;-126.976013;1556.003174;0.539759;0.000000;0.000000;0.000000;0.000000;2.000000;-320.272034;-100.389587;1416.447388;0.803064;0.000000;0.000000;0.000000;0.000000;2.000000;-344.217346;-69.091370;1446.451416;0.821297;0.000000;0.000000;0.000000;0.000000;1.000000;-391.565002;-76.450684;1547.883545;0.691765;0.000000;0.000000;0.000000;0.000000;1.000000;-298.206543;-69.141785;1441.601563;0.773014;0.000000;0.000000;0.000000;0.000000;2.000000;-245.229492;-64.988281;1544.646973;0.630187;0.000000;0.000000;0.000000;0.000000;1.000000;6472266752.000000
0.000000;-150.000000;2000.000000;0.000000;0.000000;0.000000;0.000000;0.000000;2.000000;-80.961792;-136.430847;1864.997803;0.005062;0.000000;0.000000;0.000000;0.000000;2.000000;-155.266357;-112.962219;1765.582031;0.012882;0.000000;0.000000;0.000000;0.000000;2.000000;-274.225220;-116.469788;1614.564575;0.038152;0.000000;0.000000;0.000000;0.000000;2.000000;-275.347656;-129.770325;1655.870728;0.033520;0.000000;0.000000;0.000000;0.000000;1.000000;-339.691956;-192.059021;1745.359741;0.025334;0.000000;0.000000;0.000000;0.000000;1.000000;-308.904114;-282.492706;1970.682617;0.037659;0.000000;0.000000;0.000000;0.000000;1.000000;-163.924377;-425.935944;1995.143188;0.079970;0.000000;0.000000;0.000000;0.000000;1.000000;-102.459839;-482.636932;1978.415894;0.090391;0.000000;0.000000;0.000000;0.000000;0.000000;-38.034912;-553.151306;1984.327881;0.106488;0.000000;0.000000;0.000000;0.000000;0.000000;-69.107178;-488.152588;1954.771606;0.077463;0.000000;0.000000;0.000000;0.000000;1.000000;-234.594421;-100.439941;1623.760498;0.034212;0.000000;0.000000;0.000000;0.000000;2.000000;-135.732239;-72.123901;1569.082275;0.033092;0.000000;0.000000;0.000000;0.000000;2.000000;98.388611;-30.085449;1643.945068;0.021016;0.000000;0.000000;0.000000;0.000000;2.000000;210.226776;-190.597473;1714.631226;0.037464;0.000000;0.000000;0.000000;0.000000;1.000000;295.969055;-157.821411;1716.958862;0.039926;0.000000;0.000000;0.000000;0.000000;1.000000;378.721222;-171.213074;1759.627563;0.038955;0.000000;0.000000;0.000000;0.000000;1.000000;329.002075;-219.928528;1739.104858;0.035656;0.000000;0.000000;0.000000;0.000000;1.000000;-51.829224;-206.474915;2025.406006;0.002060;0.000000;0.000000;0.000000;0.000000;2.000000;169.578186;-308.012634;2283.037842;0.089824;0.000000;0.000000;0.000000;0.000000;1.000000;315.977936;-300.293304;2588.521240;0.167627;0.000000;0.000000;0.000000;0.000000;1.000000;440.360962;-349.867706;2686.493408;0.222815;0.000000;0.000000;0.000000;0.000000;1.000000;46.736694;-99.074158;1977.090210;0.001854;0.000000;0.000000;0.000000;0.000000;2.000000;287.362579;-139.725464;2233.764404;0.016285;0.000000;0.000000;0.000000;0.000000;2.000000;467.132446;-149.883667;2525.003662;0.035014;0.000000;0.000000;0.000000;0.000000;2.000000;571.140808;-175.436218;2633.774170;0.056210;0.000000;0.000000;0.000000;0.000000;2.000000;-313.670227;-128.108032;1555.046631;0.047712;0.000000;0.000000;0.000000;0.000000;2.000000;-319.189514;-103.100403;1415.058472;0.097132;0.000000;0.000000;0.000000;0.000000;2.000000;-343.182922;-71.379089;1444.644531;0.092948;0.000000;0.000000;0.000000;0.000000;1.000000;-390.918884;-77.467957;1546.081787;0.065133;0.000000;0.000000;0.000000;0.000000;1.000000;-297.118530;-71.586853;1439.943848;0.094593;0.000000;0.000000;0.000000;0.000000;2.000000;-244.426941;-66.356262;1543.194336;0.064625;0.000000;0.000000;0.000000;0.000000;1.000000;6472300032.000000
0.000000;-150.000000;2000.000000;0.000000;0.000000;0.000000;0.000000;0.000000;2.000000;-80.619751;-136.291321;1865.050781;0.011213;0.000000;0.000000;0.000000;0.000000;2.000000;-154.310913;-113.190491;1765.304321;0.030674;0.000000;0.000000;0.000000;0.000000;2.000000;-261.082703;-112.789795;1605.704834;0.488929;0.000000;0.000000;0.000000;0.000000;2.000000;-264.562439;-128.782227;1645.848633;0.443390;0.000000;0.000000;0.000000;0.000000;1.000000;-331.357178;-200.183655;1726.013794;0.678411;0.000000;0.000000;0.000000;0.000000;1.000000;-311.859375;-301.412659;1947.624268;0.900634;0.000000;0.000000;0.000000;0.000000;1.000000;-162.199951;-437.759644;1980.697144;0.563321;0.000000;0.000000;0.000000;0.000000;1.000000;-96.515137;-490.827942;1969.615967;0.402993;0.000000;0.000000;0.000000;0.000000;0.000000;-29.679138;-558.185181;1981.001587;0.309689;0.000000;0.000000;0.000000;0.000000;1.000000;-60.237976;-493.311035;1951.928223;0.319920;0.000000;0.000000;0.000000;0.000000;1.000000;-223.248657;-95.446228;1618.928589;0.399776;0.000000;0.000000;0.000000;0.000000;1.000000;-122.268555;-54.118835;1578.622803;0.733859;0.000000;0.000000;0.000000;0.000000;1.000000;108.082397;-19.928955;1666.883179;0.808109;0.000000;0.000000;0.000000;0.000000;1.000000;217.635986;-188.367188;1719.618164;0.276606;0.000000;0.000000;0.000000;0.000000;1.000000;302.932861;-155.122803;1724.953857;0.328744;0.000000;0.000000;0.000000;0.000000;1.000000;387.064514;-170.773560;1763.702759;0.279319;0.000000;0.000000;0.000000;0.000000;1.000000;336.732239;-218.046021;1739.361938;0.239190;0.000000;0.000000;0.000000;0.000000;1.000000;-51.846375;-206.378540;2025.246338;0.005628;0.000000;0.000000;0.000000;0.000000;2.000000;161.629089;-311.742401;2287.354980;0.294006;0.000000;0.000000;0.000000;0.000000;1.000000;300.612030;-303.163879;2595.770508;0.517755;0.000000;0.000000;0.000000;0.000000;1.000000;419.803619;-354.497406;2698.790039;0.733103;0.000000;0.000000;0.000000;0.000000;1.000000;46.752136;-99.160889;1977.234375;0.005077;0.000000;0.000000;0.000000;0.000000;2.000000;286.558777;-140.636414;2233.899414;0.036729;0.000000;0.000000;0.000000;0.000000;2.000000;465.462158;-151.101440;2525.131348;0.062230;0.000000;0.000000;0.000000;0.000000;2.000000;569.694946;-177.837097;2633.117676;0.086493;0.000000;0.000000;0.000000;0.000000;2.000000;-295.201843;-122.465759;1542.758789;0.687771;0.000000;0.000000;0.000000;0.000000;2.000000;-304.712036;-90.760925;1404.543213;0.653109;0.000000;0.000000;0.000000;0.000000;1.000000;-330.864624;-62.831482;1435.956177;0.520699;0.000000;0.000000;0.000000;0.000000;1.000000;-376.467163;-78.253967;1537.221191;0.509915;0.000000;0.000000;0.000000;0.000000;1.000000;-285.076660;-58.870056;1430.837646;0.593133;0.000000;0.000000;0.000000;0.000000;1.000000;-231.685852;-54.589661;1533.599731;0.595562;0.000000;0.000000;0.000000;0.000000;1.000000;6472333312.000000
0.000000;-150.000000;2000.000000;0.000000;0.000000;0.000000;0.000000;0.000000;2.000000;-75.525757;-136.029114;1863.554443;0.159726;0.000000;0.000000;0.000000;0.000000;2.000000;-142.315918;-115.974487;1759.602295;0.407751;0.000000;0.000000;0.000000;0.000000;2.000000;-262.494202;-107.706238;1611.969727;0.246108;0.000000;0.000000;0.000000;0.000000;2.000000;-263.057556;-123.904053;1651.817627;0.236007;0.000000;0.000000;0.000000;0.000000;1.000000;-326.615967;-189.506104;1737.826416;0.499221;0.000000;0.000000;0.000000;0.000000;1.000000;-294.327087;-292.305084;1955.109131;0.634827;0.000000;0.000000;0.000000;0.000000;1.000000;-160.570740;-442.216644;1987.854004;0.258029;0.000000;0.000000;0.000000;0.000000;1.000000;-93.868591;-491.208954;1970.742798;0.087187;0.000000;0.000000;0.000000;0.000000;0.000000;-26.001770;-557.381836;1973.702393;0.246773;0.000000;0.000000;0.000000;0.000000;1.000000;-58.458069;-491.661163;1948.479980;0.126704;0.000000;0.000000;0.000000;0.000000;1.000000;-222.994080;-92.729492;1621.626587;0.115303;0.000000;0.000000;0.000000;0.000000;2.000000;-130.119751;-52.354309;1566.254395;0.443382;0.000000;0.000000;0.000000;0.000000;2.000000;105.354858;-28.862976;1637.447998;0.927939;0.000000;0.000000;0.000000;0.000000;2.000000;215.470581;-195.494385;1688.444824;0.963069;0.000000;0.000000;0.000000;0.000000;1.000000;298.558746;-165.302185;1710.007568;0.559043;0.000000;0.000000;0.000000;0.000000;1.000000;375.593170;-161.680298;1762.369263;0.441673;0.000000;0.000000;0.000000;0.000000;1.000000;328.507782;-217.193237;1731.334961;0.346272;0.000000;0.000000;0.000000;0.000000;1.000000;-54.309265;-203.382813;2024.595459;0.118161;0.000000;0.000000;0.000000;0.000000;2.000000;152.032104;-313.598907;2286.751709;0.294276;0.000000;0.000000;0.000000;0.000000;1.000000;297.241669;-312.429626;2589.514893;0.350863;0.000000;0.000000;0.000000;0.000000;1.000000;421.152161;-376.100891;2676.839844;0.926310;0.000000;0.000000;0.000000;0.000000;1.000000;48.973022;-101.862366;1977.821167;0.106553;0.000000;0.000000;0.000000;0.000000;2.000000;289.261475;-144.565186;2230.056152;0.184032;0.000000;0.000000;0.000000;0.000000;2.000000;467.499268;-143.856567;2518.791748;0.295678;0.000000;0.000000;0.000000;0.000000;2.000000;578.440674;-186.651978;2612.302734;0.728287;0.000000;0.000000;0.000000;0.000000;2.000000;-302.546936;-114.616821;1552.911621;0.444301;0.000000;0.000000;0.000000;0.000000;2.000000;-305.295776;-90.421387;1414.000732;0.284904;0.000000;0.000000;0.000000;0.000000;2.000000;-348.053711;-101.030334;1435.735352;1.258676;0.000000;0.000000;0.000000;0.000000;1.000000;-378.747437;-158.476379;1525.940552;2.435209;0.000000;0.000000;0.000000;0.000000;1.000000;-327.477905;-60.199646;1439.621704;1.301742;0.000000;0.000000;0.000000;0.000000;2.000000;-325.547363;-24.909180;1549.046387;2.994199;0.000000;0.000000;0.000000;0.000000;1.000000;6472366592.000000
0.000000;-150.000000;2000.000000;0.000000;0.000000;0.000000;0.000000;0.000000;2.000000;-75.603394;-135.260376;1862.903198;0.030364;0.000000;0.000000;0.000000;0.000000;2.000000;-141.596497;-115.654602;1757.712158;0.061525;0.000000;0.000000;0.000000;0.000000;2.000000;-258.115784;-111.330078;1605.972168;0.248281;0.000000;0.000000;0.000000;0.000000;2.000000;-260.235535;-125.468872;1646.741699;0.180732;0.000000;0.000000;0.000000;0.000000;2.000000;-332.473694;-174.771057;1737.449219;0.476598;0.000000;0.000000;0.000000;0.000000;2.000000;-320.901672;-259.480713;1965.530151;1.307090;0.000000;0.000000;0.000000;0.000000;1.000000;-188.711853;-415.426483;1964.307373;1.365148;0.000000;0.000000;0.000000;0.000000;1.000000;-126.163208;-472.645935;1968.498413;1.121307;0.000000;0.000000;0.000000;0.000000;0.000000;-52.674072;-532.864929;1975.153320;1.089464;0.000000;0.000000;0.000000;0.000000;0.000000;-83.553772;-478.606262;1945.470215;0.854805;0.000000;0.000000;0.000000;0.000000;0.000000;-218.240540;-97.043701;1615.967773;0.257136;0.000000;0.000000;0.000000;0.000000;2.000000;-119.940552;-63.841003;1564.278687;0.464982;0.000000;0.000000;0.000000;0.000000;2.000000;112.034851;-25.373596;1643.678589;0.293824;0.000000;0.000000;0.000000;0.000000;2.000000;119.589661;-224.273987;1700.609375;3.030151;0.000000;0.000000;0.000000;0.000000;2.000000;206.294678;-229.197632;1729.065552;3.420534;0.000000;0.000000;0.000000;0.000000;1.000000;298.691589;-215.511169;1735.371826;2.934957;0.000000;0.000000;0.000000;0.000000;1.000000;222.651123;-243.884583;1721.918213;3.292526;0.000000;0.000000;0.000000;0.000000;1.000000;-55.109497;-203.037231;2024.688477;0.026341;0.000000;0.000000;0.000000;0.000000;2.000000;159.957214;-334.213928;2271.784668;0.801669;0.000000;0.000000;0.000000;0.000000;1.000000;302.081299;-334.063141;2577.608887;0.756104;0.000000;0.000000;0.000000;0.000000;1.000000;427.779144;-400.757324;2661.389160;0.896713;0.000000;0.000000;0.000000;0.000000;1.000000;49.694641;-102.174011;1977.737305;0.023753;0.000000;0.000000;0.000000;0.000000;2.000000;289.394562;-151.444885;2231.441895;0.210912;0.000000;0.000000;0.000000;0.000000;2.000000;468.211853;-154.949280;2521.519531;0.343912;0.000000;0.000000;0.000000;0.000000;2.000000;576.366516;-203.956604;2616.295410;0.537259;0.000000;0.000000;0.000000;0.000000;2.000000;-297.009888;-120.093750;1546.016113;0.312563;0.000000;0.000000;0.000000;0.000000;2.000000;-316.919128;-85.086670;1410.224731;0.400688;0.000000;0.000000;0.000000;0.000000;2.000000;-355.493347;-104.031616;1434.455933;0.244098;0.000000;0.000000;0.000000;0.000000;1.000000;-368.521667;-173.082214;1521.337769;0.553311;0.000000;0.000000;0.000000;0.000000;1.000000;-340.789368;-60.781616;1440.542358;0.401321;0.000000;0.000000;0.000000;0.000000;2.000000;-333.349060;-34.657715;1552.789429;0.391676;0.000000;0.000000;0.000000;0.000000;1.000000;6472399872.000000
0.000000;-150.000000;2000.000000;0.000000;0.000000;0.000000;0.000000;0.000000;2.000000;-74.653442;-142.510986;1861.733154;0.222524;0.000000;0.000000;0.000000;0.000000;2.000000;-143.619690;-122.643066;1758.460449;0.219766;0.000000;0.000000;0.000000;0.000000;2.000000;-264.940857;-124.799805;1610.392822;0.472775;0.000000;0.000000;0.000000;0.000000;2.000000;-266.061707;-136.317261;1652.034424;0.402739;0.000000;0.000000;0.000000;0.000000;2.000000;-340.025879;-177.523682;1745.415161;0.340046;0.000000;0.000000;0.000000;0.000000;2.000000;-326.187378;-237.604187;1981.154785;0.823257;0.000000;0.000000;0.000000;0.000000;1.000000;-201.099854;-399.402191;1981.481445;0.797939;0.000000;0.000000;0.000000;0.000000;1.000000;-139.776428;-457.858856;1975.864868;0.643227;0.000000;0.000000;0.000000;0.000000;0.000000;-68.048035;-520.452515;1971.987061;0.601301;0.000000;0.000000;0.000000;0.000000;0.000000;-102.194580;-465.867493;1944.676514;0.678838;0.000000;0.000000;0.000000;0.000000;0.000000;-224.419861;-110.937927;1618.225342;0.461930;0.000000;0.000000;0.000000;0.000000;2.000000;-132.143494;-73.393188;1558.875122;0.493150;0.000000;0.000000;0.000000;0.000000;2.000000;102.043335;-29.605286;1628.741821;0.554747;0.000000;0.000000;0.000000;0.000000;2.000000;160.593567;-219.993713;1685.445801;1.319920;0.000000;0.000000;0.000000;0.000000;1.000000;239.001221;-232.572021;1730.744263;0.989272;0.000000;0.000000;0.000000;0.000000;1.000000;328.033630;-227.608948;1759.368530;1.195579;0.000000;0.000000;0.000000;0.000000;1.000000;248.233490;-229.681519;1732.719482;0.937217;0.000000;0.000000;0.000000;0.000000;1.000000;-55.535339;-201.382813;2027.201782;0.091314;0.000000;0.000000;0.000000;0.000000;2.000000;176.857666;-263.953979;2285.441650;2.209831;0.000000;0.000000;0.000000;0.000000;2.000000;347.979431;-254.244080;2576.018066;2.767076;0.000000;0.000000;0.000000;0.000000;1.000000;483.108185;-317.686798;2646.747314;3.031194;0.000000;0.000000;0.000000;0.000000;1.000000;50.078613;-103.665955;1975.470947;0.082343;0.000000;0.000000;0.000000;0.000000;2.000000;287.101349;-153.349670;2231.777832;0.090144;0.000000;0.000000;0.000000;0.000000;2.000000;467.378143;-151.716553;2521.115723;0.101047;0.000000;0.000000;0.000000;0.000000;2.000000;577.100586;-199.313660;2614.892578;0.147400;0.000000;0.000000;0.000000;0.000000;2.000000;-305.982422;-136.287231;1552.326050;0.587707;0.000000;0.000000;0.000000;0.000000;2.000000;-321.269775;-73.535095;1426.213257;0.606941;0.000000;0.000000;0.000000;0.000000;2.000000;-361.270752;-94.864502;1445.727539;0.469812;0.000000;0.000000;0.000000;0.000000;1.000000;-379.617310;-179.251831;1516.703491;0.406098;0.000000;0.000000;0.000000;0.000000;1.000000;-344.492798;-54.583252;1460.603882;0.640666;0.000000;0.000000;0.000000;0.000000;1.000000;-338.040527;-52.100525;1575.926392;0.881992;0.000000;0.000000;0.000000;0.000000;1.000000;6472433152.000000
0.000000;-150.000000;2000.000000;0.000000;0.000000;0.000000;0.000000;0.000000;2.000000;-74.888245;-142.530151;1861.877319;0.008299;0.000000;0.000000;0.000000;0.000000;2.000000;-144.115479;-122.524841;1758.821533;0.018769;0.000000;0.000000;0.000000;0.000000;2.000000;-266.758606;-125.245911;1611.881714;0.071865;0.000000;0.000000;0.000000;0.000000;2.000000;-267.490479;-136.637573;1653.562012;0.063582;0.000000;0.000000;0.000000;0.000000;2.000000;-340.475281;-177.336121;1747.913818;0.076492;0.000000;0.000000;0.000000;0.000000;2.000000;-326.060242;-230.985535;1985.139771;0.232174;0.000000;0.000000;0.000000;0.000000;1.000000;-200.352600;-392.117340;1992.295898;0.392447;0.000000;0.000000;0.000000;0.000000;1.000000;-140.778809;-452.085938;1984.386108;0.310737;0.000000;0.000000;0.000000;0.000000;0.000000;-70.103088;-515.477722;1976.477783;0.210633;0.000000;0.000000;0.000000;0.000000;0.000000;-106.996887;-462.531433;1947.618530;0.196687;0.000000;0.000000;0.000000;0.000000;0.000000;-226.186218;-111.322571;1619.304199;0.063257;0.000000;0.000000;0.000000;0.000000;2.000000;-134.812012;-73.880066;1558.533691;0.082151;0.000000;0.000000;0.000000;0.000000;2.000000;100.313416;-30.307312;1625.220215;0.119768;0.000000;0.000000;0.000000;0.000000;2.000000;169.199097;-216.615417;1683.756958;0.282388;0.000000;0.000000;0.000000;0.000000;1.000000;246.164703;-227.565247;1731.846680;0.264694;0.000000;0.000000;0.000000;0.000000;1.000000;333.992157;-220.794128;1763.618530;0.300493;0.000000;0.000000;0.000000;0.000000;1.000000;255.271393;-225.052917;1734.633667;0.259564;0.000000;0.000000;0.000000;0.000000;1.000000;-55.500916;-201.347107;2027.314941;0.003712;0.000000;0.000000;0.000000;0.000000;2.000000;180.337280;-262.069824;2282.809326;0.142805;0.000000;0.000000;0.000000;0.000000;2.000000;350.890411;-246.790405;2573.440674;0.252608;0.000000;0.000000;0.000000;0.000000;1.000000;486.980865;-306.681519;2645.372803;0.352989;0.000000;0.000000;0.000000;0.000000;1.000000;50.047546;-103.697998;1975.369019;0.003344;0.000000;0.000000;0.000000;0.000000;2.000000;287.096649;-153.967651;2231.488037;0.020510;0.000000;0.000000;0.000000;0.000000;2.000000;466.923584;-151.965698;2521.062500;0.015658;0.000000;0.000000;0.000000;0.000000;2.000000;575.473022;-200.641663;2615.622559;0.066822;0.000000;0.000000;0.000000;0.000000;2.000000;-308.308899;-136.947144;1554.230103;0.092485;0.000000;0.000000;0.000000;0.000000;2.000000;-319.085632;-73.114868;1428.209351;0.089800;0.000000;0.000000;0.000000;0.000000;2.000000;-360.138367;-93.179565;1446.848877;0.069688;0.000000;0.000000;0.000000;0.000000;1.000000;-382.645325;-177.235657;1516.997681;0.109667;0.000000;0.000000;0.000000;0.000000;1.000000;-342.306946;-53.561401;1462.256592;0.087880;0.000000;0.000000;0.000000;0.000000;2.000000;-337.966736;-51.854004;1577.680054;0.053258;0.000000;0.000000;0.000000;0.000000;1.000000;6472466432.000000
0.000000;-150.000000;2000.000000;0.000000;0.000000;0.000000;0.000000;0.000000;2.000000;-74.882996;-142.489258;1861.849121;0.001478;0.000000;0.000000;0.000000;0.000000;2.000000;-144.103210;-122.454590;1758.770752;0.002591;0.000000;0.000000;0.000000;0.000000;2.000000;-266.619324;-125.076660;1611.684692;0.008722;0.000000;0.000000;0.000000;0.000000;2.000000;-267.393738;-136.495300;1653.363892;0.007765;0.000000;0.000000;0.000000;0.000000;1.000000;-340.356018;-177.496765;1747.627930;0.010326;0.000000;0.000000;0.000000;0.000000;1.000000;-325.997864;-231.433899;1984.830933;0.016217;0.000000;0.000000;0.000000;0.000000;1.000000;-200.017273;-392.392578;1991.986694;0.015765;0.000000;0.000000;0.000000;0.000000;1.000000;-140.332764;-452.271179;1984.089355;0.016775;0.000000;0.000000;0.000000;0.000000;0.000000;-69.543274;-515.561401;1976.208008;0.018556;0.000000;0.000000;0.000000;0.000000;0.000000;-106.496338;-462.643280;1947.344971;0.017202;0.000000;0.000000;0.000000;0.000000;0.000000;-226.046997;-111.159119;1619.157104;0.007702;0.000000;0.000000;0.000000;0.000000;2.000000;-134.550110;-73.662964;1558.570435;0.010126;0.000000;0.000000;0.000000;0.000000;2.000000;100.417236;-30.081238;1625.947144;0.022737;0.000000;0.000000;0.000000;0.000000;2.000000;169.447327;-216.365784;1684.501953;0.024384;0.000000;0.000000;0.000000;0.000000;1.000000;246.335297;-227.253601;1732.756470;0.028903;0.000000;0.000000;0.000000;0.000000;1.000000;334.096710;-220.385681;1764.732056;0.035235;0.000000;0.000000;0.000000;0.000000;1.000000;255.441895;-224.744507;1735.561646;0.029375;0.000000;0.000000;0.000000;0.000000;1.000000;-55.519531;-201.353333;2027.301880;0.000698;0.000000;0.000000;0.000000;0.000000;2.000000;180.075195;-263.056946;2282.860840;0.030262;0.000000;0.000000;0.000000;0.000000;1.000000;350.580627;-248.390198;2573.612305;0.048489;0.000000;0.000000;0.000000;0.000000;1.000000;486.433502;-308.786438;2645.629395;0.064808;0.000000;0.000000;0.000000;0.000000;1.000000;50.064392;-103.692444;1975.380859;0.000631;0.000000;0.000000;0.000000;0.000000;2.000000;287.084534;-154.099426;2231.574219;0.004673;0.000000;0.000000;0.000000;0.000000;2.000000;466.871246;-152.191345;2521.236328;0.008570;0.000000;0.000000;0.000000;0.000000;2.000000;575.361938;-201.030457;2615.817139;0.013279;0.000000;0.000000;0.000000;0.000000;2.000000;-308.119690;-136.741333;1553.975830;0.011183;0.000000;0.000000;0.000000;0.000000;2.000000;-318.352478;-73.541077;1427.567261;0.031478;0.000000;0.000000;0.000000;0.000000;2.000000;-359.515808;-93.418030;1446.183960;0.027864;0.000000;0.000000;0.000000;0.000000;1.000000;-382.439514;-177.065002;1516.713257;0.011552;0.000000;0.000000;0.000000;0.000000;1.000000;-341.641418;-53.753052;1461.441772;0.031646;0.000000;0.000000;0.000000;0.000000;2.000000;-337.664124;-51.446045;1576.885864;0.027898;0.000000;0.000000;0.000000;0.000000;1.000000;6472500224.000000
0.000000;-150.000000;2000.000000;0.000000;0.000000;0.000000;0.000000;0.000000;2.000000;-76.524902;-142.756287;1859.085571;0.096922;0.000000;0.000000;0.000000;0.000000;2.000000;-147.108643;-122.875305;1753.776978;0.175588;0.000000;0.000000;0.000000;0.000000;2.000000;-264.114014;-134.142578;1597.768921;0.504697;0.000000;0.000000;0.000000;0.000000;2.000000;-266.241028;-145.700073;1640.274292;0.482077;0.000000;0.000000;0.000000;0.000000;1.000000;-330.689026;-206.868469;1733.265747;1.024467;0.000000;0.000000;0.000000;0.000000;1.000000;-316.721130;-257.389404;1976.309570;0.866906;0.000000;0.000000;0.000000;0.000000;1.000000;-168.732117;-398.269989;2018.721802;1.249101;0.000000;0.000000;0.000000;0.000000;1.000000;-115.920715;-461.246094;1991.318237;0.811161;0.000000;0.000000;0.000000;0.000000;0.000000;-55.898315;-535.478882;1972.923462;0.732137;0.000000;0.000000;0.000000;0.000000;0.000000;-92.446167;-469.150421;1946.987305;0.465385;0.000000;0.000000;0.000000;0.000000;0.000000;-224.157776;-117.244141;1607.329346;0.403688;0.000000;0.000000;0.000000;0.000000;2.000000;-128.225769;-73.324585;1553.770996;0.238776;0.000000;0.000000;0.000000;0.000000;2.000000;106.917114;-29.863342;1637.424561;0.396392;0.000000;0.000000;0.000000;0.000000;2.000000;185.697632;-216.652100;1697.089844;0.617712;0.000000;0.000000;0.000000;0.000000;1.000000;265.322662;-230.006897;1743.816528;0.665431;0.000000;0.000000;0.000000;0.000000;1.000000;355.201477;-223.397888;1775.594360;0.718943;0.000000;0.000000;0.000000;0.000000;1.000000;272.473480;-225.991089;1749.558838;0.663478;0.000000;0.000000;0.000000;0.000000;1.000000;-56.575623;-202.380981;2028.031250;0.049405;0.000000;0.000000;0.000000;0.000000;2.000000;157.462158;-250.525269;2313.701904;1.209249;0.000000;0.000000;0.000000;0.000000;2.000000;325.762085;-238.915649;2613.761475;1.446584;0.000000;0.000000;0.000000;0.000000;1.000000;458.992310;-304.904449;2693.168701;1.653484;0.000000;0.000000;0.000000;0.000000;1.000000;51.016785;-102.765808;1974.722900;0.044554;0.000000;0.000000;0.000000;0.000000;2.000000;293.303192;-157.244995;2235.083984;0.234461;0.000000;0.000000;0.000000;0.000000;2.000000;472.794800;-150.677124;2532.978760;0.397801;0.000000;0.000000;0.000000;0.000000;2.000000;580.697571;-196.126831;2634.666992;0.606816;0.000000;0.000000;0.000000;0.000000;2.000000;-302.633850;-148.953674;1536.953857;0.650722;0.000000;0.000000;0.000000;0.000000;2.000000;-323.479431;-78.117981;1412.656128;0.493352;0.000000;0.000000;0.000000;0.000000;1.000000;-363.424011;-101.101746;1432.960327;0.474320;0.000000;0.000000;0.000000;0.000000;1.000000;-379.063904;-191.081360;1501.287964;0.634429;0.000000;0.000000;0.000000;0.000000;1.000000;-345.800232;-60.809448;1449.656738;0.431245;0.000000;0.000000;0.000000;0.000000;1.000000;-334.541321;-64.622070;1566.938843;0.504864;0.000000;0.000000;0.000000;0.000000;1.000000;6472533504.000000
0.000000;-150.000000;2000.000000;0.000000;0.000000;0.000000;0.000000;0.000000;2.000000;-83.824524;-132.526855;1864.428589;0.410323;0.000000;0.000000;0.000000;0.000000;2.000000;-159.623779;-105.093872;1764.755737;0.731929;0.000000;0.000000;0.000000;0.000000;2.000000;-284.132813;-107.886475;1614.537354;1.112719;0.000000;0.000000;0.000000;0.000000;2.000000;-284.925659;-119.777893;1656.948364;1.083024;0.000000;0.000000;0.000000;0.000000;1.000000;-345.777344;-179.711426;1752.932373;1.104829;0.000000;0.000000;0.000000;0.000000;1.000000;-322.344482;-243.696167;1991.774048;0.643251;0.000000;0.000000;0.000000;0.000000;1.000000;-180.110962;-393.684357;2018.772705;0.368636;0.000000;0.000000;0.000000;0.000000;1.000000;-125.497803;-457.539124;1998.030029;0.368638;0.000000;0.000000;0.000000;0.000000;0.000000;-62.067078;-528.686707;1979.419556;0.337806;0.000000;0.000000;0.000000;0.000000;0.000000;-98.671692;-466.454010;1952.554443;0.263706;0.000000;0.000000;0.000000;0.000000;0.000000;-242.911194;-93.417297;1622.331421;1.016528;0.000000;0.000000;0.000000;0.000000;2.000000;-139.413147;-70.573303;1570.011230;0.598306;0.000000;0.000000;0.000000;0.000000;2.000000;101.475281;-31.655029;1637.114502;0.172403;0.000000;0.000000;0.000000;0.000000;2.000000;194.744141;-210.356812;1699.800415;0.341039;0.000000;0.000000;0.000000;0.000000;1.000000;271.125610;-229.476929;1749.639893;0.247540;0.000000;0.000000;0.000000;0.000000;1.000000;360.048798;-230.172424;1784.349731;0.363131;0.000000;0.000000;0.000000;0.000000;1.000000;277.036133;-224.747742;1757.092285;0.267270;0.000000;0.000000;0.000000;0.000000;1.000000;-55.416992;-203.837769;2027.325684;0.059814;0.000000;0.000000;0.000000;0.000000;2.000000;163.189148;-315.106537;2290.568848;2.068451;0.000000;0.000000;0.000000;0.000000;1.000000;316.806946;-305.812561;2598.079102;2.082080;0.000000;0.000000;0.000000;0.000000;1.000000;444.685242;-373.427917;2684.254395;2.120386;0.000000;0.000000;0.000000;0.000000;1.000000;49.971924;-101.452148;1975.359253;0.053939;0.000000;0.000000;0.000000;0.000000;2.000000;290.979431;-151.208130;2237.327637;0.205731;0.000000;0.000000;0.000000;0.000000;2.000000;471.007568;-153.681030;2534.534912;0.114968;0.000000;0.000000;0.000000;0.000000;2.000000;578.247070;-206.213623;2633.220947;0.314917;0.000000;0.000000;0.000000;0.000000;2.000000;-326.202515;-119.769043;1555.552002;1.258120;0.000000;0.000000;0.000000;0.000000;2.000000;-302.247803;-88.605042;1416.579346;0.721249;0.000000;0.000000;0.000000;0.000000;2.000000;-345.129395;-112.456055;1427.672974;0.666207;0.000000;0.000000;0.000000;0.000000;1.000000;-379.500610;-182.910156;1510.360596;0.367118;0.000000;0.000000;0.000000;0.000000;1.000000;-338.322632;-66.738159;1436.144165;0.497070;0.000000;0.000000;0.000000;0.000000;2.000000;-373.176392;-37.977417;1544.888428;1.558110;0.000000;0.000000;0.000000;0.000000;1.000000;6472566784.000000
0.000000;-150.000000;2000.000000;0.000000;0.000000;0.000000;0.000000;0.000000;2.000000;-83.936157;-132.425659;1864.543701;0.005698;0.000000;0.000000;0.000000;0.000000;2.000000;-159.875427;-104.812622;1765.055908;0.014490;0.000000;0.000000;0.000000;0.000000;2.000000;-284.949341;-107.223389;1615.344849;0.039846;0.000000;0.000000;0.000000;0.000000;2.000000;-285.556641;-119.276245;1657.705444;0.033229;0.000000;0.000000;0.000000;0.000000;1.000000;-345.997742;-179.532410;1753.717163;0.025077;0.000000;0.000000;0.000000;0.000000;1.000000;-321.917297;-243.662781;1992.410522;0.023055;0.000000;0.000000;0.000000;0.000000;1.000000;-179.427429;-393.449799;2018.890015;0.021999;0.000000;0.000000;0.000000;0.000000;1.000000;-124.860474;-457.264099;1997.965088;0.020949;0.000000;0.000000;0.000000;0.000000;0.000000;-61.497437;-528.410706;1979.208496;0.020049;0.000000;0.000000;0.000000;0.000000;0.000000;-98.234009;-466.227020;1952.418091;0.015371;0.000000;0.000000;0.000000;0.000000;0.000000;-243.726807;-92.722412;1623.030640;0.038445;0.000000;0.000000;0.000000;0.000000;1.000000;-140.415161;-68.373596;1571.068481;0.079275;0.000000;0.000000;0.000000;0.000000;1.000000;101.588562;-33.882568;1636.391479;0.070453;0.000000;0.000000;0.000000;0.000000;1.000000;194.134460;-214.572388;1694.131348;0.213068;0.000000;0.000000;0.000000;0.000000;1.000000;270.493744;-234.623596;1743.607422;0.239025;0.000000;0.000000;0.000000;0.000000;1.000000;359.434509;-236.082397;1778.202881;0.256887;0.000000;0.000000;0.000000;0.000000;1.000000;275.925568;-229.600830;1751.675415;0.221070;0.000000;0.000000;0.000000;0.000000;1.000000;-55.393127;-203.833435;2027.340210;0.000850;0.000000;0.000000;0.000000;0.000000;2.000000;171.298950;-306.272980;2287.221436;0.374103;0.000000;0.000000;0.000000;0.000000;2.000000;329.051910;-295.168457;2592.503662;0.515499;0.000000;0.000000;0.000000;0.000000;1.000000;461.133057;-358.711273;2675.316162;0.715499;0.000000;0.000000;0.000000;0.000000;1.000000;49.950439;-101.456116;1975.346191;0.000765;0.000000;0.000000;0.000000;0.000000;2.000000;291.305542;-151.583374;2236.837891;0.020969;0.000000;0.000000;0.000000;0.000000;2.000000;472.172180;-154.695129;2533.458984;0.056554;0.000000;0.000000;0.000000;0.000000;2.000000;580.416992;-208.506836;2630.298584;0.129268;0.000000;0.000000;0.000000;0.000000;2.000000;-327.225403;-118.943359;1556.490601;0.048535;0.000000;0.000000;0.000000;0.000000;2.000000;-306.460876;-85.948364;1417.453247;0.151948;0.000000;0.000000;0.000000;0.000000;2.000000;-348.831970;-110.404785;1429.135864;0.134570;0.000000;0.000000;0.000000;0.000000;1.000000;-380.718323;-182.161255;1511.671631;0.058285;0.000000;0.000000;0.000000;0.000000;1.000000;-342.364319;-64.718933;1437.991699;0.146670;0.000000;0.000000;0.000000;0.000000;1.000000;-375.306458;-37.590088;1547.724487;0.107211;0.000000;0.000000;0.000000;0.000000;1.000000;6472600064.000000
0.000000;-150.000000;2000.000000;0.000000;0.000000;0.000000;0.000000;0.000000;2.000000;-84.078308;-133.686096;1863.512817;0.049114;0.000000;0.000000;0.000000;0.000000;2.000000;-160.095764;-107.245422;1762.932251;0.097260;0.000000;0.000000;0.000000;0.000000;2.000000;-285.345581;-111.445251;1612.118408;0.160106;0.000000;0.000000;0.000000;0.000000;2.000000;-286.008850;-123.271790;1654.774048;0.149523;0.000000;0.000000;0.000000;0.000000;1.000000;-347.720276;-182.928040;1751.225830;0.136724;0.000000;0.000000;0.000000;0.000000;1.000000;-323.825500;-243.573608;1992.152466;0.057922;0.000000;0.000000;0.000000;0.000000;1.000000;-180.339233;-393.256683;2021.974976;0.096835;0.000000;0.000000;0.000000;0.000000;1.000000;-126.735840;-457.352997;1997.846069;0.056528;0.000000;0.000000;0.000000;0.000000;0.000000;-64.304993;-528.955505;1975.487305;0.141023;0.000000;0.000000;0.000000;0.000000;0.000000;-101.814880;-465.076874;1949.823364;0.137297;0.000000;0.000000;0.000000;0.000000;0.000000;-244.023987;-96.571655;1619.863159;0.150054;0.000000;0.000000;0.000000;0.000000;2.000000;-140.621216;-71.936218;1566.860474;0.165788;0.000000;0.000000;0.000000;0.000000;2.000000;101.164001;-37.812988;1637.919678;0.127355;0.000000;0.000000;0.000000;0.000000;2.000000;193.813293;-219.416016;1696.547363;0.162929;0.000000;0.000000;0.000000;0.000000;1.000000;271.321442;-241.672180;1744.151367;0.213877;0.000000;0.000000;0.000000;0.000000;1.000000;361.277679;-244.700073;1777.330200;0.266096;0.000000;0.000000;0.000000;0.000000;1.000000;276.138336;-236.330811;1753.275146;0.207956;0.000000;0.000000;0.000000;0.000000;1.000000;-55.521851;-204.134094;2027.731812;0.015331;0.000000;0.000000;0.000000;0.000000;2.000000;166.624756;-326.517578;2285.436035;0.626615;0.000000;0.000000;0.000000;0.000000;1.000000;328.403992;-328.768127;2590.774658;1.011129;0.000000;0.000000;0.000000;0.000000;1.000000;456.229248;-405.974060;2670.332031;1.435613;0.000000;0.000000;0.000000;0.000000;1.000000;50.066467;-101.184937;1974.992920;0.013829;0.000000;0.000000;0.000000;0.000000;2.000000;291.615387;-150.718689;2238.919922;0.068379;0.000000;0.000000;0.000000;0.000000;2.000000;477.059509;-154.928223;2534.770264;0.152210;0.000000;0.000000;0.000000;0.000000;2.000000;584.999451;-214.569336;2629.778564;0.228885;0.000000;0.000000;0.000000;0.000000;2.000000;-327.591736;-123.881531;1552.924805;0.183354;0.000000;0.000000;0.000000;0.000000;2.000000;-304.876160;-91.141785;1413.370239;0.204137;0.000000;0.000000;0.000000;0.000000;2.000000;-347.057678;-116.695557;1424.476685;0.241191;0.000000;0.000000;0.000000;0.000000;1.000000;-378.893982;-189.037048;1507.320557;0.250567;0.000000;0.000000;0.000000;0.000000;1.000000;-341.867615;-70.572083;1433.171387;0.228329;0.000000;0.000000;0.000000;0.000000;2.000000;-377.748108;-43.403687;1542.615356;0.243858;0.000000;0.000000;0.000000;0.000000;1.000000;6472633344.000000
0.000000;-150.000000;2000.000000;0.000000;0.000000;0.000000;0.000000;0.000000;2.000000;-82.834412;-139.710022;1861.204590;0.197411;0.000000;0.000000;0.000000;0.000000;2.000000;-157.459534;-117.458618;1757.758179;0.353023;0.000000;0.000000;0.000000;0.000000;2.000000;-282.765808;-126.054260;1605.868164;0.483712;0.000000;0.000000;0.000000;0.000000;2.000000;-283.227722;-137.690308;1648.814453;0.476189;0.000000;0.000000;0.000000;0.000000;1.000000;-345.287048;-196.349609;1746.536499;0.433411;0.000000;0.000000;0.000000;0.000000;1.000000;-317.622864;-258.792114;1987.932617;0.509829;0.000000;0.000000;0.000000;0.000000;1.000000;-173.494629;-407.277557;2026.842529;0.491106;0.000000;0.000000;0.000000;0.000000;1.000000;-117.700134;-461.594208;1987.112427;0.440430;0.000000;0.000000;0.000000;0.000000;0.000000;-59.550781;-537.246704;1964.354126;0.440893;0.000000;0.000000;0.000000;0.000000;0.000000;-99.054565;-468.178650;1941.871460;0.269552;0.000000;0.000000;0.000000;0.000000;0.000000;-241.677612;-109.927185;1613.668457;0.447958;0.000000;0.000000;0.000000;0.000000;2.000000;-140.027161;-79.389038;1559.003052;0.325903;0.000000;0.000000;0.000000;0.000000;2.000000;101.940552;-37.946594;1630.238281;0.232022;0.000000;0.000000;0.000000;0.000000;2.000000;199.126770;-219.428528;1685.768066;0.361110;0.000000;0.000000;0.000000;0.000000;1.000000;274.871338;-242.789124;1736.526001;0.254958;0.000000;0.000000;0.000000;0.000000;1.000000;364.418762;-248.529663;1771.813965;0.222764;0.000000;0.000000;0.000000;0.000000;1.000000;279.184143;-237.992737;1746.963257;0.216427;0.000000;0.000000;0.000000;0.000000;1.000000;-57.627197;-200.929688;2030.616699;0.144178;0.000000;0.000000;0.000000;0.000000;2.000000;162.084045;-328.385956;2290.553467;0.213102;0.000000;0.000000;0.000000;0.000000;1.000000;329.491669;-329.254578;2594.878174;0.128395;0.000000;0.000000;0.000000;0.000000;1.000000;454.008453;-415.923401;2671.744873;0.309243;0.000000;0.000000;0.000000;0.000000;1.000000;51.965027;-104.074463;1972.391602;0.130010;0.000000;0.000000;0.000000;0.000000;2.000000;295.909515;-156.607849;2236.081787;0.235023;0.000000;0.000000;0.000000;0.000000;2.000000;478.063507;-150.943237;2536.046631;0.129302;0.000000;0.000000;0.000000;0.000000;2.000000;586.477478;-214.721008;2629.122803;0.048800;0.000000;0.000000;0.000000;0.000000;2.000000;-324.705017;-140.077148;1546.338135;0.532466;0.000000;0.000000;0.000000;0.000000;2.000000;-303.178772;-98.505066;1408.176025;0.275524;0.000000;0.000000;0.000000;0.000000;2.000000;-346.491516;-122.978210;1418.522339;0.260651;0.000000;0.000000;0.000000;0.000000;1.000000;-380.159363;-199.822876;1497.302979;0.443947;0.000000;0.000000;0.000000;0.000000;1.000000;-338.955872;-77.622803;1430.311890;0.244791;0.000000;0.000000;0.000000;0.000000;2.000000;-371.509216;-56.477905;1542.744141;0.435309;0.000000;0.000000;0.000000;0.000000;1.000000;6472666624.000000
0.000000;-150.000000;2000.000000;0.000000;0.000000;0.000000;0.000000;0.000000;2.000000;-82.687622;-139.437988;1860.854614;0.014031;0.000000;0.000000;0.000000;0.000000;2.000000;-156.386841;-118.413940;1756.251221;0.062557;0.000000;0.000000;0.000000;0.000000;2.000000;-266.043457;-122.014771;1592.162598;0.660919;0.000000;0.000000;0.000000;0.000000;2.000000;-270.121765;-136.486755;1634.113403;0.592896;0.000000;0.000000;0.000000;0.000000;1.000000;-337.664124;-205.145813;1721.384888;0.832763;0.000000;0.000000;0.000000;0.000000;1.000000;-327.096497;-283.285187;1959.938232;1.153371;0.000000;0.000000;0.000000;0.000000;1.000000;-179.627502;-426.648621;2006.495483;0.864034;0.000000;0.000000;0.000000;0.000000;1.000000;-114.664307;-474.583588;1972.631958;0.591592;0.000000;0.000000;0.000000;0.000000;0.000000;-48.115845;-544.634338;1954.866089;0.498615;0.000000;0.000000;0.000000;0.000000;1.000000;-87.766907;-476.559448;1932.638794;0.505390;0.000000;0.000000;0.000000;0.000000;1.000000;-226.637451;-104.772705;1605.010620;0.543972;0.000000;0.000000;0.000000;0.000000;1.000000;-121.307373;-63.292053;1566.522095;0.775496;0.000000;0.000000;0.000000;0.000000;1.000000;116.743164;-29.215515;1654.311157;0.888759;0.000000;0.000000;0.000000;0.000000;1.000000;212.311218;-215.999573;1694.049927;0.479054;0.000000;0.000000;0.000000;0.000000;1.000000;286.625427;-244.395569;1744.616455;0.431475;0.000000;0.000000;0.000000;0.000000;1.000000;375.139160;-253.550293;1782.117432;0.471568;0.000000;0.000000;0.000000;0.000000;1.000000;289.507751;-237.131958;1755.611328;0.405490;0.000000;0.000000;0.000000;0.000000;1.000000;-57.820007;-200.989197;2030.489380;0.007169;0.000000;0.000000;0.000000;0.000000;2.000000;156.477295;-326.151154;2296.745605;0.259829;0.000000;0.000000;0.000000;0.000000;1.000000;315.975494;-318.390533;2605.778564;0.615460;0.000000;0.000000;0.000000;0.000000;1.000000;437.250061;-403.399902;2689.903320;0.832397;0.000000;0.000000;0.000000;0.000000;1.000000;52.138855;-104.020813;1972.506470;0.006465;0.000000;0.000000;0.000000;0.000000;2.000000;296.227936;-157.217529;2236.678467;0.027361;0.000000;0.000000;0.000000;0.000000;2.000000;478.914154;-152.420532;2536.950195;0.057974;0.000000;0.000000;0.000000;0.000000;2.000000;588.005676;-216.509155;2629.413574;0.071217;0.000000;0.000000;0.000000;0.000000;2.000000;-301.383911;-133.775513;1527.908569;0.913004;0.000000;0.000000;0.000000;0.000000;2.000000;-290.269775;-84.575745;1390.795288;0.773560;0.000000;0.000000;0.000000;0.000000;1.000000;-330.496399;-113.742371;1401.788330;0.748898;0.000000;0.000000;0.000000;0.000000;1.000000;-352.855286;-196.863220;1478.441650;1.001112;0.000000;0.000000;0.000000;0.000000;1.000000;-326.970032;-68.307922;1415.313232;0.641220;0.000000;0.000000;0.000000;0.000000;1.000000;-356.442688;-55.135986;1529.978149;0.594748;0.000000;0.000000;0.000000;0.000000;1.000000;6472699904.000000
0.000000;-150.000000;2000.000000;0.000000;0.000000;0.000000;0.000000;0.000000;2.000000;-84.713501;-142.639343;1854.741211;0.216109;0.000000;0.000000;0.000000;0.000000;2.000000;-156.022461;-131.162842;1741.206787;0.592642;0.000000;0.000000;0.000000;0.000000;2.000000;-303.085571;-99.971497;1602.087524;1.329106;0.000000;0.000000;0.000000;0.000000;2.000000;-300.245056;-118.572937;1644.329224;1.096932;0.000000;0.000000;0.000000;0.000000;1.000000;-357.664734;-174.387451;1752.852417;1.452384;0.000000;0.000000;0.000000;0.000000;1.000000;-288.162231;-248.770874;1992.871460;1.850267;0.000000;0.000000;0.000000;0.000000;1.000000;-175.351746;-433.639893;2024.172974;0.585478;0.000000;0.000000;0.000000;0.000000;1.000000;-112.238953;-479.591400;1977.713013;0.226415;0.000000;0.000000;0.000000;0.000000;0.000000;-44.342285;-548.983398;1946.610107;0.302450;0.000000;0.000000;0.000000;0.000000;1.000000;-89.496582;-477.169189;1932.770264;0.055250;0.000000;0.000000;0.000000;0.000000;1.000000;-257.823242;-89.983521;1606.723877;1.038381;0.000000;0.000000;0.000000;0.000000;2.000000;-149.252686;-60.550903;1554.374390;0.919305;0.000000;0.000000;0.000000;0.000000;2.000000;99.662476;-77.884399;1645.531616;1.572146;0.000000;0.000000;0.000000;0.000000;2.000000;221.450806;-259.398071;1681.903076;1.381724;0.000000;0.000000;0.000000;0.000000;1.000000;293.480103;-251.646057;1747.629517;0.313185;0.000000;0.000000;0.000000;0.000000;1.000000;383.159210;-250.656372;1792.323730;0.399611;0.000000;0.000000;0.000000;0.000000;1.000000;294.904541;-234.701355;1758.505493;0.197974;0.000000;0.000000;0.000000;0.000000;1.000000;-59.611816;-203.085327;2032.075073;0.095583;0.000000;0.000000;0.000000;0.000000;2.000000;193.525696;-234.362183;2310.639160;3.003430;0.000000;0.000000;0.000000;0.000000;2.000000;407.287415;-222.811035;2601.269043;3.974265;0.000000;0.000000;0.000000;0.000000;1.000000;536.546143;-343.350494;2602.445313;4.366240;0.000000;0.000000;0.000000;0.000000;1.000000;53.754578;-102.130615;1971.076538;0.086192;0.000000;0.000000;0.000000;0.000000;2.000000;293.277435;-142.017090;2259.842285;0.837216;0.000000;0.000000;0.000000;0.000000;2.000000;507.602966;-160.168274;2554.433594;1.036003;0.000000;0.000000;0.000000;0.000000;2.000000;632.772705;-263.947388;2551.971191;3.042402;0.000000;0.000000;0.000000;0.000000;2.000000;-354.940369;-99.515869;1545.076172;1.978785;0.000000;0.000000;0.000000;0.000000;2.000000;-301.843384;-104.451782;1403.161987;0.784675;0.000000;0.000000;0.000000;0.000000;2.000000;-345.495789;-132.306030;1413.515625;0.799031;0.000000;0.000000;0.000000;0.000000;1.000000;-391.971375;-184.449097;1510.603271;1.566698;0.000000;0.000000;0.000000;0.000000;1.000000;-345.453918;-83.220703;1408.636353;0.741296;0.000000;0.000000;0.000000;0.000000;2.000000;-409.143250;-29.235657;1499.791260;1.983953;0.000000;0.000000;0.000000;0.000000;1.000000;6472733184.000000
0.000000;-150.000000;2000.000000;0.000000;0.000000;0.000000;0.000000;0.000000;2.000000;-81.402710;-139.718323;1853.766846;0.135859;0.000000;0.000000;0.000000;0.000000;2.000000;-146.268494;-131.786072;1736.723022;0.323115;0.000000;0.000000;0.000000;0.000000;2.000000;-299.833618;-84.121948;1611.092529;0.556396;0.000000;0.000000;0.000000;0.000000;2.000000;-293.864380;-111.344910;1647.774048;0.307643;0.000000;0.000000;0.000000;0.000000;1.000000;-342.836548;-190.477295;1744.684814;0.701780;0.000000;0.000000;0.000000;0.000000;1.000000;-285.564026;-282.614685;1980.669678;1.083831;0.000000;0.000000;0.000000;0.000000;1.000000;-159.745789;-454.373108;2027.457031;0.785972;0.000000;0.000000;0.000000;0.000000;1.000000;-99.245361;-492.407593;1971.923950;0.575326;0.000000;0.000000;0.000000;0.000000;0.000000;-32.118286;-555.115540;1928.615601;0.679134;0.000000;0.000000;0.000000;0.000000;1.000000;-79.211243;-479.083832;1925.214111;0.387783;0.000000;0.000000;0.000000;0.000000;1.000000;-255.664246;-71.264526;1617.197388;0.647783;0.000000;0.000000;0.000000;0.000000;1.000000;-159.676025;-0.094543;1585.591919;2.068336;0.000000;0.000000;0.000000;0.000000;1.000000;99.180359;10.465393;1639.598755;2.660759;0.000000;0.000000;0.000000;0.000000;1.000000;241.158905;-157.637329;1621.864136;3.599294;0.000000;0.000000;0.000000;0.000000;1.000000;284.908600;-193.680603;1701.127686;2.247766;0.000000;0.000000;0.000000;0.000000;1.000000;352.397247;-229.771057;1765.218750;1.382595;0.000000;0.000000;0.000000;0.000000;1.000000;267.432556;-218.462097;1724.762695;1.395538;0.000000;0.000000;0.000000;0.000000;1.000000;-58.045166;-206.314636;2028.352173;0.155389;0.000000;0.000000;0.000000;0.000000;2.000000;179.339172;-223.665710;2319.767822;0.600213;0.000000;0.000000;0.000000;0.000000;2.000000;390.675415;-217.572998;2610.640869;0.594334;0.000000;0.000000;0.000000;0.000000;1.000000;519.149536;-337.846680;2605.053711;0.553845;0.000000;0.000000;0.000000;0.000000;1.000000;52.341858;-99.218567;1974.433716;0.140123;0.000000;0.000000;0.000000;0.000000;2.000000;293.037140;-148.843079;2258.817383;0.207533;0.000000;0.000000;0.000000;0.000000;2.000000;497.754181;-155.822205;2558.958008;0.350878;0.000000;0.000000;0.000000;0.000000;2.000000;606.175659;-276.189484;2558.787354;0.903309;0.000000;0.000000;0.000000;0.000000;2.000000;-353.335938;-75.702820;1556.676514;0.797381;0.000000;0.000000;0.000000;0.000000;2.000000;-312.608154;-109.806702;1415.299316;0.513348;0.000000;0.000000;0.000000;0.000000;2.000000;-353.871338;-135.622131;1435.259155;0.707201;0.000000;0.000000;0.000000;0.000000;1.000000;-389.525391;-166.508301;1544.673462;1.159339;0.000000;0.000000;0.000000;0.000000;1.000000;-356.258301;-88.929016;1420.132324;0.504125;0.000000;0.000000;0.000000;0.000000;1.000000;-413.838989;-18.243835;1502.911377;0.371194;0.000000;0.000000;0.000000;0.000000;1.000000;6472766464.000000
0.000000;-150.000000;2000.000000;0.000000;0.000000;0.000000;0.000000;0.000000;2.000000;-76.437744;-140.579895;1853.453369;0.149411;0.000000;0.000000;0.000000;0.000000;2.000000;-133.467041;-137.873657;1734.050659;0.426873;0.000000;0.000000;0.000000;0.000000;2.000000;-269.908691;-105.684509;1589.361694;1.266860;0.000000;0.000000;0.000000;0.000000;2.000000;-266.255859;-132.503662;1625.914795;1.215739;0.000000;0.000000;0.000000;0.000000;1.000000;-313.471863;-224.191284;1709.346313;1.686459;0.000000;0.000000;0.000000;0.000000;1.000000;-283.772217;-320.662964;1945.076172;1.542742;0.000000;0.000000;0.000000;0.000000;1.000000;-142.729797;-472.282104;2003.734619;1.013539;0.000000;0.000000;0.000000;0.000000;1.000000;-78.426636;-506.143860;1951.745850;0.949399;0.000000;0.000000;0.000000;0.000000;0.000000;-13.109070;-567.168030;1906.319336;0.937553;0.000000;0.000000;0.000000;0.000000;1.000000;-56.439575;-487.924042;1904.105591;0.955379;0.000000;0.000000;0.000000;0.000000;1.000000;-229.403809;-88.239868;1601.782104;1.031683;0.000000;0.000000;0.000000;0.000000;1.000000;-139.307678;-7.714294;1584.725708;0.644064;0.000000;0.000000;0.000000;0.000000;1.000000;107.702942;44.889404;1651.716064;1.109030;0.000000;0.000000;0.000000;0.000000;1.000000;263.978699;-103.803162;1620.560181;1.730752;0.000000;0.000000;0.000000;0.000000;1.000000;295.445251;-166.086243;1686.795532;0.971564;0.000000;0.000000;0.000000;0.000000;1.000000;343.346619;-223.180054;1751.289063;0.528868;0.000000;0.000000;0.000000;0.000000;1.000000;260.494537;-200.916626;1698.763672;0.950629;0.000000;0.000000;0.000000;0.000000;1.000000;-55.524048;-208.666931;2025.189697;0.138457;0.000000;0.000000;0.000000;0.000000;2.000000;155.889282;-221.285400;2330.396484;0.765151;0.000000;0.000000;0.000000;0.000000;2.000000;341.202118;-211.306702;2633.062500;1.618053;0.000000;0.000000;0.000000;0.000000;1.000000;471.289063;-326.565308;2636.770508;1.731584;0.000000;0.000000;0.000000;0.000000;1.000000;50.068481;-97.097534;1977.285278;0.124847;0.000000;0.000000;0.000000;0.000000;2.000000;293.036438;-153.170349;2252.114746;0.236095;0.000000;0.000000;0.000000;0.000000;2.000000;493.731445;-163.074219;2549.329590;0.376051;0.000000;0.000000;0.000000;0.000000;2.000000;599.968018;-282.604584;2552.186523;0.328546;0.000000;0.000000;0.000000;0.000000;2.000000;-314.983459;-102.267944;1528.513794;1.612674;0.000000;0.000000;0.000000;0.000000;2.000000;-327.828918;-123.313843;1381.454834;1.168659;0.000000;0.000000;0.000000;0.000000;1.000000;-364.611023;-144.117798;1411.653564;0.807586;0.000000;0.000000;0.000000;0.000000;1.000000;-369.716858;-182.430176;1522.760864;0.993034;0.000000;0.000000;0.000000;0.000000;1.000000;-362.280701;-96.693054;1401.687134;0.618465;0.000000;0.000000;0.000000;0.000000;1.000000;-375.739075;-29.937866;1502.407471;1.179490;0.000000;0.000000;0.000000;0.000000;1.000000;6472800256.000000
0.000000;-150.000000;2000.000000;0.000000;0.000000;0.000000;0.000000;0.000000;2.000000;-77.540222;-139.330933;1858.150391;0.149751;0.000000;0.000000;0.000000;0.000000;2.000000;-137.084229;-134.801575;1743.218018;0.310183;0.000000;0.000000;0.000000;0.000000;2.000000;-269.593933;-104.581238;1600.397217;0.333383;0.000000;0.000000;0.000000;0.000000;2.000000;-268.771301;-125.101440;1639.887085;0.481093;0.000000;0.000000;0.000000;0.000000;1.000000;-326.303589;-191.785339;1735.257080;1.304988;0.000000;0.000000;0.000000;0.000000;1.000000;-300.877441;-280.846527;1968.487671;1.480012;0.000000;0.000000;0.000000;0.000000;1.000000;-180.912354;-453.957672;1970.183716;1.623529;0.000000;0.000000;0.000000;0.000000;1.000000;-106.513855;-493.990509;1947.629150;0.927869;0.000000;0.000000;0.000000;0.000000;0.000000;-33.740051;-550.000916;1913.056519;0.831489;0.000000;0.000000;0.000000;0.000000;1.000000;-70.799927;-475.726746;1910.317627;0.596122;0.000000;0.000000;0.000000;0.000000;1.000000;-227.283203;-92.516907;1609.037231;0.260963;0.000000;0.000000;0.000000;0.000000;2.000000;-121.592346;-58.141907;1565.331299;1.708497;0.000000;0.000000;0.000000;0.000000;2.000000;114.782959;13.445435;1631.529663;1.142752;0.000000;0.000000;0.000000;0.000000;2.000000;274.728088;-126.887939;1646.237061;1.086627;0.000000;0.000000;0.000000;0.000000;1.000000;301.484222;-193.568848;1707.085449;1.042388;0.000000;0.000000;0.000000;0.000000;1.000000;351.613434;-246.492859;1770.241821;0.936341;0.000000;0.000000;0.000000;0.000000;1.000000;260.176666;-207.878540;1722.267456;0.736636;0.000000;0.000000;0.000000;0.000000;1.000000;-60.502991;-198.257202;2029.443481;0.369539;0.000000;0.000000;0.000000;0.000000;2.000000;155.460266;-263.590210;2314.500488;1.358015;0.000000;0.000000;0.000000;0.000000;1.000000;322.852325;-251.056641;2618.698242;1.384530;0.000000;0.000000;0.000000;0.000000;1.000000;444.746643;-368.753235;2633.909180;1.500151;0.000000;0.000000;0.000000;0.000000;1.000000;54.558228;-106.484314;1973.449463;0.333226;0.000000;0.000000;0.000000;0.000000;2.000000;293.242493;-150.515625;2243.584473;0.268515;0.000000;0.000000;0.000000;0.000000;2.000000;494.323608;-156.858337;2531.321289;0.572719;0.000000;0.000000;0.000000;0.000000;2.000000;595.344360;-276.267609;2537.287109;0.505958;0.000000;0.000000;0.000000;0.000000;2.000000;-315.014282;-103.484985;1541.758301;0.399650;0.000000;0.000000;0.000000;0.000000;2.000000;-320.013428;-105.728149;1395.938599;0.723727;0.000000;0.000000;0.000000;0.000000;2.000000;-357.475708;-129.460388;1420.776245;0.561325;0.000000;0.000000;0.000000;0.000000;1.000000;-368.097046;-180.321289;1523.506348;0.082984;0.000000;0.000000;0.000000;0.000000;1.000000;-354.754761;-82.203491;1417.081787;0.674298;0.000000;0.000000;0.000000;0.000000;1.000000;-373.154541;-29.741516;1522.275146;0.602044;0.000000;0.000000;0.000000;0.000000;1.000000;6472833536.000000
0.000000;-150.000000;2000.000000;0.000000;0.000000;0.000000;0.000000;0.000000;2.000000;-68.775269;-150.249817;1875.414063;0.667906;0.000000;0.000000;0.000000;0.000000;2.000000;-132.910767;-139.340881;1782.081421;1.182378;0.000000;0.000000;0.000000;0.000000;2.000000;-252.260132;-150.125244;1657.061279;2.245686;0.000000;0.000000;0.000000;0.000000;2.000000;-248.257446;-163.233459;1693.677856;2.074910;0.000000;0.000000;0.000000;0.000000;1.000000;-289.391602;-221.415405;1782.702393;2.013780;0.000000;0.000000;0.000000;0.000000;1.000000;-262.459045;-267.269318;1996.621216;1.487853;0.000000;0.000000;0.000000;0.000000;1.000000;-137.799866;-403.583008;2006.954712;2.278191;0.000000;0.000000;0.000000;0.000000;1.000000;-92.494751;-464.917572;1997.720459;1.790550;0.000000;0.000000;0.000000;0.000000;0.000000;-47.288757;-533.403564;1971.356201;1.866344;0.000000;0.000000;0.000000;0.000000;1.000000;-63.149841;-466.012909;1969.789185;1.825219;0.000000;0.000000;0.000000;0.000000;1.000000;-217.632813;-132.142334;1662.420044;2.018602;0.000000;0.000000;0.000000;0.000000;2.000000;-140.373169;-93.417236;1602.958252;1.649324;0.000000;0.000000;0.000000;0.000000;2.000000;51.093079;20.131409;1632.832886;1.924673;0.000000;0.000000;0.000000;0.000000;2.000000;182.954895;-105.180664;1677.660400;2.986868;0.000000;0.000000;0.000000;0.000000;1.000000;238.061554;-142.193970;1726.985840;2.524367;0.000000;0.000000;0.000000;0.000000;1.000000;290.890472;-189.609924;1773.228882;2.501738;0.000000;0.000000;0.000000;0.000000;1.000000;244.616455;-165.809570;1722.970825;1.347955;0.000000;0.000000;0.000000;0.000000;1.000000;-45.112732;-201.279541;2025.006470;0.489776;0.000000;0.000000;0.000000;0.000000;2.000000;148.743103;-222.609802;2277.869629;1.663897;0.000000;0.000000;0.000000;0.000000;2.000000;308.683655;-206.183228;2537.267578;2.826010;0.000000;0.000000;0.000000;0.000000;1.000000;438.717743;-275.304535;2562.645996;3.535913;0.000000;0.000000;0.000000;0.000000;1.000000;40.680115;-103.758911;1977.450562;0.441654;0.000000;0.000000;0.000000;0.000000;2.000000;226.619019;-99.690857;2236.613281;2.526620;0.000000;0.000000;0.000000;0.000000;1.000000;350.258789;-54.485413;2515.500000;5.331751;0.000000;0.000000;0.000000;0.000000;1.000000;472.997864;-99.860657;2557.678223;6.479795;0.000000;0.000000;0.000000;0.000000;1.000000;-291.696777;-162.825562;1606.770630;2.736127;0.000000;0.000000;0.000000;0.000000;2.000000;-301.247009;-128.542053;1483.633789;2.780559;0.000000;0.000000;0.000000;0.000000;1.000000;-338.091614;-144.354797;1503.275757;2.585489;0.000000;0.000000;0.000000;0.000000;1.000000;-357.173035;-207.367859;1580.027954;1.911196;0.000000;0.000000;0.000000;0.000000;1.000000;-323.337952;-105.965027;1510.193726;3.037898;0.000000;0.000000;0.000000;0.000000;1.000000;-321.296936;-84.154236;1612.383545;3.525944;0.000000;0.000000;0.000000;0.000000;1.000000;6472866816.000000
0.000000;-150.000000;2000.000000;0.000000;0.000000;0.000000;0.000000;0.000000;2.000000;-60.724060;-141.655457;1867.750610;0.422187;0.000000;0.000000;0.000000;0.000000;2.000000;-113.843506;-130.256714;1764.659546;0.822683;0.000000;0.000000;0.000000;0.000000;2.000000;-215.598511;-104.643616;1621.640869;2.052805;0.000000;0.000000;0.000000;0.000000;2.000000;-216.958069;-127.368713;1654.587402;1.850824;0.000000;0.000000;0.000000;0.000000;1.000000;-276.021667;-208.101318;1714.880371;2.115318;0.000000;0.000000;0.000000;0.000000;1.000000;-279.278076;-322.292328;1909.628296;3.133970;0.000000;0.000000;0.000000;0.000000;1.000000;-142.222229;-445.014587;1955.071411;1.999498;0.000000;0.000000;0.000000;0.000000;1.000000;-85.984863;-494.495789;1979.126465;1.067864;0.000000;0.000000;0.000000;0.000000;0.000000;-22.027405;-555.247314;1982.697754;1.059772;0.000000;0.000000;0.000000;0.000000;1.000000;-42.065063;-483.630310;1959.379028;0.882878;0.000000;0.000000;0.000000;0.000000;1.000000;-181.549377;-89.236816;1636.828491;1.851758;0.000000;0.000000;0.000000;0.000000;1.000000;-104.965454;-14.951904;1624.108032;2.663593;0.000000;0.000000;0.000000;0.000000;1.000000;113.557556;37.399963;1673.413696;2.297611;0.000000;0.000000;0.000000;0.000000;1.000000;251.061920;-95.357300;1656.293091;2.165053;0.000000;0.000000;0.000000;0.000000;1.000000;254.943237;-151.399841;1719.696655;0.617904;0.000000;0.000000;0.000000;0.000000;1.000000;281.744720;-199.601807;1786.693237;0.573888;0.000000;0.000000;0.000000;0.000000;1.000000;235.482483;-172.912231;1723.893066;0.348775;0.000000;0.000000;0.000000;0.000000;1.000000;-46.702148;-205.193665;2017.961304;0.246835;0.000000;0.000000;0.000000;0.000000;2.000000;159.529419;-225.933167;2270.991699;0.397152;0.000000;0.000000;0.000000;0.000000;2.000000;308.688660;-200.930542;2544.563477;0.270133;0.000000;0.000000;0.000000;0.000000;1.000000;434.292633;-253.003845;2614.848633;1.710899;0.000000;0.000000;0.000000;0.000000;1.000000;42.113403;-100.229431;1983.803467;0.222581;0.000000;0.000000;0.000000;0.000000;2.000000;267.473572;-152.956604;2214.429443;2.124392;0.000000;0.000000;0.000000;0.000000;2.000000;430.203491;-150.351685;2485.158203;3.859993;0.000000;0.000000;0.000000;0.000000;2.000000;522.564148;-193.597046;2582.271973;3.270713;0.000000;0.000000;0.000000;0.000000;2.000000;-247.750122;-102.855835;1563.182129;2.589655;0.000000;0.000000;0.000000;0.000000;2.000000;-322.348938;-119.091064;1456.373657;1.074078;0.000000;0.000000;0.000000;0.000000;1.000000;-333.126404;-143.838928;1493.288818;0.335488;0.000000;0.000000;0.000000;0.000000;1.000000;-281.058716;-180.861450;1574.814575;2.426865;0.000000;0.000000;0.000000;0.000000;1.000000;-341.824890;-102.157898;1489.852295;0.833819;0.000000;0.000000;0.000000;0.000000;1.000000;-313.654724;-49.333801;1578.595947;1.475868;0.000000;0.000000;0.000000;0.000000;1.000000;6472900096.000000
0.000000;-150.000000;2000.000000;0.000000;0.000000;0.000000;0.000000;0.000000;2.000000;-61.774902;-136.881531;1865.305420;0.164233;0.000000;0.000000;0.000000;0.000000;2.000000;-110.981812;-126.576599;1757.524048;0.256111;0.000000;0.000000;0.000000;0.000000;2.000000;-221.181580;-96.541565;1617.070068;0.325999;0.000000;0.000000;0.000000;0.000000;2.000000;-220.829102;-121.029724;1649.791260;0.265668;0.000000;0.000000;0.000000;0.000000;1.000000;-279.227966;-204.452087;1711.753296;0.173593;0.000000;0.000000;0.000000;0.000000;1.000000;-268.998169;-344.854919;1894.181641;0.877767;0.000000;0.000000;0.000000;0.000000;1.000000;-132.347046;-478.052887;1925.628052;1.362461;0.000000;0.000000;0.000000;0.000000;1.000000;-75.265686;-512.179321;1970.619995;0.671874;0.000000;0.000000;0.000000;0.000000;1.000000;-3.399780;-558.366577;1999.261475;0.754844;0.000000;0.000000;0.000000;0.000000;1.000000;-27.520386;-486.988892;1956.976807;0.454311;0.000000;0.000000;0.000000;0.000000;1.000000;-186.052307;-80.860413;1631.736938;0.324136;0.000000;0.000000;0.000000;0.000000;1.000000;-109.970520;-2.977966;1618.646851;0.423081;0.000000;0.000000;0.000000;0.000000;1.000000;115.147522;43.612915;1666.364624;0.286354;0.000000;0.000000;0.000000;0.000000;1.000000;261.681946;-85.565186;1652.302612;0.450315;0.000000;0.000000;0.000000;0.000000;1.000000;264.288086;-145.888489;1714.179077;0.365729;0.000000;0.000000;0.000000;0.000000;1.000000;284.028900;-199.536194;1781.823730;0.161629;0.000000;0.000000;0.000000;0.000000;1.000000;238.624664;-170.003174;1715.027954;0.295827;0.000000;0.000000;0.000000;0.000000;1.000000;-48.243347;-206.362671;2016.636475;0.070450;0.000000;0.000000;0.000000;0.000000;2.000000;169.805237;-227.115906;2268.550781;0.319344;0.000000;0.000000;0.000000;0.000000;2.000000;319.771088;-197.924133;2548.619141;0.365930;0.000000;0.000000;0.000000;0.000000;1.000000;449.385529;-242.931702;2623.299316;0.601455;0.000000;0.000000;0.000000;0.000000;1.000000;43.503052;-99.175354;1984.998291;0.063527;0.000000;0.000000;0.000000;0.000000;2.000000;271.939819;-154.329163;2221.581543;0.256702;0.000000;0.000000;0.000000;0.000000;2.000000;440.483734;-154.244812;2496.401367;0.472480;0.000000;0.000000;0.000000;0.000000;2.000000;535.210999;-195.066956;2596.486816;0.573411;0.000000;0.000000;0.000000;0.000000;2.000000;-256.469666;-92.960144;1558.918701;0.416501;0.000000;0.000000;0.000000;0.000000;2.000000;-326.121765;-119.421570;1447.554321;0.288405;0.000000;0.000000;0.000000;0.000000;1.000000;-335.528259;-145.356873;1485.200195;0.257607;0.000000;0.000000;0.000000;0.000000;1.000000;-281.505066;-175.825012;1570.801758;0.193962;0.000000;0.000000;0.000000;0.000000;1.000000;-349.099915;-104.168152;1480.728516;0.355801;0.000000;0.000000;0.000000;0.000000;1.000000;-330.096985;-46.290344;1571.421143;0.546750;0.000000;0.000000;0.000000;0.000000;1.000000;6472933376.000000
0.000000;-150.000000;2000.000000;0.000000;0.000000;0.000000;0.000000;0.000000;2.000000;-71.641357;-136.020691;1867.015503;0.301998;0.000000;0.000000;0.000000;0.000000;2.000000;-130.843811;-122.562683;1762.030029;0.623752;0.000000;0.000000;0.000000;0.000000;2.000000;-245.515015;-101.793152;1618.856689;0.749931;0.000000;0.000000;0.000000;0.000000;2.000000;-246.082764;-121.805237;1655.411133;0.777736;0.000000;0.000000;0.000000;0.000000;1.000000;-305.633179;-195.296082;1731.753174;1.032650;0.000000;0.000000;0.000000;0.000000;1.000000;-309.184326;-313.174438;1934.991333;1.966718;0.000000;0.000000;0.000000;0.000000;1.000000;-164.606079;-446.760010;1922.879639;1.352979;0.000000;0.000000;0.000000;0.000000;1.000000;-99.992615;-479.305206;1961.220215;1.267902;0.000000;0.000000;0.000000;0.000000;0.000000;-33.702881;-536.535400;1989.008423;1.163758;0.000000;0.000000;0.000000;0.000000;1.000000;-50.252625;-467.964905;1953.029419;0.898557;0.000000;0.000000;0.000000;0.000000;1.000000;-207.862183;-87.293091;1630.460327;0.684331;0.000000;0.000000;0.000000;0.000000;2.000000;-113.029114;-37.459839;1598.397583;1.205069;0.000000;0.000000;0.000000;0.000000;2.000000;109.908203;31.629150;1651.766602;0.588945;0.000000;0.000000;0.000000;0.000000;2.000000;212.941895;-131.258423;1704.085693;2.539898;0.000000;0.000000;0.000000;0.000000;2.000000;205.148499;-178.609802;1778.040771;2.794065;0.000000;0.000000;0.000000;0.000000;1.000000;220.408447;-217.104614;1858.299316;3.035410;0.000000;0.000000;0.000000;0.000000;1.000000;183.537292;-166.102234;1787.844727;2.746091;0.000000;0.000000;0.000000;0.000000;1.000000;-50.338867;-204.971985;2021.339966;0.160267;0.000000;0.000000;0.000000;0.000000;2.000000;183.899292;-218.813660;2267.953613;0.491841;0.000000;0.000000;0.000000;0.000000;2.000000;346.474518;-185.833191;2547.807129;0.881143;0.000000;0.000000;0.000000;0.000000;1.000000;488.486694;-234.075745;2601.476074;1.371583;0.000000;0.000000;0.000000;0.000000;1.000000;45.392761;-100.429321;1980.756958;0.144520;0.000000;0.000000;0.000000;0.000000;2.000000;276.968781;-148.990173;2224.975098;0.242835;0.000000;0.000000;0.000000;0.000000;2.000000;454.487030;-152.205872;2501.654785;0.453565;0.000000;0.000000;0.000000;0.000000;2.000000;559.849854;-212.434570;2583.819824;0.982512;0.000000;0.000000;0.000000;0.000000;2.000000;-283.301575;-103.079224;1560.589478;0.863138;0.000000;0.000000;0.000000;0.000000;2.000000;-319.401123;-73.888977;1432.083008;1.459033;0.000000;0.000000;0.000000;0.000000;2.000000;-344.777344;-107.189270;1454.716919;1.493828;0.000000;0.000000;0.000000;0.000000;1.000000;-325.518433;-177.076843;1534.495239;1.714823;0.000000;0.000000;0.000000;0.000000;1.000000;-349.061646;-63.709167;1462.937500;1.328061;0.000000;0.000000;0.000000;0.000000;1.000000;-349.245117;-43.287842;1572.458008;0.583228;0.000000;0.000000;0.000000;0.000000;1.000000;6472966656.000000
0.000000;-150.000000;2000.000000;0.000000;0.000000;0.000000;0.000000;0.000000;2.000000;-72.276855;-135.964844;1866.619141;0.022568;0.000000;0.000000;0.000000;0.000000;2.000000;-132.608215;-121.718384;1761.776123;0.059267;0.000000;0.000000;0.000000;0.000000;2.000000;-249.872681;-101.132080;1619.653809;0.134586;0.000000;0.000000;0.000000;0.000000;2.000000;-249.059021;-122.762512;1655.479614;0.093965;0.000000;0.000000;0.000000;0.000000;1.000000;-305.330994;-201.549438;1729.835815;0.196745;0.000000;0.000000;0.000000;0.000000;1.000000;-302.301208;-324.859833;1931.020996;0.424614;0.000000;0.000000;0.000000;0.000000;1.000000;-154.040955;-455.701874;1919.639526;0.427145;0.000000;0.000000;0.000000;0.000000;1.000000;-89.290771;-486.416321;1959.963013;0.387932;0.000000;0.000000;0.000000;0.000000;1.000000;-21.635071;-541.228516;1990.508179;0.391671;0.000000;0.000000;0.000000;0.000000;1.000000;-39.164734;-472.754517;1952.928589;0.362938;0.000000;0.000000;0.000000;0.000000;1.000000;-212.813538;-85.030701;1631.703979;0.167788;0.000000;0.000000;0.000000;0.000000;1.000000;-123.622925;-22.743896;1603.811890;0.568618;0.000000;0.000000;0.000000;0.000000;1.000000;100.623291;41.253052;1662.422974;0.513802;0.000000;0.000000;0.000000;0.000000;1.000000;219.122589;-119.040527;1684.641846;0.714577;0.000000;0.000000;0.000000;0.000000;1.000000;217.268036;-176.784790;1751.734863;0.872023;0.000000;0.000000;0.000000;0.000000;1.000000;238.395294;-225.380859;1825.345947;1.155171;0.000000;0.000000;0.000000;0.000000;1.000000;190.826111;-165.351318;1763.807373;0.755089;0.000000;0.000000;0.000000;0.000000;1.000000;-50.468018;-205.248840;2021.534180;0.010878;0.000000;0.000000;0.000000;0.000000;2.000000;174.113953;-246.856689;2275.914063;0.923964;0.000000;0.000000;0.000000;0.000000;1.000000;333.981018;-230.490662;2560.385742;1.443746;0.000000;0.000000;0.000000;0.000000;1.000000;468.560333;-293.815247;2619.313965;1.966728;0.000000;0.000000;0.000000;0.000000;1.000000;45.509277;-100.179688;1980.581665;0.009812;0.000000;0.000000;0.000000;0.000000;2.000000;278.809113;-147.237305;2225.495361;0.077952;0.000000;0.000000;0.000000;0.000000;2.000000;456.080383;-148.363464;2504.028809;0.143914;0.000000;0.000000;0.000000;0.000000;2.000000;562.910095;-208.685547;2585.355469;0.152562;0.000000;0.000000;0.000000;0.000000;2.000000;-288.158508;-102.024170;1561.347778;0.151073;0.000000;0.000000;0.000000;0.000000;2.000000;-323.370544;-66.257629;1433.632935;0.262635;0.000000;0.000000;0.000000;0.000000;2.000000;-347.914734;-101.965454;1453.812744;0.185104;0.000000;0.000000;0.000000;0.000000;1.000000;-327.201843;-176.143555;1529.895874;0.149816;0.000000;0.000000;0.000000;0.000000;1.000000;-354.044006;-59.078064;1464.611206;0.210492;0.000000;0.000000;0.000000;0.000000;1.000000;-356.853333;-45.355408;1575.618774;0.255232;0.000000;0.000000;0.000000;0.000000;1.000000;6472999936.000000
0.000000;-150.000000;2000.000000;0.000000;0.000000;0.000000;0.000000;0.000000;2.000000;-68.470947;-140.705200;1861.287598;0.242965;0.000000;0.000000;0.000000;0.000000;2.000000;-127.324158;-128.012451;1753.009155;0.361073;0.000000;0.000000;0.000000;0.000000;2.000000;-239.339050;-99.541748;1603.989380;0.569219;0.000000;0.000000;0.000000;0.000000;2.000000;-239.856934;-124.047058;1638.802856;0.573629;0.000000;0.000000;0.000000;0.000000;1.000000;-297.389832;-212.864502;1703.769287;0.886574;0.000000;0.000000;0.000000;0.000000;1.000000;-282.468140;-358.297882;1894.154663;1.609910;0.000000;0.000000;0.000000;0.000000;1.000000;-136.514160;-497.065308;1888.595825;1.640810;0.000000;0.000000;0.000000;0.000000;1.000000;-79.054321;-504.663147;1948.902832;0.711105;0.000000;0.000000;0.000000;0.000000;1.000000;-4.249451;-529.496277;1999.866699;0.690117;0.000000;0.000000;0.000000;0.000000;0.000000;-32.051147;-469.771301;1938.688354;0.486637;0.000000;0.000000;0.000000;0.000000;1.000000;-202.779175;-83.238220;1619.384888;0.480451;0.000000;0.000000;0.000000;0.000000;1.000000;-118.788574;-7.250305;1604.515625;0.488147;0.000000;0.000000;0.000000;0.000000;1.000000;110.255798;43.915833;1673.375366;0.445513;0.000000;0.000000;0.000000;0.000000;1.000000;244.989502;-108.305969;1656.073120;1.202111;0.000000;0.000000;0.000000;0.000000;1.000000;246.107910;-166.996277;1724.375244;1.230175;0.000000;0.000000;0.000000;0.000000;1.000000;235.775970;-224.024780;1796.156982;0.881539;0.000000;0.000000;0.000000;0.000000;1.000000;191.745667;-160.849121;1733.177612;0.930665;0.000000;0.000000;0.000000;0.000000;1.000000;-53.760986;-203.442322;2022.956299;0.120678;0.000000;0.000000;0.000000;0.000000;2.000000;132.121155;-227.152344;2315.895996;1.840113;0.000000;0.000000;0.000000;0.000000;2.000000;288.274506;-218.666992;2609.142090;2.039303;0.000000;0.000000;0.000000;0.000000;1.000000;414.472656;-294.326660;2678.645996;2.412475;0.000000;0.000000;0.000000;0.000000;1.000000;48.478577;-101.808777;1979.299316;0.108818;0.000000;0.000000;0.000000;0.000000;2.000000;287.237762;-146.963989;2227.539063;0.260733;0.000000;0.000000;0.000000;0.000000;2.000000;464.639771;-140.036499;2512.609863;0.441856;0.000000;0.000000;0.000000;0.000000;2.000000;571.398621;-196.504333;2601.097656;0.650215;0.000000;0.000000;0.000000;0.000000;2.000000;-275.072510;-97.111023;1542.735474;0.699417;0.000000;0.000000;0.000000;0.000000;2.000000;-326.184021;-64.342712;1417.050659;0.508651;0.000000;0.000000;0.000000;0.000000;1.000000;-347.621155;-100.922302;1440.846802;0.390960;0.000000;0.000000;0.000000;0.000000;1.000000;-315.841370;-174.198669;1516.654785;0.527487;0.000000;0.000000;0.000000;0.000000;1.000000;-353.888733;-57.276001;1451.723877;0.391035;0.000000;0.000000;0.000000;0.000000;1.000000;-344.580994;-41.143860;1563.999634;0.523347;0.000000;0.000000;0.000000;0.000000;1.000000;6473033216.000000
0.000000;-150.000000;2000.000000;0.000000;0.000000;0.000000;0.000000;0.000000;2.000000;-70.736633;-142.766235;1860.060181;0.099148;0.000000;0.000000;0.000000;0.000000;2.000000;-130.391663;-132.947083;1750.095215;0.195315;0.000000;0.000000;0.000000;0.000000;2.000000;-244.479858;-105.980042;1599.282104;0.285121;0.000000;0.000000;0.000000;0.000000;2.000000;-246.351196;-127.782898;1636.442871;0.236029;0.000000;0.000000;0.000000;0.000000;1.000000;-312.847412;-206.439575;1708.628906;0.523762;0.000000;0.000000;0.000000;0.000000;1.000000;-298.761902;-348.555359;1905.404175;0.663073;0.000000;0.000000;0.000000;0.000000;1.000000;-159.171936;-497.035370;1894.830688;0.706129;0.000000;0.000000;0.000000;0.000000;1.000000;-91.676147;-503.787689;1945.590942;0.392982;0.000000;0.000000;0.000000;0.000000;1.000000;-15.203918;-528.978271;1996.146606;0.347971;0.000000;0.000000;0.000000;0.000000;0.000000;-42.865906;-470.824371;1935.182617;0.343072;0.000000;0.000000;0.000000;0.000000;1.000000;-205.757263;-91.708618;1612.849731;0.333689;0.000000;0.000000;0.000000;0.000000;2.000000;-111.852783;-35.924133;1574.660034;1.261178;0.000000;0.000000;0.000000;0.000000;2.000000;120.223877;9.160095;1648.697754;1.315374;0.000000;0.000000;0.000000;0.000000;2.000000;249.253418;-152.106567;1655.687744;1.322396;0.000000;0.000000;0.000000;0.000000;1.000000;258.745544;-191.931702;1737.206909;0.924259;0.000000;0.000000;0.000000;0.000000;1.000000;211.369843;-222.914368;1811.558716;0.867815;0.000000;0.000000;0.000000;0.000000;1.000000;180.380493;-156.450012;1734.395386;0.368015;0.000000;0.000000;0.000000;0.000000;1.000000;-54.390625;-203.539124;2024.725830;0.056512;0.000000;0.000000;0.000000;0.000000;2.000000;132.660400;-273.337311;2314.910156;1.388180;0.000000;0.000000;0.000000;0.000000;1.000000;264.285431;-256.930481;2624.299316;1.431409;0.000000;0.000000;0.000000;0.000000;1.000000;389.036407;-332.639496;2700.940186;1.535662;0.000000;0.000000;0.000000;0.000000;1.000000;49.046387;-101.721375;1977.703735;0.050957;0.000000;0.000000;0.000000;0.000000;2.000000;283.912262;-149.571594;2235.285400;0.265147;0.000000;0.000000;0.000000;0.000000;2.000000;464.611206;-149.836304;2523.487305;0.439931;0.000000;0.000000;0.000000;0.000000;2.000000;567.096680;-223.105225;2607.905518;0.835132;0.000000;0.000000;0.000000;0.000000;2.000000;-281.812622;-105.165100;1537.872681;0.347759;0.000000;0.000000;0.000000;0.000000;2.000000;-332.452515;-67.864807;1411.251831;0.277560;0.000000;0.000000;0.000000;0.000000;1.000000;-356.427979;-103.445618;1435.426514;0.319849;0.000000;0.000000;0.000000;0.000000;1.000000;-328.665527;-180.082275;1511.564819;0.450705;0.000000;0.000000;0.000000;0.000000;1.000000;-359.596558;-58.957642;1446.692017;0.234157;0.000000;0.000000;0.000000;0.000000;1.000000;-347.913452;-43.857910;1560.377686;0.168885;0.000000;0.000000;0.000000;0.000000;1.000000;6473066496.000000
0.000000;-150.000000;2000.000000;0.000000;0.000000;0.000000;0.000000;0.000000;2.000000;-78.852417;-140.099915;1861.734619;0.261572;0.000000;0.000000;0.000000;0.000000;2.000000;-147.641113;-123.892273;1755.620361;0.608472;0.000000;0.000000;0.000000;0.000000;2.000000;-274.270081;-104.977112;1609.775024;0.949521;0.000000;0.000000;0.000000;0.000000;2.000000;-271.648987;-128.268188;1646.793457;0.821445;0.000000;0.000000;0.000000;0.000000;1.000000;-323.086060;-216.873718;1723.163940;0.619434;0.000000;0.000000;0.000000;0.000000;1.000000;-280.061035;-370.331726;1911.896484;0.884293;0.000000;0.000000;0.000000;0.000000;1.000000;-131.912354;-513.413452;1888.131958;0.976539;0.000000;0.000000;0.000000;0.000000;1.000000;-71.325195;-515.526855;1949.237793;0.714405;0.000000;0.000000;0.000000;0.000000;1.000000;8.026428;-524.772644;2003.528564;0.743245;0.000000;0.000000;0.000000;0.000000;0.000000;-33.118835;-466.786133;1931.944702;0.331615;0.000000;0.000000;0.000000;0.000000;1.000000;-236.002625;-86.663635;1621.949585;0.961088;0.000000;0.000000;0.000000;0.000000;1.000000;-147.025818;-15.533569;1592.907715;1.339044;0.000000;0.000000;0.000000;0.000000;1.000000;96.078735;25.237610;1643.790405;0.884025;0.000000;0.000000;0.000000;0.000000;1.000000;233.438202;-132.514893;1625.711182;1.176316;0.000000;0.000000;0.000000;0.000000;1.000000;255.346832;-175.560608;1704.810669;1.095449;0.000000;0.000000;0.000000;0.000000;1.000000;221.171417;-213.056091;1785.060547;0.899140;0.000000;0.000000;0.000000;0.000000;1.000000;183.923157;-157.519836;1720.977661;0.418230;0.000000;0.000000;0.000000;0.000000;1.000000;-55.272583;-203.104431;2027.719482;0.094681;0.000000;0.000000;0.000000;0.000000;2.000000;129.530701;-231.774597;2332.826172;1.363215;0.000000;0.000000;0.000000;0.000000;2.000000;288.521362;-228.704407;2635.612793;1.168436;0.000000;0.000000;0.000000;0.000000;1.000000;413.834381;-309.382904;2711.977051;1.074033;0.000000;0.000000;0.000000;0.000000;1.000000;49.841797;-102.113403;1975.004272;0.085378;0.000000;0.000000;0.000000;0.000000;2.000000;288.920227;-153.757080;2235.701660;0.196514;0.000000;0.000000;0.000000;0.000000;2.000000;467.229980;-152.861389;2531.751953;0.275909;0.000000;0.000000;0.000000;0.000000;2.000000;572.301208;-214.654785;2625.988770;0.619822;0.000000;0.000000;0.000000;0.000000;2.000000;-315.521362;-106.524536;1549.543091;1.072647;0.000000;0.000000;0.000000;0.000000;2.000000;-321.443481;-74.690796;1409.599854;0.392380;0.000000;0.000000;0.000000;0.000000;2.000000;-354.603149;-107.951416;1426.848999;0.296253;0.000000;0.000000;0.000000;0.000000;1.000000;-357.265991;-181.855774;1512.714478;0.861732;0.000000;0.000000;0.000000;0.000000;1.000000;-358.254883;-61.999329;1434.554688;0.378137;0.000000;0.000000;0.000000;0.000000;1.000000;-382.193604;-39.733826;1547.019409;1.112420;0.000000;0.000000;0.000000;0.000000;1.000000;6473099776.000000
0.000000;-150.000000;2000.000000;0.000000;0.000000;0.000000;0.000000;0.000000;2.000000;-79.435669;-143.219299;1860.768066;0.098170;0.000000;0.000000;0.000000;0.000000;2.000000;-149.821289;-127.237122;1754.737671;0.121006;0.000000;0.000000;0.000000;0.000000;2.000000;-276.641113;-111.092712;1607.169067;0.208862;0.000000;0.000000;0.000000;0.000000;2.000000;-275.663147;-131.015808;1646.477051;0.144257;0.000000;0.000000;0.000000;0.000000;1.000000;-334.423523;-208.757324;1730.326416;0.463876;0.000000;0.000000;0.000000;0.000000;1.000000;-305.180237;-346.044342;1935.406250;1.246261;0.000000;0.000000;0.000000;0.000000;1.000000;-158.599243;-491.969147;1908.451416;1.178124;0.000000;0.000000;0.000000;0.000000;1.000000;-87.173645;-501.456970;1956.486816;0.662828;0.000000;0.000000;0.000000;0.000000;0.000000;-2.799744;-526.379272;1997.751099;0.366242;0.000000;0.000000;0.000000;0.000000;0.000000;-40.330994;-471.395325;1925.542969;0.316300;0.000000;0.000000;0.000000;0.000000;1.000000;-236.546570;-95.054382;1617.504883;0.281452;0.000000;0.000000;0.000000;0.000000;2.000000;-138.841675;-45.582153;1572.854248;1.096148;0.000000;0.000000;0.000000;0.000000;2.000000;101.291321;14.078308;1626.672363;0.624070;0.000000;0.000000;0.000000;0.000000;2.000000;237.962463;-146.738892;1635.266724;0.524469;0.000000;0.000000;0.000000;0.000000;1.000000;254.528015;-184.375610;1718.950073;0.493675;0.000000;0.000000;0.000000;0.000000;1.000000;213.721375;-212.842590;1800.483521;0.506907;0.000000;0.000000;0.000000;0.000000;1.000000;181.194092;-154.432190;1727.819824;0.236366;0.000000;0.000000;0.000000;0.000000;1.000000;-56.413818;-201.585571;2029.673340;0.080647;0.000000;0.000000;0.000000;0.000000;2.000000;147.443604;-224.217163;2325.558105;0.614228;0.000000;0.000000;0.000000;0.000000;2.000000;318.785126;-209.194092;2623.554688;1.123726;0.000000;0.000000;0.000000;0.000000;1.000000;452.801086;-282.155975;2694.971680;1.494039;0.000000;0.000000;0.000000;0.000000;1.000000;50.870850;-103.483032;1973.242188;0.072727;0.000000;0.000000;0.000000;0.000000;2.000000;287.707672;-152.031250;2239.494141;0.128419;0.000000;0.000000;0.000000;0.000000;2.000000;472.451843;-153.108582;2534.041504;0.168889;0.000000;0.000000;0.000000;0.000000;2.000000;576.358643;-213.828247;2631.732422;0.209536;0.000000;0.000000;0.000000;0.000000;2.000000;-318.772278;-114.741455;1547.100220;0.271309;0.000000;0.000000;0.000000;0.000000;2.000000;-323.770813;-86.396545;1405.486572;0.373573;0.000000;0.000000;0.000000;0.000000;2.000000;-359.040833;-117.177979;1423.986938;0.314595;0.000000;0.000000;0.000000;0.000000;1.000000;-365.743469;-188.738586;1512.484009;0.323218;0.000000;0.000000;0.000000;0.000000;1.000000;-359.734192;-70.607605;1430.430298;0.285845;0.000000;0.000000;0.000000;0.000000;1.000000;-381.495789;-43.539185;1543.023438;0.164594;0.000000;0.000000;0.000000;0.000000;1.000000;6473133568.000000
0.000000;-150.000000;2000.000000;0.000000;0.000000;0.000000;0.000000;0.000000;2.000000;-84.223083;-149.544983;1858.787109;0.245693;0.000000;0.000000;0.000000;0.000000;2.000000;-160.745361;-135.548218;1752.829712;0.416413;0.000000;0.000000;0.000000;0.000000;2.000000;-299.537048;-161.117798;1610.989380;1.657098;0.000000;0.000000;0.000000;0.000000;2.000000;-292.969299;-175.306580;1653.370605;1.443777;0.000000;0.000000;0.000000;0.000000;1.000000;-335.658875;-247.844543;1754.728516;1.385082;0.000000;0.000000;0.000000;0.000000;1.000000;-291.827393;-338.833710;1988.530518;1.660134;0.000000;0.000000;0.000000;0.000000;1.000000;-129.081970;-475.488007;1965.467163;1.991735;0.000000;0.000000;0.000000;0.000000;1.000000;-47.781128;-499.641663;1991.593140;1.586447;0.000000;0.000000;0.000000;0.000000;0.000000;39.362488;-542.050171;2014.500488;1.442237;0.000000;0.000000;0.000000;0.000000;0.000000;-11.450134;-478.747925;1923.090454;0.898523;0.000000;0.000000;0.000000;0.000000;1.000000;-261.285034;-137.037781;1616.244507;1.464728;0.000000;0.000000;0.000000;0.000000;2.000000;-176.520142;-82.851318;1548.650879;1.750661;0.000000;0.000000;0.000000;0.000000;2.000000;51.593323;32.989380;1592.081787;1.906107;0.000000;0.000000;0.000000;0.000000;2.000000;191.481079;-128.110657;1628.615967;1.517878;0.000000;0.000000;0.000000;0.000000;1.000000;239.249115;-161.304932;1704.424805;0.939061;0.000000;0.000000;0.000000;0.000000;1.000000;225.383881;-208.442322;1789.085571;0.507528;0.000000;0.000000;0.000000;0.000000;1.000000;188.056091;-156.545532;1733.455078;0.274261;0.000000;0.000000;0.000000;0.000000;1.000000;-55.358459;-204.024841;2032.843262;0.124300;0.000000;0.000000;0.000000;0.000000;2.000000;158.773804;-225.952026;2332.503662;0.402716;0.000000;0.000000;0.000000;0.000000;2.000000;343.526947;-210.052002;2632.415283;0.790101;0.000000;0.000000;0.000000;0.000000;1.000000;483.374634;-281.151093;2704.509766;0.962818;0.000000;0.000000;0.000000;0.000000;1.000000;49.919189;-101.283386;1970.383911;0.112083;0.000000;0.000000;0.000000;0.000000;2.000000;289.901581;-159.700867;2243.939697;0.274409;0.000000;0.000000;0.000000;0.000000;2.000000;476.485260;-151.440857;2547.389160;0.421969;0.000000;0.000000;0.000000;0.000000;2.000000;580.186340;-211.664246;2651.568604;0.610507;0.000000;0.000000;0.000000;0.000000;2.000000;-344.699280;-180.214783;1553.862793;2.125718;0.000000;0.000000;0.000000;0.000000;2.000000;-309.873108;-107.516174;1429.628784;1.050408;0.000000;0.000000;0.000000;0.000000;1.000000;-356.388977;-129.726929;1431.625244;0.448565;0.000000;0.000000;0.000000;0.000000;1.000000;-402.371155;-221.104675;1488.072998;1.641695;0.000000;0.000000;0.000000;0.000000;1.000000;-345.730408;-88.958008;1454.995483;1.012888;0.000000;0.000000;0.000000;0.000000;1.000000;-384.556458;-92.762939;1569.271851;1.678751;0.000000;0.000000;0.000000;0.000000;1.000000;6473166848.000000
0.000000;-150.000000;2000.000000;0.000000;0.000000;0.000000;0.000000;0.000000;2.000000;-83.196228;-145.325317;1858.521118;0.130738;0.000000;0.000000;0.000000;0.000000;2.000000;-157.828979;-129.777527;1751.662598;0.197424;0.000000;0.000000;0.000000;0.000000;2.000000;-305.023682;-117.607361;1617.089233;1.330444;0.000000;0.000000;0.000000;0.000000;2.000000;-299.151306;-136.658997;1657.555176;1.182751;0.000000;0.000000;0.000000;0.000000;1.000000;-345.594543;-206.486206;1758.928345;1.284311;0.000000;0.000000;0.000000;0.000000;1.000000;-300.123901;-280.984283;1997.812866;1.778062;0.000000;0.000000;0.000000;0.000000;1.000000;-161.120056;-441.690308;1977.393066;1.444482;0.000000;0.000000;0.000000;0.000000;1.000000;-86.118591;-486.227509;1993.049683;1.221232;0.000000;0.000000;0.000000;0.000000;0.000000;2.003296;-527.714355;2013.126221;1.203092;0.000000;0.000000;0.000000;0.000000;0.000000;-36.884033;-473.606384;1932.378052;0.828138;0.000000;0.000000;0.000000;0.000000;1.000000;-262.992676;-101.059937;1622.040283;1.096204;0.000000;0.000000;0.000000;0.000000;2.000000;-169.442200;-66.643677;1553.387695;0.550153;0.000000;0.000000;0.000000;0.000000;2.000000;63.331421;40.527649;1591.919189;0.419206;0.000000;0.000000;0.000000;0.000000;2.000000;202.776062;-122.635681;1617.595581;0.501903;0.000000;0.000000;0.000000;0.000000;1.000000;234.392151;-163.148987;1697.996826;0.248346;0.000000;0.000000;0.000000;0.000000;1.000000;221.244080;-202.157837;1786.656006;0.237618;0.000000;0.000000;0.000000;0.000000;1.000000;183.263733;-158.336548;1724.426147;0.311829;0.000000;0.000000;0.000000;0.000000;1.000000;-55.673157;-204.643860;2030.932861;0.061079;0.000000;0.000000;0.000000;0.000000;2.000000;155.763672;-229.110718;2331.677734;0.133436;0.000000;0.000000;0.000000;0.000000;2.000000;337.457916;-219.598694;2633.148926;0.340633;0.000000;0.000000;0.000000;0.000000;1.000000;480.543823;-314.487793;2648.952148;1.948728;0.000000;0.000000;0.000000;0.000000;1.000000;50.203003;-100.725159;1972.106445;0.055073;0.000000;0.000000;0.000000;0.000000;2.000000;278.655792;-143.917297;2257.418945;0.709338;0.000000;0.000000;0.000000;0.000000;2.000000;483.064362;-166.670349;2547.780762;0.498631;0.000000;0.000000;0.000000;0.000000;2.000000;600.139221;-272.772125;2561.918457;3.314759;0.000000;0.000000;0.000000;0.000000;2.000000;-355.309021;-123.156006;1561.478027;1.758843;0.000000;0.000000;0.000000;0.000000;2.000000;-325.098206;-86.144592;1421.519165;0.825264;0.000000;0.000000;0.000000;0.000000;2.000000;-363.926941;-119.105469;1429.235962;0.397890;0.000000;0.000000;0.000000;0.000000;1.000000;-391.110779;-197.376221;1511.378540;1.055104;0.000000;0.000000;0.000000;0.000000;1.000000;-367.489075;-71.902527;1437.873901;0.977130;0.000000;0.000000;0.000000;0.000000;1.000000;-418.336975;-50.977356;1545.191772;1.769270;0.000000;0.000000;0.000000;0.000000;1.000000;6473200128.000000
0.000000;-150.000000;2000.000000;0.000000;0.000000;0.000000;0.000000;0.000000;2.000000;-83.196106;-145.325439;1858.521118;0.000005;0.000000;0.000000;0.000000;0.000000;2.000000;-157.828674;-129.777893;1751.662476;0.000015;0.000000;0.000000;0.000000;0.000000;2.000000;-305.022888;-117.608276;1617.088501;0.000043;0.000000;0.000000;0.000000;0.000000;2.000000;-299.150513;-136.659912;1657.554565;0.000041;0.000000;0.000000;0.000000;0.000000;1.000000;-345.594116;-206.486877;1758.927734;0.000030;0.000000;0.000000;0.000000;0.000000;1.000000;-300.125183;-280.983612;1997.812988;0.000044;0.000000;0.000000;0.000000;0.000000;1.000000;-161.120850;-441.689331;1977.395020;0.000070;0.000000;0.000000;0.000000;0.000000;1.000000;-86.119324;-486.226227;1993.052246;0.000089;0.000000;0.000000;0.000000;0.000000;0.000000;2.002441;-527.712708;2013.129517;0.000114;0.000000;0.000000;0.000000;0.000000;0.000000;-36.884338;-473.605255;1932.380981;0.000095;0.000000;0.000000;0.000000;0.000000;1.000000;-262.991882;-101.060791;1622.039917;0.000037;0.000000;0.000000;0.000000;0.000000;1.000000;-169.441040;-66.642944;1553.388672;0.000051;0.000000;0.000000;0.000000;0.000000;1.000000;63.333557;40.525269;1591.922485;0.000138;0.000000;0.000000;0.000000;0.000000;1.000000;202.776611;-122.639771;1617.596069;0.000125;0.000000;0.000000;0.000000;0.000000;1.000000;234.392151;-163.154968;1697.996582;0.000180;0.000000;0.000000;0.000000;0.000000;1.000000;221.243561;-202.165344;1786.654907;0.000229;0.000000;0.000000;0.000000;0.000000;1.000000;183.263733;-158.342529;1724.426025;0.000180;0.000000;0.000000;0.000000;0.000000;1.000000;-55.673157;-204.643860;2030.932861;0.000000;0.000000;0.000000;0.000000;0.000000;2.000000;155.764160;-229.112732;2331.677002;0.000066;0.000000;0.000000;0.000000;0.000000;1.000000;337.459625;-219.603516;2633.147217;0.000162;0.000000;0.000000;0.000000;0.000000;1.000000;480.544922;-314.493591;2648.948975;0.000201;0.000000;0.000000;0.000000;0.000000;1.000000;50.203003;-100.725159;1972.106445;0.000000;0.000000;0.000000;0.000000;0.000000;2.000000;278.655548;-143.916992;2257.418945;0.000012;0.000000;0.000000;0.000000;0.000000;2.000000;483.063843;-166.669739;2547.781006;0.000025;0.000000;0.000000;0.000000;0.000000;2.000000;600.139404;-272.770569;2561.918701;0.000048;0.000000;0.000000;0.000000;0.000000;2.000000;-355.307983;-123.157166;1561.477173;0.000053;0.000000;0.000000;0.000000;0.000000;2.000000;-325.096069;-86.147339;1421.517944;0.000111;0.000000;0.000000;0.000000;0.000000;2.000000;-363.924683;-119.108337;1429.234863;0.000115;0.000000;0.000000;0.000000;0.000000;1.000000;-391.108887;-197.378174;1511.378174;0.000082;0.000000;0.000000;0.000000;0.000000;1.000000;-367.487183;-71.905273;1437.872070;0.000114;0.000000;0.000000;0.000000;0.000000;1.000000;-418.336060;-50.978943;1545.189331;0.000092;0.000000;0.000000;0.000000;0.000000;1.000000;6473233408.000000
0.000000;-150.000000;2000.000000;0.000000;0.000000;0.000000;0.000000;0.000000;2.000000;-83.175049;-145.348267;1858.511597;0.000976;0.000000;0.000000;0.000000;0.000000;2.000000;-157.720886;-129.927795;1751.577148;0.006112;0.000000;0.000000;0.000000;0.000000;2.000000;-304.269653;-117.916260;1616.292114;0.034213;0.000000;0.000000;0.000000;0.000000;2.000000;-298.541382;-137.041016;1656.743408;0.032561;0.000000;0.000000;0.000000;0.000000;1.000000;-345.327209;-207.172729;1757.744873;0.041861;0.000000;0.000000;0.000000;0.000000;1.000000;-301.101196;-281.785919;1996.821777;0.048253;0.000000;0.000000;0.000000;0.000000;1.000000;-161.493591;-442.044617;1977.059814;0.018462;0.000000;0.000000;0.000000;0.000000;1.000000;-86.452576;-486.370941;1993.110474;0.011056;0.000000;0.000000;0.000000;0.000000;0.000000;1.673889;-527.610107;2013.661743;0.019045;0.000000;0.000000;0.000000;0.000000;0.000000;-36.901672;-473.533264;1932.739990;0.011015;0.000000;0.000000;0.000000;0.000000;1.000000;-262.317688;-101.247864;1621.492920;0.026686;0.000000;0.000000;0.000000;0.000000;1.000000;-168.443909;-65.929810;1553.749878;0.038402;0.000000;0.000000;0.000000;0.000000;1.000000;64.266479;40.653687;1594.212402;0.074399;0.000000;0.000000;0.000000;0.000000;1.000000;203.488403;-122.824402;1619.046387;0.048861;0.000000;0.000000;0.000000;0.000000;1.000000;234.736542;-164.051941;1699.225830;0.046881;0.000000;0.000000;0.000000;0.000000;1.000000;221.183411;-203.818420;1787.484375;0.055604;0.000000;0.000000;0.000000;0.000000;1.000000;183.492798;-159.413879;1725.476074;0.045599;0.000000;0.000000;0.000000;0.000000;1.000000;-55.674866;-204.639893;2030.932495;0.000130;0.000000;0.000000;0.000000;0.000000;2.000000;155.678589;-228.803284;2331.751709;0.009905;0.000000;0.000000;0.000000;0.000000;2.000000;337.416748;-219.313354;2633.189453;0.008904;0.000000;0.000000;0.000000;0.000000;1.000000;480.602417;-314.068237;2648.856934;0.013190;0.000000;0.000000;0.000000;0.000000;1.000000;50.204529;-100.728821;1972.106812;0.000120;0.000000;0.000000;0.000000;0.000000;2.000000;278.651550;-143.848450;2257.426025;0.002074;0.000000;0.000000;0.000000;0.000000;2.000000;483.048157;-166.540527;2547.792725;0.003927;0.000000;0.000000;0.000000;0.000000;2.000000;600.483826;-272.254974;2561.805176;0.018941;0.000000;0.000000;0.000000;0.000000;2.000000;-354.254944;-123.496887;1560.416138;0.046064;0.000000;0.000000;0.000000;0.000000;2.000000;-323.498596;-86.064026;1420.691162;0.054107;0.000000;0.000000;0.000000;0.000000;1.000000;-362.257507;-119.165405;1428.146729;0.059846;0.000000;0.000000;0.000000;0.000000;1.000000;-389.580994;-197.711975;1509.975830;0.063118;0.000000;0.000000;0.000000;0.000000;1.000000;-366.011047;-71.995117;1436.876709;0.053565;0.000000;0.000000;0.000000;0.000000;1.000000;-417.433533;-51.482422;1543.997681;0.047397;0.000000;0.000000;0.000000;0.000000;1.000000;6473266688.000000
0.000000;-150.000000;2000.000000;0.000000;0.000000;0.000000;0.000000;0.000000;2.000000;-86.303162;-142.074890;1858.605835;0.136078;0.000000;0.000000;0.000000;0.000000;2.000000;-154.226807;-137.086792;1744.853760;0.313227;0.000000;0.000000;0.000000;0.000000;2.000000;-305.989868;-108.939148;1614.833862;0.278126;0.000000;0.000000;0.000000;0.000000;2.000000;-298.164246;-134.985107;1651.390259;0.172679;0.000000;0.000000;0.000000;0.000000;1.000000;-339.353394;-220.296143;1744.577637;0.586736;0.000000;0.000000;0.000000;0.000000;1.000000;-286.869873;-328.108856;1971.755127;1.639392;0.000000;0.000000;0.000000;0.000000;1.000000;-146.053101;-491.294647;1976.789551;1.550914;0.000000;0.000000;0.000000;0.000000;1.000000;-57.996704;-497.539917;1991.600342;0.919669;0.000000;0.000000;0.000000;0.000000;0.000000;35.643250;-531.211182;2005.272095;1.056937;0.000000;0.000000;0.000000;0.000000;0.000000;-30.233765;-472.295959;1915.975464;0.543398;0.000000;0.000000;0.000000;0.000000;1.000000;-264.477966;-90.912048;1622.472900;0.318646;0.000000;0.000000;0.000000;0.000000;1.000000;-177.548767;-11.935974;1588.548950;1.949471;0.000000;0.000000;0.000000;0.000000;1.000000;71.969604;54.949158;1630.681030;1.199539;0.000000;0.000000;0.000000;0.000000;1.000000;216.309509;-103.084045;1587.551880;1.181454;0.000000;0.000000;0.000000;0.000000;1.000000;246.003662;-154.036560;1663.781616;1.157357;0.000000;0.000000;0.000000;0.000000;1.000000;224.396820;-201.947754;1747.359985;1.210826;0.000000;0.000000;0.000000;0.000000;1.000000;183.946594;-160.903809;1688.475830;1.112771;0.000000;0.000000;0.000000;0.000000;1.000000;-53.801147;-208.444641;2029.562866;0.133917;0.000000;0.000000;0.000000;0.000000;2.000000;164.819153;-228.190979;2330.069824;0.279873;0.000000;0.000000;0.000000;0.000000;2.000000;351.519592;-215.436462;2632.507813;0.439961;0.000000;0.000000;0.000000;0.000000;1.000000;490.991943;-318.836884;2646.018311;0.353930;0.000000;0.000000;0.000000;0.000000;1.000000;48.514954;-97.297852;1973.341797;0.120760;0.000000;0.000000;0.000000;0.000000;2.000000;288.030518;-148.578735;2252.973145;0.342823;0.000000;0.000000;0.000000;0.000000;2.000000;494.186768;-168.367554;2546.693848;0.340770;0.000000;0.000000;0.000000;0.000000;2.000000;623.345581;-263.158386;2544.663086;0.901071;0.000000;0.000000;0.000000;0.000000;2.000000;-357.463135;-107.149475;1559.036987;0.502291;0.000000;0.000000;0.000000;0.000000;2.000000;-313.123047;-88.689758;1417.596802;0.334765;0.000000;0.000000;0.000000;0.000000;2.000000;-351.411255;-122.857300;1426.184326;0.349285;0.000000;0.000000;0.000000;0.000000;1.000000;-384.316406;-190.690430;1516.755127;0.333218;0.000000;0.000000;0.000000;0.000000;1.000000;-358.122314;-74.733276;1427.256470;0.382778;0.000000;0.000000;0.000000;0.000000;1.000000;-422.142944;-41.417236;1525.364136;0.651909;0.000000;0.000000;0.000000;0.000000;1.000000;6473299968.000000
0.000000;-150.000000;2000.000000;0.000000;0.000000;0.000000;0.000000;0.000000;2.000000;-95.558838;-145.345154;1861.174683;0.304897;0.000000;0.000000;0.000000;0.000000;2.000000;-170.956238;-143.060120;1749.472046;0.551514;0.000000;0.000000;0.000000;0.000000;2.000000;-321.734985;-124.921631;1611.515503;0.681476;0.000000;0.000000;0.000000;0.000000;2.000000;-316.170166;-145.261841;1652.757568;0.624316;0.000000;0.000000;0.000000;0.000000;1.000000;-364.505737;-214.772949;1758.030640;0.873014;0.000000;0.000000;0.000000;0.000000;1.000000;-303.664673;-305.502991;1995.237061;1.101782;0.000000;0.000000;0.000000;0.000000;1.000000;-165.656799;-475.125793;1980.237305;0.770558;0.000000;0.000000;0.000000;0.000000;1.000000;-79.991821;-504.094147;1990.401367;0.690570;0.000000;0.000000;0.000000;0.000000;0.000000;16.856995;-531.987305;2006.824097;0.566894;0.000000;0.000000;0.000000;0.000000;0.000000;-38.985352;-477.354187;1924.292725;0.393335;0.000000;0.000000;0.000000;0.000000;1.000000;-278.195740;-109.015442;1616.858154;0.703045;0.000000;0.000000;0.000000;0.000000;2.000000;-175.198303;-75.445557;1555.944214;2.146296;0.000000;0.000000;0.000000;0.000000;2.000000;72.401855;-1.510742;1619.451904;1.729788;0.000000;0.000000;0.000000;0.000000;2.000000;221.578918;-165.862427;1620.796265;2.140402;0.000000;0.000000;0.000000;0.000000;1.000000;271.617950;-191.534668;1701.029541;1.764825;0.000000;0.000000;0.000000;0.000000;1.000000;212.376831;-209.948303;1779.934326;1.070647;0.000000;0.000000;0.000000;0.000000;1.000000;181.022888;-153.614685;1720.286133;0.984539;0.000000;0.000000;0.000000;0.000000;1.000000;-54.814026;-205.992798;2035.853271;0.205135;0.000000;0.000000;0.000000;0.000000;2.000000;186.378845;-280.383789;2317.677490;1.737205;0.000000;0.000000;0.000000;0.000000;1.000000;364.672302;-255.842712;2631.268311;1.277377;0.000000;0.000000;0.000000;0.000000;1.000000;499.583069;-369.960144;2642.220947;1.561869;0.000000;0.000000;0.000000;0.000000;1.000000;49.428223;-99.508850;1967.669556;0.184977;0.000000;0.000000;0.000000;0.000000;2.000000;290.773987;-152.765442;2253.573486;0.151484;0.000000;0.000000;0.000000;0.000000;2.000000;493.695007;-171.631287;2556.825684;0.320189;0.000000;0.000000;0.000000;0.000000;2.000000;607.759216;-287.795807;2551.587646;0.900383;0.000000;0.000000;0.000000;0.000000;2.000000;-373.473022;-128.534180;1554.336426;0.815027;0.000000;0.000000;0.000000;0.000000;2.000000;-294.321533;-101.833923;1427.519775;0.751040;0.000000;0.000000;0.000000;0.000000;2.000000;-323.631836;-145.846497;1428.834717;1.086405;0.000000;0.000000;0.000000;0.000000;1.000000;-363.704102;-218.863037;1514.948975;1.050319;0.000000;0.000000;0.000000;0.000000;1.000000;-342.963501;-100.794556;1422.675293;0.916327;0.000000;0.000000;0.000000;0.000000;2.000000;-441.149414;-83.825989;1496.178467;1.648966;0.000000;0.000000;0.000000;0.000000;1.000000;6473333248.000000
0.000000;-150.000000;2000.000000;0.000000;0.000000;0.000000;0.000000;0.000000;2.000000;-95.575317;-145.221130;1861.219238;0.003991;0.000000;0.000000;0.000000;0.000000;2.000000;-170.965454;-142.867737;1749.536255;0.006100;0.000000;0.000000;0.000000;0.000000;2.000000;-321.662720;-124.529846;1611.560181;0.012046;0.000000;0.000000;0.000000;0.000000;2.000000;-316.161255;-144.809204;1652.833252;0.013792;0.000000;0.000000;0.000000;0.000000;1.000000;-364.843140;-213.832397;1758.243042;0.030696;0.000000;0.000000;0.000000;0.000000;1.000000;-304.964966;-303.949768;1995.886841;0.063922;0.000000;0.000000;0.000000;0.000000;1.000000;-167.609802;-474.131165;1981.698608;0.079152;0.000000;0.000000;0.000000;0.000000;1.000000;-82.070557;-503.379944;1992.002197;0.081706;0.000000;0.000000;0.000000;0.000000;0.000000;14.657715;-531.552063;2008.568726;0.085360;0.000000;0.000000;0.000000;0.000000;0.000000;-40.942322;-476.991089;1925.822510;0.075431;0.000000;0.000000;0.000000;0.000000;1.000000;-278.082458;-108.746643;1616.875244;0.008780;0.000000;0.000000;0.000000;0.000000;2.000000;-174.771851;-75.867126;1556.151611;0.019066;0.000000;0.000000;0.000000;0.000000;2.000000;74.396118;-6.095459;1618.059570;0.155947;0.000000;0.000000;0.000000;0.000000;1.000000;220.907562;-172.791321;1617.864136;0.226973;0.000000;0.000000;0.000000;0.000000;1.000000;271.332764;-199.269409;1697.575073;0.254685;0.000000;0.000000;0.000000;0.000000;1.000000;212.657227;-216.743896;1777.095581;0.221455;0.000000;0.000000;0.000000;0.000000;1.000000;181.689331;-159.603455;1717.578003;0.198507;0.000000;0.000000;0.000000;0.000000;1.000000;-54.828491;-205.973511;2035.831787;0.000970;0.000000;0.000000;0.000000;0.000000;2.000000;186.535522;-281.735413;2317.071777;0.044754;0.000000;0.000000;0.000000;0.000000;1.000000;365.974365;-259.443420;2630.117920;0.120132;0.000000;0.000000;0.000000;0.000000;1.000000;500.291260;-374.314545;2640.036865;0.147916;0.000000;0.000000;0.000000;0.000000;1.000000;49.441284;-99.526184;1967.688843;0.000872;0.000000;0.000000;0.000000;0.000000;2.000000;290.746674;-153.430115;2253.434814;0.020419;0.000000;0.000000;0.000000;0.000000;2.000000;494.032471;-173.131653;2556.327393;0.048575;0.000000;0.000000;0.000000;0.000000;2.000000;606.517700;-290.778412;2550.752686;0.100265;0.000000;0.000000;0.000000;0.000000;2.000000;-373.401978;-128.090271;1554.393433;0.013617;0.000000;0.000000;0.000000;0.000000;2.000000;-294.422913;-102.351318;1427.296631;0.017203;0.000000;0.000000;0.000000;0.000000;2.000000;-323.866699;-146.255676;1428.912231;0.014367;0.000000;0.000000;0.000000;0.000000;1.000000;-363.998535;-218.654297;1515.495361;0.019676;0.000000;0.000000;0.000000;0.000000;1.000000;-343.063599;-101.183411;1422.540649;0.012726;0.000000;0.000000;0.000000;0.000000;2.000000;-441.038452;-83.495605;1496.126587;0.010588;0.000000;0.000000;0.000000;0.000000;2.000000;6473366528.000000
0.000000;-150.000000;2000.000000;0.000000;0.000000;0.000000;0.000000;0.000000;2.000000;-94.690369;-142.283936;1861.158081;0.092194;0.000000;0.000000;0.000000;0.000000;2.000000;-169.835632;-136.943054;1749.741333;0.181338;0.000000;0.000000;0.000000;0.000000;2.000000;-315.780884;-115.714294;1607.745483;0.338440;0.000000;0.000000;0.000000;0.000000;2.000000;-312.443481;-134.401733;1649.887817;0.343670;0.000000;0.000000;0.000000;0.000000;2.000000;-370.719238;-198.176636;1753.369385;0.523375;0.000000;0.000000;0.000000;0.000000;2.000000;-391.917114;-272.947632;2002.098145;2.780119;0.000000;0.000000;0.000000;0.000000;2.000000;-254.818298;-443.352234;2000.759766;2.837276;0.000000;0.000000;0.000000;0.000000;1.000000;-170.083862;-475.673737;2005.298340;2.801210;0.000000;0.000000;0.000000;0.000000;0.000000;-72.325195;-503.572723;2012.175293;2.747695;0.000000;0.000000;0.000000;0.000000;0.000000;-127.100952;-458.458282;1950.059082;2.746431;0.000000;0.000000;0.000000;0.000000;0.000000;-271.529541;-102.398682;1613.432007;0.293016;0.000000;0.000000;0.000000;0.000000;2.000000;-162.527466;-75.747437;1560.635620;0.391832;0.000000;0.000000;0.000000;0.000000;2.000000;98.132507;-28.331909;1578.180298;1.546304;0.000000;0.000000;0.000000;0.000000;1.000000;226.250336;-208.740601;1587.818115;1.416938;0.000000;0.000000;0.000000;0.000000;1.000000;276.494659;-220.245361;1670.896729;1.031472;0.000000;0.000000;0.000000;0.000000;1.000000;228.259430;-209.834961;1758.051880;0.768329;0.000000;0.000000;0.000000;0.000000;1.000000;191.632690;-177.881470;1693.223755;0.962517;0.000000;0.000000;0.000000;0.000000;1.000000;-55.852051;-205.200256;2035.023438;0.045561;0.000000;0.000000;0.000000;0.000000;2.000000;167.679016;-253.682068;2335.354004;1.154721;0.000000;0.000000;0.000000;0.000000;2.000000;355.551575;-255.519653;2643.356934;0.519842;0.000000;0.000000;0.000000;0.000000;1.000000;487.146973;-372.871338;2654.290527;0.584218;0.000000;0.000000;0.000000;0.000000;1.000000;50.364258;-100.223511;1968.417725;0.041084;0.000000;0.000000;0.000000;0.000000;2.000000;296.856720;-155.726074;2248.362793;0.248382;0.000000;0.000000;0.000000;0.000000;2.000000;499.310669;-173.620605;2551.035645;0.225062;0.000000;0.000000;0.000000;0.000000;2.000000;619.491577;-282.783447;2558.633301;0.515519;0.000000;0.000000;0.000000;0.000000;2.000000;-366.279175;-118.667908;1549.652466;0.382440;0.000000;0.000000;0.000000;0.000000;2.000000;-275.905273;-102.690002;1429.078735;0.559083;0.000000;0.000000;0.000000;0.000000;2.000000;-305.700928;-146.204163;1431.218750;0.550231;0.000000;0.000000;0.000000;0.000000;1.000000;-354.167480;-211.716187;1518.683350;0.374036;0.000000;0.000000;0.000000;0.000000;1.000000;-323.793335;-101.786072;1419.795776;0.585159;0.000000;0.000000;0.000000;0.000000;2.000000;-427.748413;-78.500244;1482.374390;0.593936;0.000000;0.000000;0.000000;0.000000;2.000000;6473399808.000000
0.000000;-150.000000;2000.000000;0.000000;0.000000;0.000000;0.000000;0.000000;2.000000;-93.072327;-143.181641;1858.454834;0.098434;0.000000;0.000000;0.000000;0.000000;2.000000;-169.380615;-134.920227;1746.742065;0.109560;0.000000;0.000000;0.000000;0.000000;2.000000;-318.043762;-109.874451;1605.892090;0.196257;0.000000;0.000000;0.000000;0.000000;2.000000;-314.759460;-127.802429;1648.757446;0.212880;0.000000;0.000000;0.000000;0.000000;1.000000;-370.510437;-185.676880;1758.289795;0.403694;0.000000;0.000000;0.000000;0.000000;1.000000;-334.617004;-251.877808;2009.871582;1.849279;0.000000;0.000000;0.000000;0.000000;1.000000;-224.279602;-441.849640;2027.691040;1.224312;0.000000;0.000000;0.000000;0.000000;1.000000;-140.181946;-470.185059;2005.366089;0.913508;0.000000;0.000000;0.000000;0.000000;0.000000;-48.944397;-517.238464;2002.935303;0.859812;0.000000;0.000000;0.000000;0.000000;0.000000;-116.025635;-455.636017;1944.140625;0.386741;0.000000;0.000000;0.000000;0.000000;0.000000;-272.747314;-98.515503;1610.453491;0.151538;0.000000;0.000000;0.000000;0.000000;2.000000;-163.476990;-76.332581;1554.001587;0.202138;0.000000;0.000000;0.000000;0.000000;2.000000;103.331421;-70.362549;1573.395142;1.280662;0.000000;0.000000;0.000000;0.000000;1.000000;232.266663;-252.432373;1580.114868;1.345304;0.000000;0.000000;0.000000;0.000000;1.000000;297.847565;-260.379150;1653.216553;1.465674;0.000000;0.000000;0.000000;0.000000;1.000000;246.159485;-226.607971;1733.061646;1.052222;0.000000;0.000000;0.000000;0.000000;1.000000;200.737793;-197.558289;1675.074341;0.849612;0.000000;0.000000;0.000000;0.000000;1.000000;-56.495483;-205.942810;2034.453491;0.034131;0.000000;0.000000;0.000000;0.000000;2.000000;159.033203;-247.973267;2345.125244;0.427927;0.000000;0.000000;0.000000;0.000000;2.000000;349.062683;-260.952454;2654.825684;0.428281;0.000000;0.000000;0.000000;0.000000;1.000000;482.843445;-378.286682;2660.311035;0.275547;0.000000;0.000000;0.000000;0.000000;1.000000;50.944519;-99.553894;1968.931641;0.030778;0.000000;0.000000;0.000000;0.000000;2.000000;294.390686;-147.067932;2256.857422;0.371921;0.000000;0.000000;0.000000;0.000000;2.000000;503.049194;-169.528748;2558.431885;0.277720;0.000000;0.000000;0.000000;0.000000;2.000000;628.782837;-274.497040;2559.903809;0.376029;0.000000;0.000000;0.000000;0.000000;2.000000;-370.163147;-111.793152;1548.394653;0.240252;0.000000;0.000000;0.000000;0.000000;2.000000;-274.983704;-105.646729;1429.139893;0.093078;0.000000;0.000000;0.000000;0.000000;2.000000;-317.333923;-137.528259;1424.746460;0.477460;0.000000;0.000000;0.000000;0.000000;1.000000;-387.133728;-198.219360;1501.935669;1.182774;0.000000;0.000000;0.000000;0.000000;1.000000;-320.196960;-88.054749;1421.162598;0.428490;0.000000;0.000000;0.000000;0.000000;2.000000;-414.128357;-43.366516;1489.592773;1.152840;0.000000;0.000000;0.000000;0.000000;2.000000;6473433088.000000
0.000000;-150.000000;2000.000000;0.000000;0.000000;0.000000;0.000000;0.000000;2.000000;-91.506226;-143.597595;1857.753418;0.052252;0.000000;0.000000;0.000000;0.000000;2.000000;-168.572144;-132.454224;1747.089233;0.077482;0.000000;0.000000;0.000000;0.000000;2.000000;-318.042480;-106.036621;1607.855713;0.127575;0.000000;0.000000;0.000000;0.000000;2.000000;-314.636230;-123.524536;1650.809082;0.140448;0.000000;0.000000;0.000000;0.000000;2.000000;-375.169189;-183.165710;1756.508179;0.165254;0.000000;0.000000;0.000000;0.000000;2.000000;-417.668457;-236.151917;2009.730347;2.501400;0.000000;0.000000;0.000000;0.000000;2.000000;-294.958740;-417.957123;2027.306274;2.207897;0.000000;0.000000;0.000000;0.000000;1.000000;-210.906494;-453.232300;2021.241821;2.202905;0.000000;0.000000;0.000000;0.000000;0.000000;-114.865784;-488.929352;2017.911255;2.168834;0.000000;0.000000;0.000000;0.000000;0.000000;-172.764832;-440.404053;1966.301758;1.858104;0.000000;0.000000;0.000000;0.000000;0.000000;-272.556396;-95.553772;1611.780151;0.096203;0.000000;0.000000;0.000000;0.000000;2.000000;-165.139954;-75.949219;1551.411621;0.091787;0.000000;0.000000;0.000000;0.000000;2.000000;101.282715;-59.988342;1540.240967;1.029821;0.000000;0.000000;0.000000;0.000000;1.000000;203.526428;-257.892395;1546.033081;1.329169;0.000000;0.000000;0.000000;0.000000;1.000000;274.550751;-266.336487;1613.559814;1.372445;0.000000;0.000000;0.000000;0.000000;1.000000;249.584076;-236.024963;1706.357422;0.844056;0.000000;0.000000;0.000000;0.000000;1.000000;196.445251;-213.584229;1656.872559;0.728825;0.000000;0.000000;0.000000;0.000000;1.000000;-57.419373;-204.754578;2034.472900;0.044545;0.000000;0.000000;0.000000;0.000000;2.000000;150.271057;-244.083374;2350.024902;0.318605;0.000000;0.000000;0.000000;0.000000;2.000000;335.294739;-256.433044;2662.064453;0.479350;0.000000;0.000000;0.000000;0.000000;1.000000;467.280945;-374.833466;2674.327148;0.628154;0.000000;0.000000;0.000000;0.000000;1.000000;51.777527;-100.625366;1968.914185;0.040166;0.000000;0.000000;0.000000;0.000000;2.000000;294.523468;-149.392639;2256.387695;0.070295;0.000000;0.000000;0.000000;0.000000;2.000000;503.700317;-169.371948;2557.032227;0.045917;0.000000;0.000000;0.000000;0.000000;2.000000;615.624146;-287.763550;2571.060547;0.644025;0.000000;0.000000;0.000000;0.000000;2.000000;-370.748901;-107.542908;1551.059326;0.149460;0.000000;0.000000;0.000000;0.000000;2.000000;-277.479919;-109.080017;1430.478882;0.131718;0.000000;0.000000;0.000000;0.000000;2.000000;-322.974609;-136.138062;1426.240479;0.177513;0.000000;0.000000;0.000000;0.000000;1.000000;-397.511719;-190.559692;1503.362915;0.384035;0.000000;0.000000;0.000000;0.000000;1.000000;-320.607300;-86.659424;1423.647217;0.085198;0.000000;0.000000;0.000000;0.000000;2.000000;-408.017944;-33.754456;1494.441162;0.366325;0.000000;0.000000;0.000000;0.000000;2.000000;6473466880.000000
0.000000;-150.000000;2000.000000;0.000000;0.000000;0.000000;0.000000;0.000000;2.000000;-91.503357;-144.661438;1856.381470;0.052166;0.000000;0.000000;0.000000;0.000000;2.000000;-166.840088;-137.011597;1743.164673;0.188063;0.000000;0.000000;0.000000;0.000000;2.000000;-316.907410;-105.584045;1603.597900;0.133104;0.000000;0.000000;0.000000;0.000000;2.000000;-313.838440;-123.505615;1646.730713;0.124871;0.000000;0.000000;0.000000;0.000000;2.000000;-372.200134;-186.230225;1753.016113;0.165677;0.000000;0.000000;0.000000;0.000000;2.000000;-413.346252;-233.894958;2009.296997;0.147092;0.000000;0.000000;0.000000;0.000000;2.000000;-307.648865;-426.722260;2035.871826;0.530104;0.000000;0.000000;0.000000;0.000000;1.000000;-217.849731;-446.049774;2031.525024;0.430791;0.000000;0.000000;0.000000;0.000000;0.000000;-119.025391;-475.746887;2031.832764;0.589500;0.000000;0.000000;0.000000;0.000000;0.000000;-181.929993;-431.725525;1979.204102;0.542355;0.000000;0.000000;0.000000;0.000000;0.000000;-270.839905;-96.303406;1607.469238;0.141233;0.000000;0.000000;0.000000;0.000000;2.000000;-160.677185;-76.208923;1550.606323;0.136487;0.000000;0.000000;0.000000;0.000000;2.000000;107.470398;-63.676575;1534.961304;0.268364;0.000000;0.000000;0.000000;0.000000;1.000000;200.989807;-267.356812;1526.077637;0.668007;0.000000;0.000000;0.000000;0.000000;1.000000;276.512909;-282.292023;1588.342163;0.898613;0.000000;0.000000;0.000000;0.000000;1.000000;258.449432;-253.279053;1683.840088;0.893054;0.000000;0.000000;0.000000;0.000000;1.000000;201.066345;-228.608398;1641.533813;0.659935;0.000000;0.000000;0.000000;0.000000;1.000000;-58.318970;-204.282898;2035.138794;0.036495;0.000000;0.000000;0.000000;0.000000;2.000000;160.189758;-244.561646;2346.259033;0.319120;0.000000;0.000000;0.000000;0.000000;2.000000;356.143951;-257.231018;2654.382324;0.668083;0.000000;0.000000;0.000000;0.000000;1.000000;481.456726;-384.915985;2655.230225;0.776208;0.000000;0.000000;0.000000;0.000000;1.000000;52.588806;-101.050720;1968.313843;0.032909;0.000000;0.000000;0.000000;0.000000;2.000000;296.080658;-151.974854;2258.086670;0.103999;0.000000;0.000000;0.000000;0.000000;2.000000;503.541199;-166.483887;2563.163330;0.203700;0.000000;0.000000;0.000000;0.000000;2.000000;604.270203;-296.090515;2575.409912;0.442806;0.000000;0.000000;0.000000;0.000000;2.000000;-370.142517;-105.349426;1546.575928;0.151079;0.000000;0.000000;0.000000;0.000000;2.000000;-273.402832;-112.021667;1427.640625;0.173478;0.000000;0.000000;0.000000;0.000000;2.000000;-319.382751;-138.914551;1423.190918;0.164333;0.000000;0.000000;0.000000;0.000000;1.000000;-396.853821;-190.226990;1500.793091;0.080333;0.000000;0.000000;0.000000;0.000000;1.000000;-316.383484;-89.255432;1418.947510;0.205268;0.000000;0.000000;0.000000;0.000000;1.000000;-405.452576;-32.687073;1486.197388;0.261401;0.000000;0.000000;0.000000;0.000000;1.000000;6473500160.000000
0.000000;-150.000000;2000.000000;0.000000;0.000000;0.000000;0.000000;0.000000;2.000000;-96.750488;-143.784912;1862.459595;0.242710;0.000000;0.000000;0.000000;0.000000;2.000000;-181.482910;-130.242371;1758.850830;0.676109;0.000000;0.000000;0.000000;0.000000;2.000000;-332.667725;-97.744873;1624.608643;0.823609;0.000000;0.000000;0.000000;0.000000;2.000000;-327.735107;-119.932434;1664.867310;0.694898;0.000000;0.000000;0.000000;0.000000;2.000000;-383.723267;-200.620056;1757.254517;0.568388;0.000000;0.000000;0.000000;0.000000;2.000000;-452.212646;-247.269043;2004.382080;1.243867;0.000000;0.000000;0.000000;0.000000;2.000000;-328.790039;-427.834686;2009.044189;1.026883;0.000000;0.000000;0.000000;0.000000;1.000000;-240.223877;-444.659058;2020.098145;0.756060;0.000000;0.000000;0.000000;0.000000;0.000000;-142.782959;-469.230164;2037.097046;0.756951;0.000000;0.000000;0.000000;0.000000;0.000000;-195.733093;-426.932587;1980.030273;0.439751;0.000000;0.000000;0.000000;0.000000;0.000000;-288.249084;-84.738647;1629.776367;0.918524;0.000000;0.000000;0.000000;0.000000;2.000000;-191.181885;-32.258484;1573.115479;1.744042;0.000000;0.000000;0.000000;0.000000;2.000000;-109.139160;-128.334534;1339.508301;8.979410;0.000000;0.000000;0.000000;0.000000;2.000000;-105.975342;-331.057800;1428.791382;9.863371;0.000000;0.000000;0.000000;0.000000;1.000000;-22.084595;-356.634491;1472.054565;9.884405;0.000000;0.000000;0.000000;0.000000;1.000000;4.707153;-281.236176;1532.330566;8.919870;0.000000;0.000000;0.000000;0.000000;1.000000;-126.868958;-266.524078;1542.658813;10.354841;0.000000;0.000000;0.000000;0.000000;1.000000;-48.062012;-214.278687;2030.903809;0.448770;0.000000;0.000000;0.000000;0.000000;2.000000;190.476501;-246.187256;2321.876953;1.169336;0.000000;0.000000;0.000000;0.000000;1.000000;401.952301;-255.548523;2614.142334;1.832808;0.000000;0.000000;0.000000;0.000000;1.000000;552.749695;-346.515594;2628.585693;2.561536;0.000000;0.000000;0.000000;0.000000;1.000000;43.339600;-92.037048;1972.132690;0.404677;0.000000;0.000000;0.000000;0.000000;2.000000;287.176575;-149.788452;2254.064697;0.300840;0.000000;0.000000;0.000000;0.000000;2.000000;487.508728;-171.688354;2557.989746;0.529812;0.000000;0.000000;0.000000;0.000000;2.000000;602.373962;-285.325317;2575.966553;0.328879;0.000000;0.000000;0.000000;0.000000;2.000000;-385.292847;-96.003357;1568.358765;0.845293;0.000000;0.000000;0.000000;0.000000;2.000000;-304.812134;-117.744812;1441.780518;1.049205;0.000000;0.000000;0.000000;0.000000;2.000000;-351.807007;-141.608093;1444.817993;1.173922;0.000000;0.000000;0.000000;0.000000;1.000000;-421.370117;-181.218872;1533.642456;1.261044;0.000000;0.000000;0.000000;0.000000;1.000000;-346.690796;-93.321472;1436.204956;1.055062;0.000000;0.000000;0.000000;0.000000;1.000000;-423.010376;-26.975403;1507.239258;0.841164;0.000000;0.000000;0.000000;0.000000;1.000000;6473533440.000000
0.000000;-150.000000;2000.000000;0.000000;0.000000;0.000000;0.000000;0.000000;2.000000;-89.303894;-142.986450;1858.121948;0.260058;0.000000;0.000000;0.000000;0.000000;2.000000;-170.283936;-127.262024;1752.345215;0.399337;0.000000;0.000000;0.000000;0.000000;2.000000;-330.310852;-99.357788;1628.630005;0.148206;0.000000;0.000000;0.000000;0.000000;2.000000;-323.023010;-117.714050;1670.283569;0.225783;0.000000;0.000000;0.000000;0.000000;1.000000;-375.472595;-180.624084;1776.901367;0.878058;0.000000;0.000000;0.000000;0.000000;1.000000;-373.528748;-288.138184;2013.513306;2.678297;0.000000;0.000000;0.000000;0.000000;1.000000;-293.802124;-481.973785;1953.056274;2.565522;0.000000;0.000000;0.000000;0.000000;1.000000;-213.309692;-514.268188;1979.129761;2.558186;0.000000;0.000000;0.000000;0.000000;0.000000;-151.063416;-475.188660;2049.314453;0.478260;0.000000;0.000000;0.000000;0.000000;0.000000;-180.547424;-416.544037;1996.754883;0.747128;0.000000;0.000000;0.000000;0.000000;0.000000;-285.151611;-88.540894;1628.803101;0.150236;0.000000;0.000000;0.000000;0.000000;2.000000;-199.947205;-53.143066;1546.429688;1.051738;0.000000;0.000000;0.000000;0.000000;2.000000;-200.054199;-159.115967;1303.740479;3.077894;0.000000;0.000000;0.000000;0.000000;2.000000;-279.321045;-331.734009;1416.504761;5.221812;0.000000;0.000000;0.000000;0.000000;1.000000;-216.439148;-374.267517;1477.703735;5.866423;0.000000;0.000000;0.000000;0.000000;1.000000;-156.965332;-328.679718;1543.755371;5.074427;0.000000;0.000000;0.000000;0.000000;1.000000;-202.705811;-306.397888;1515.277466;2.702806;0.000000;0.000000;0.000000;0.000000;1.000000;-47.955994;-215.795532;2026.932983;0.127764;0.000000;0.000000;0.000000;0.000000;2.000000;215.117340;-281.147369;2288.248535;1.634861;0.000000;0.000000;0.000000;0.000000;1.000000;433.673065;-296.899231;2573.669434;1.982750;0.000000;0.000000;0.000000;0.000000;1.000000;589.936890;-378.284210;2572.249023;2.241746;0.000000;0.000000;0.000000;0.000000;1.000000;43.244080;-90.669250;1975.713379;0.115211;0.000000;0.000000;0.000000;0.000000;2.000000;288.381897;-152.774048;2254.119141;0.096760;0.000000;0.000000;0.000000;0.000000;2.000000;481.519165;-172.208130;2561.590332;0.210571;0.000000;0.000000;0.000000;0.000000;2.000000;606.235535;-274.361877;2578.590332;0.358055;0.000000;0.000000;0.000000;0.000000;2.000000;-387.312805;-100.050964;1577.126221;0.296445;0.000000;0.000000;0.000000;0.000000;2.000000;-306.358704;-103.178955;1449.547119;0.498179;0.000000;0.000000;0.000000;0.000000;2.000000;-350.664001;-131.589905;1450.558350;0.348638;0.000000;0.000000;0.000000;0.000000;1.000000;-415.154480;-184.921631;1535.483643;0.224326;0.000000;0.000000;0.000000;0.000000;1.000000;-350.325012;-82.625305;1446.049316;0.450247;0.000000;0.000000;0.000000;0.000000;1.000000;-431.908386;-30.350098;1522.180664;0.532291;0.000000;0.000000;0.000000;0.000000;1.000000;6473566720.000000
0.000000;-150.000000;2000.000000;0.000000;0.000000;0.000000;0.000000;0.000000;2.000000;-95.773438;-152.656067;1856.305054;0.353825;0.000000;0.000000;0.000000;0.000000;2.000000;-180.369873;-145.329102;1747.431885;0.639033;0.000000;0.000000;0.000000;0.000000;2.000000;-339.414124;-113.328003;1613.817993;0.670168;0.000000;0.000000;0.000000;0.000000;2.000000;-333.818420;-133.078918;1656.596924;0.698218;0.000000;0.000000;0.000000;0.000000;2.000000;-393.662292;-199.585266;1762.173584;0.905090;0.000000;0.000000;0.000000;0.000000;2.000000;-431.840759;-261.415100;2019.630859;1.936141;0.000000;0.000000;0.000000;0.000000;2.000000;-324.008972;-454.057007;1978.711548;1.456632;0.000000;0.000000;0.000000;0.000000;1.000000;-247.353210;-506.062469;1989.141235;1.094396;0.000000;0.000000;0.000000;0.000000;0.000000;-159.568176;-482.780396;2041.040527;0.423266;0.000000;0.000000;0.000000;0.000000;0.000000;-186.635620;-424.578583;1998.021362;0.305286;0.000000;0.000000;0.000000;0.000000;0.000000;-292.933533;-102.437622;1616.178101;0.610699;0.000000;0.000000;0.000000;0.000000;2.000000;-190.659729;-61.441895;1552.403076;0.415065;0.000000;0.000000;0.000000;0.000000;2.000000;36.676453;-112.367310;1410.900391;7.933494;0.000000;0.000000;0.000000;0.000000;1.000000;-74.900330;-310.265625;1420.080688;6.177165;0.000000;0.000000;0.000000;0.000000;1.000000;-142.018127;-375.602905;1456.138428;2.328548;0.000000;0.000000;0.000000;0.000000;1.000000;-164.717285;-328.677673;1544.762817;0.234890;0.000000;0.000000;0.000000;0.000000;1.000000;-188.468201;-311.474091;1501.588379;0.612766;0.000000;0.000000;0.000000;0.000000;1.000000;-49.843506;-214.212280;2034.407959;0.236493;0.000000;0.000000;0.000000;0.000000;2.000000;216.226410;-227.442200;2315.877930;1.815078;0.000000;0.000000;0.000000;0.000000;2.000000;453.701935;-218.848572;2599.973633;2.547002;0.000000;0.000000;0.000000;0.000000;1.000000;601.028625;-323.062103;2581.968262;1.717471;0.000000;0.000000;0.000000;0.000000;1.000000;44.946167;-92.096924;1968.972778;0.213259;0.000000;0.000000;0.000000;0.000000;2.000000;287.613586;-139.890442;2266.796387;0.543605;0.000000;0.000000;0.000000;0.000000;2.000000;502.693787;-167.757813;2571.827148;0.719250;0.000000;0.000000;0.000000;0.000000;2.000000;635.207153;-269.072693;2567.755859;0.942914;0.000000;0.000000;0.000000;0.000000;2.000000;-395.788757;-112.724426;1558.366577;0.726382;0.000000;0.000000;0.000000;0.000000;2.000000;-284.659180;-108.858337;1449.586304;0.673993;0.000000;0.000000;0.000000;0.000000;2.000000;-330.969543;-133.868591;1436.710571;0.726657;0.000000;0.000000;0.000000;0.000000;2.000000;-419.040955;-191.935791;1499.420044;1.110107;0.000000;0.000000;0.000000;0.000000;1.000000;-326.460876;-83.496460;1438.728394;0.750512;0.000000;0.000000;0.000000;0.000000;2.000000;-422.841980;-31.395752;1502.631592;0.648272;0.000000;0.000000;0.000000;0.000000;1.000000;6473600000.000000
0.000000;-150.000000;2000.000000;0.000000;0.000000;0.000000;0.000000;0.000000;2.000000;-99.098633;-142.501221;1859.754028;0.337387;0.000000;0.000000;0.000000;0.000000;2.000000;-177.238770;-137.787292;1746.815063;0.246070;0.000000;0.000000;0.000000;0.000000;2.000000;-332.704895;-104.440063;1610.902466;0.345892;0.000000;0.000000;0.000000;0.000000;2.000000;-328.061218;-124.423584;1653.437744;0.326462;0.000000;0.000000;0.000000;0.000000;2.000000;-385.498718;-184.144775;1763.455811;0.526225;0.000000;0.000000;0.000000;0.000000;2.000000;-360.481384;-284.192963;2008.919312;2.273694;0.000000;0.000000;0.000000;0.000000;1.000000;-277.602783;-482.021698;1946.221436;1.898307;0.000000;0.000000;0.000000;0.000000;1.000000;-211.291565;-532.805908;1986.607666;1.351186;0.000000;0.000000;0.000000;0.000000;0.000000;-149.188171;-479.182465;2050.685547;0.439274;0.000000;0.000000;0.000000;0.000000;0.000000;-170.298523;-418.419525;1998.751953;0.525084;0.000000;0.000000;0.000000;0.000000;0.000000;-286.466675;-93.775574;1614.263916;0.329866;0.000000;0.000000;0.000000;0.000000;2.000000;-181.257141;-64.238037;1550.131104;0.302560;0.000000;0.000000;0.000000;0.000000;2.000000;66.257629;-129.829529;1460.523071;1.813467;0.000000;0.000000;0.000000;0.000000;1.000000;-5.619873;-340.405487;1419.294922;2.270333;0.000000;0.000000;0.000000;0.000000;1.000000;-93.623596;-374.072540;1452.468872;1.459062;0.000000;0.000000;0.000000;0.000000;1.000000;-148.353577;-337.503998;1530.819824;0.698307;0.000000;0.000000;0.000000;0.000000;1.000000;-130.079407;-313.363312;1467.300293;2.035409;0.000000;0.000000;0.000000;0.000000;1.000000;-50.846802;-213.837036;2032.515381;0.065345;0.000000;0.000000;0.000000;0.000000;2.000000;230.597504;-290.452576;2284.888672;2.153668;0.000000;0.000000;0.000000;0.000000;1.000000;443.520325;-285.657257;2585.757324;2.075095;0.000000;0.000000;0.000000;0.000000;1.000000;591.934753;-387.015381;2569.071777;1.979308;0.000000;0.000000;0.000000;0.000000;1.000000;45.850830;-92.435425;1970.679321;0.058922;0.000000;0.000000;0.000000;0.000000;2.000000;296.183716;-145.914429;2258.648926;0.398765;0.000000;0.000000;0.000000;0.000000;2.000000;508.685730;-171.451782;2563.519043;0.327198;0.000000;0.000000;0.000000;0.000000;2.000000;631.511108;-282.568481;2551.487793;0.644773;0.000000;0.000000;0.000000;0.000000;2.000000;-387.683044;-103.249817;1554.598511;0.391398;0.000000;0.000000;0.000000;0.000000;2.000000;-278.773132;-115.004761;1445.193604;0.287772;0.000000;0.000000;0.000000;0.000000;2.000000;-327.766296;-134.125122;1433.266113;0.141548;0.000000;0.000000;0.000000;0.000000;2.000000;-421.207825;-179.483765;1497.528687;0.384011;0.000000;0.000000;0.000000;0.000000;1.000000;-317.018372;-84.923584;1434.366943;0.315462;0.000000;0.000000;0.000000;0.000000;2.000000;-404.932312;-20.459473;1498.012451;0.645646;0.000000;0.000000;0.000000;0.000000;1.000000;6473633280.000000
0.000000;-150.000000;2000.000000;0.000000;0.000000;0.000000;0.000000;0.000000;2.000000;-92.919495;-147.552795;1855.671021;0.269381;0.000000;0.000000;0.000000;0.000000;2.000000;-170.822266;-140.678772;1742.890503;0.242133;0.000000;0.000000;0.000000;0.000000;2.000000;-327.694519;-98.323730;1611.588013;0.238468;0.000000;0.000000;0.000000;0.000000;2.000000;-322.948425;-119.003296;1653.710938;0.224044;0.000000;0.000000;0.000000;0.000000;2.000000;-385.755310;-186.478699;1755.808960;0.240361;0.000000;0.000000;0.000000;0.000000;2.000000;-422.298279;-261.205505;2008.373657;1.981818;0.000000;0.000000;0.000000;0.000000;2.000000;-321.045837;-456.390961;1970.159668;1.677660;0.000000;0.000000;0.000000;0.000000;1.000000;-246.622437;-507.690033;1990.532104;1.307861;0.000000;0.000000;0.000000;0.000000;0.000000;-162.271851;-476.306305;2042.598389;0.470190;0.000000;0.000000;0.000000;0.000000;0.000000;-189.115112;-418.349213;1996.290161;0.570225;0.000000;0.000000;0.000000;0.000000;0.000000;-280.986328;-89.932739;1613.868164;0.201475;0.000000;0.000000;0.000000;0.000000;2.000000;-175.590637;-62.008606;1549.635132;0.183578;0.000000;0.000000;0.000000;0.000000;2.000000;75.384277;-99.156128;1454.552124;0.978205;0.000000;0.000000;0.000000;0.000000;1.000000;35.499268;-320.128296;1428.876221;1.407376;0.000000;0.000000;0.000000;0.000000;1.000000;-50.867004;-362.262878;1455.688843;1.336367;0.000000;0.000000;0.000000;0.000000;1.000000;-129.566162;-338.896149;1516.561279;0.709931;0.000000;0.000000;0.000000;0.000000;1.000000;-96.916687;-304.411316;1456.844482;1.078901;0.000000;0.000000;0.000000;0.000000;1.000000;-55.160339;-208.858887;2034.514526;0.206842;0.000000;0.000000;0.000000;0.000000;2.000000;222.429840;-226.880127;2301.001465;1.985855;0.000000;0.000000;0.000000;0.000000;2.000000;471.000122;-221.199646;2572.511475;2.142783;0.000000;0.000000;0.000000;0.000000;1.000000;602.940674;-340.426636;2542.967285;1.638402;0.000000;0.000000;0.000000;0.000000;1.000000;49.740479;-96.924377;1968.876831;0.186514;0.000000;0.000000;0.000000;0.000000;2.000000;293.020416;-146.127747;2262.936523;0.160231;0.000000;0.000000;0.000000;0.000000;2.000000;504.394958;-165.983276;2568.437012;0.255853;0.000000;0.000000;0.000000;0.000000;2.000000;619.083252;-285.459595;2559.496094;0.452663;0.000000;0.000000;0.000000;0.000000;2.000000;-383.887024;-93.820190;1556.810425;0.312587;0.000000;0.000000;0.000000;0.000000;2.000000;-280.177002;-119.992493;1445.152222;0.155700;0.000000;0.000000;0.000000;0.000000;2.000000;-325.761902;-148.631531;1443.526489;0.537289;0.000000;0.000000;0.000000;0.000000;1.000000;-406.956360;-187.037231;1526.067993;0.985032;0.000000;0.000000;0.000000;0.000000;1.000000;-323.334167;-100.176880;1430.209229;0.511558;0.000000;0.000000;0.000000;0.000000;2.000000;-417.419128;-33.996826;1481.814941;0.736968;0.000000;0.000000;0.000000;0.000000;2.000000;6473666560.000000
0.000000;-150.000000;2000.000000;0.000000;0.000000;0.000000;0.000000;0.000000;2.000000;-98.661499;-139.117004;1859.249268;0.324932;0.000000;0.000000;0.000000;0.000000;2.000000;-171.193726;-139.630615;1742.213867;0.039114;0.000000;0.000000;0.000000;0.000000;2.000000;-330.653137;-92.558350;1614.601196;0.214738;0.000000;0.000000;0.000000;0.000000;2.000000;-325.123962;-115.397461;1655.672119;0.139590;0.000000;0.000000;0.000000;0.000000;2.000000;-375.485168;-185.034302;1763.651978;0.390712;0.000000;0.000000;0.000000;0.000000;2.000000;-345.118103;-300.502502;2002.220215;2.608979;0.000000;0.000000;0.000000;0.000000;1.000000;-270.009949;-507.095062;1959.639404;2.184692;0.000000;0.000000;0.000000;0.000000;1.000000;-179.901367;-522.809387;1976.223022;2.100153;0.000000;0.000000;0.000000;0.000000;0.000000;-161.252808;-472.268921;2065.550293;0.700919;0.000000;0.000000;0.000000;0.000000;0.000000;-182.351807;-405.987244;2003.247192;0.472205;0.000000;0.000000;0.000000;0.000000;0.000000;-283.884827;-83.621399;1616.808960;0.226624;0.000000;0.000000;0.000000;0.000000;2.000000;-176.170166;-56.576904;1555.290161;0.236252;0.000000;0.000000;0.000000;0.000000;2.000000;83.806030;-103.964172;1491.610718;1.151035;0.000000;0.000000;0.000000;0.000000;1.000000;69.331726;-322.805481;1434.068237;1.031643;0.000000;0.000000;0.000000;0.000000;1.000000;-20.160156;-367.363922;1438.977661;1.061592;0.000000;0.000000;0.000000;0.000000;1.000000;-95.108215;-350.596802;1506.910278;1.131260;0.000000;0.000000;0.000000;0.000000;1.000000;-66.306946;-299.297974;1455.434814;0.933470;0.000000;0.000000;0.000000;0.000000;1.000000;-57.087830;-206.745728;2035.629028;0.092237;0.000000;0.000000;0.000000;0.000000;2.000000;208.334778;-264.035461;2310.645020;1.228738;0.000000;0.000000;0.000000;0.000000;1.000000;435.484070;-270.981049;2601.809570;2.037507;0.000000;0.000000;0.000000;0.000000;1.000000;567.805298;-391.269135;2574.787109;2.088710;0.000000;0.000000;0.000000;0.000000;1.000000;51.478577;-98.829895;1967.871704;0.083175;0.000000;0.000000;0.000000;0.000000;2.000000;290.736755;-139.504456;2268.113281;0.261749;0.000000;0.000000;0.000000;0.000000;2.000000;505.139709;-160.391541;2572.912109;0.216364;0.000000;0.000000;0.000000;0.000000;2.000000;625.041260;-273.737640;2551.376953;0.464359;0.000000;0.000000;0.000000;0.000000;2.000000;-387.721008;-85.982117;1560.575195;0.285549;0.000000;0.000000;0.000000;0.000000;2.000000;-286.090576;-111.619080;1446.214478;0.309674;0.000000;0.000000;0.000000;0.000000;2.000000;-337.125305;-127.240234;1437.777100;0.748052;0.000000;0.000000;0.000000;0.000000;1.000000;-430.345642;-161.913086;1509.090210;1.150699;0.000000;0.000000;0.000000;0.000000;1.000000;-322.454041;-78.983826;1435.855713;0.659556;0.000000;0.000000;0.000000;0.000000;2.000000;-401.510193;-4.576965;1500.758667;1.154991;0.000000;0.000000;0.000000;0.000000;2.000000;6473699840.000000
0.000000;-150.000000;2000.000000;0.000000;0.000000;0.000000;0.000000;0.000000;2.000000;-88.899841;-144.682190;1854.769409;0.363483;0.000000;0.000000;0.000000;0.000000;2.000000;-163.096680;-135.899353;1740.895752;0.270803;0.000000;0.000000;0.000000;0.000000;2.000000;-318.632080;-92.065002;1611.019897;0.377190;0.000000;0.000000;0.000000;0.000000;2.000000;-314.057495;-112.558105;1652.850830;0.353609;0.000000;0.000000;0.000000;0.000000;2.000000;-375.630249;-180.739807;1753.818115;0.322466;0.000000;0.000000;0.000000;0.000000;2.000000;-431.083008;-253.195679;2001.426270;2.948470;0.000000;0.000000;0.000000;0.000000;2.000000;-329.828247;-449.062347;1980.519043;2.581685;0.000000;0.000000;0.000000;0.000000;1.000000;-250.208923;-495.061005;1980.542969;2.274897;0.000000;0.000000;0.000000;0.000000;0.000000;-173.258240;-472.916229;2045.619019;0.699420;0.000000;0.000000;0.000000;0.000000;0.000000;-195.072571;-409.603241;1994.987305;0.468518;0.000000;0.000000;0.000000;0.000000;0.000000;-272.165100;-84.355225;1613.110229;0.369935;0.000000;0.000000;0.000000;0.000000;2.000000;-166.931641;-58.380493;1549.691406;0.329091;0.000000;0.000000;0.000000;0.000000;2.000000;85.779419;-81.175293;1460.742188;1.154446;0.000000;0.000000;0.000000;0.000000;1.000000;88.453552;-303.924561;1434.688599;0.807683;0.000000;0.000000;0.000000;0.000000;1.000000;5.598206;-357.944427;1439.058716;0.824121;0.000000;0.000000;0.000000;0.000000;1.000000;-80.208740;-350.430481;1492.604248;0.620683;0.000000;0.000000;0.000000;0.000000;1.000000;-48.123047;-295.882507;1446.328979;0.619629;0.000000;0.000000;0.000000;0.000000;1.000000;-57.660461;-206.140381;2033.239990;0.076027;0.000000;0.000000;0.000000;0.000000;2.000000;230.410645;-219.056274;2284.220703;1.702089;0.000000;0.000000;0.000000;0.000000;2.000000;487.266785;-206.092102;2543.712402;3.044703;0.000000;0.000000;0.000000;0.000000;1.000000;614.556030;-328.501343;2515.143066;2.956773;0.000000;0.000000;0.000000;0.000000;1.000000;51.994995;-99.375671;1970.026123;0.068560;0.000000;0.000000;0.000000;0.000000;2.000000;292.981110;-143.021179;2263.026855;0.197670;0.000000;0.000000;0.000000;0.000000;2.000000;506.316895;-161.014954;2563.802734;0.276630;0.000000;0.000000;0.000000;0.000000;2.000000;615.888123;-283.589142;2556.060547;0.427875;0.000000;0.000000;0.000000;0.000000;2.000000;-374.513306;-86.965881;1556.835571;0.413525;0.000000;0.000000;0.000000;0.000000;2.000000;-271.653870;-115.856812;1446.697021;0.452331;0.000000;0.000000;0.000000;0.000000;2.000000;-319.186035;-139.949585;1442.573242;0.676147;0.000000;0.000000;0.000000;0.000000;1.000000;-404.792480;-175.176575;1520.581543;0.931459;0.000000;0.000000;0.000000;0.000000;1.000000;-312.192505;-91.612122;1432.217163;0.501012;0.000000;0.000000;0.000000;0.000000;2.000000;-400.567017;-20.763062;1485.357666;0.671943;0.000000;0.000000;0.000000;0.000000;2.000000;6473733120.000000
0.000000;-150.000000;2000.000000;0.000000;0.000000;0.000000;0.000000;0.000000;2.000000;-87.866089;-144.324829;1856.732910;0.066513;0.000000;0.000000;0.000000;0.000000;2.000000;-160.870117;-135.894836;1744.160645;0.116946;0.000000;0.000000;0.000000;0.000000;2.000000;-315.409424;-98.031738;1615.471802;0.240061;0.000000;0.000000;0.000000;0.000000;2.000000;-310.283447;-118.286987;1656.677612;0.232464;0.000000;0.000000;0.000000;0.000000;2.000000;-367.117554;-180.185303;1762.007202;0.349940;0.000000;0.000000;0.000000;0.000000;2.000000;-353.256104;-285.442932;1999.862793;2.493421;0.000000;0.000000;0.000000;0.000000;1.000000;-281.476440;-488.207520;1960.773682;1.931510;0.000000;0.000000;0.000000;0.000000;1.000000;-193.639099;-508.164398;1971.923706;1.737210;0.000000;0.000000;0.000000;0.000000;0.000000;-172.920410;-463.925568;2061.293457;0.534831;0.000000;0.000000;0.000000;0.000000;0.000000;-188.687378;-394.736755;2000.181274;0.502869;0.000000;0.000000;0.000000;0.000000;0.000000;-269.888733;-88.628967;1617.789063;0.199259;0.000000;0.000000;0.000000;0.000000;2.000000;-168.768616;-64.022949;1550.446533;0.177018;0.000000;0.000000;0.000000;0.000000;2.000000;82.676941;-107.452332;1477.460083;0.926210;0.000000;0.000000;0.000000;0.000000;1.000000;94.585083;-324.323914;1434.607422;0.630359;0.000000;0.000000;0.000000;0.000000;1.000000;8.568298;-370.187073;1427.662964;0.502701;0.000000;0.000000;0.000000;0.000000;1.000000;-69.179749;-357.053955;1489.347900;0.392719;0.000000;0.000000;0.000000;0.000000;1.000000;-39.897644;-295.429230;1444.359985;0.250649;0.000000;0.000000;0.000000;0.000000;1.000000;-56.361328;-206.252380;2032.338257;0.046916;0.000000;0.000000;0.000000;0.000000;2.000000;211.291687;-265.245514;2291.706543;1.495833;0.000000;0.000000;0.000000;0.000000;1.000000;438.219391;-272.941132;2571.878418;2.591316;0.000000;0.000000;0.000000;0.000000;1.000000;572.726318;-385.007294;2548.854736;2.307313;0.000000;0.000000;0.000000;0.000000;1.000000;50.823547;-99.274780;1970.839111;0.042302;0.000000;0.000000;0.000000;0.000000;2.000000;289.826752;-143.039673;2259.016113;0.151000;0.000000;0.000000;0.000000;0.000000;2.000000;498.965363;-159.960144;2556.970703;0.298630;0.000000;0.000000;0.000000;0.000000;2.000000;616.433411;-271.731232;2546.817383;0.445215;0.000000;0.000000;0.000000;0.000000;2.000000;-370.484619;-94.892151;1561.756958;0.300736;0.000000;0.000000;0.000000;0.000000;2.000000;-280.505005;-105.220154;1440.358276;0.450414;0.000000;0.000000;0.000000;0.000000;2.000000;-323.567017;-135.693176;1441.040894;0.186360;0.000000;0.000000;0.000000;0.000000;1.000000;-391.596802;-184.601624;1526.236450;0.508217;0.000000;0.000000;0.000000;0.000000;1.000000;-325.080444;-87.257141;1432.079102;0.402597;0.000000;0.000000;0.000000;0.000000;2.000000;-414.241577;-32.515991;1497.693726;0.646522;0.000000;0.000000;0.000000;0.000000;2.000000;6473766912.000000
0.000000;-150.000000;2000.000000;0.000000;0.000000;0.000000;0.000000;0.000000;2.000000;-89.583008;-143.307983;1858.369019;0.077537;0.000000;0.000000;0.000000;0.000000;2.000000;-162.901611;-135.516052;1746.379517;0.091110;0.000000;0.000000;0.000000;0.000000;2.000000;-317.614075;-101.786499;1617.605835;0.145703;0.000000;0.000000;0.000000;0.000000;2.000000;-312.081116;-121.884705;1658.699341;0.135258;0.000000;0.000000;0.000000;0.000000;2.000000;-363.395325;-187.852539;1763.938599;0.262593;0.000000;0.000000;0.000000;0.000000;2.000000;-325.699158;-300.431458;1995.010620;0.953800;0.000000;0.000000;0.000000;0.000000;1.000000;-242.195129;-495.727509;1945.729858;1.283967;0.000000;0.000000;0.000000;0.000000;1.000000;-160.444519;-515.389832;1979.268555;1.044374;0.000000;0.000000;0.000000;0.000000;0.000000;-178.910156;-470.218781;2068.359863;0.336506;0.000000;0.000000;0.000000;0.000000;0.000000;-188.224731;-388.888794;2002.706421;0.191906;0.000000;0.000000;0.000000;0.000000;0.000000;-272.489380;-91.192139;1620.061279;0.129228;0.000000;0.000000;0.000000;0.000000;2.000000;-171.082275;-66.059570;1553.956909;0.140372;0.000000;0.000000;0.000000;0.000000;2.000000;79.400574;-118.599792;1486.392944;0.440383;0.000000;0.000000;0.000000;0.000000;1.000000;97.301758;-333.024994;1436.848267;0.282053;0.000000;0.000000;0.000000;0.000000;1.000000;12.851257;-379.838898;1423.551025;0.340499;0.000000;0.000000;0.000000;0.000000;1.000000;-64.211853;-364.420197;1485.138550;0.295420;0.000000;0.000000;0.000000;0.000000;1.000000;-37.022644;-299.792236;1442.680298;0.164917;0.000000;0.000000;0.000000;0.000000;1.000000;-56.159302;-205.789673;2032.885254;0.022368;0.000000;0.000000;0.000000;0.000000;2.000000;183.947266;-231.158691;2321.582031;1.590612;0.000000;0.000000;0.000000;0.000000;2.000000;398.841736;-232.841614;2609.998535;2.040553;0.000000;0.000000;0.000000;0.000000;1.000000;532.942932;-345.779358;2593.303711;2.145285;0.000000;0.000000;0.000000;0.000000;1.000000;50.641296;-99.691956;1970.345825;0.020170;0.000000;0.000000;0.000000;0.000000;2.000000;285.353455;-142.148621;2260.937012;0.148713;0.000000;0.000000;0.000000;0.000000;2.000000;494.717987;-163.911255;2557.240234;0.174497;0.000000;0.000000;0.000000;0.000000;2.000000;607.482910;-279.992004;2549.184082;0.372830;0.000000;0.000000;0.000000;0.000000;2.000000;-372.449768;-100.081177;1563.872070;0.178430;0.000000;0.000000;0.000000;0.000000;2.000000;-285.505310;-115.369995;1441.288452;0.341132;0.000000;0.000000;0.000000;0.000000;2.000000;-334.206116;-135.135071;1438.772583;0.327300;0.000000;0.000000;0.000000;0.000000;1.000000;-412.596008;-177.433044;1517.950317;0.711711;0.000000;0.000000;0.000000;0.000000;1.000000;-324.647156;-87.008606;1435.885864;0.115366;0.000000;0.000000;0.000000;0.000000;2.000000;-399.959900;-22.243408;1508.719238;0.623854;0.000000;0.000000;0.000000;0.000000;2.000000;6473800192.000000
0.000000;-150.000000;2000.000000;0.000000;0.000000;0.000000;0.000000;0.000000;2.000000;-88.337769;-142.912964;1852.783447;0.172365;0.000000;0.000000;0.000000;0.000000;2.000000;-163.535034;-131.014832;1738.438110;0.274949;0.000000;0.000000;0.000000;0.000000;2.000000;-326.436951;-99.513550;1611.173950;0.335112;0.000000;0.000000;0.000000;0.000000;2.000000;-318.774841;-121.569092;1652.204956;0.280403;0.000000;0.000000;0.000000;0.000000;2.000000;-365.404968;-191.622742;1761.179565;0.152819;0.000000;0.000000;0.000000;0.000000;2.000000;-271.841919;-300.344299;1985.383301;1.643961;0.000000;0.000000;0.000000;0.000000;1.000000;-177.004272;-496.580444;1936.384399;1.979051;0.000000;0.000000;0.000000;0.000000;1.000000;-112.961853;-526.812988;1996.269531;1.553845;0.000000;0.000000;0.000000;0.000000;0.000000;-184.473328;-488.895660;2061.688477;0.618934;0.000000;0.000000;0.000000;0.000000;0.000000;-178.345947;-391.097473;2005.718872;0.317350;0.000000;0.000000;0.000000;0.000000;0.000000;-280.815125;-86.259827;1613.299927;0.354722;0.000000;0.000000;0.000000;0.000000;2.000000;-182.798706;-44.621521;1544.720581;0.784810;0.000000;0.000000;0.000000;0.000000;2.000000;71.671326;-80.126282;1631.507813;4.517045;0.000000;0.000000;0.000000;0.000000;2.000000;95.349060;-297.743866;1574.437012;4.268438;0.000000;0.000000;0.000000;0.000000;1.000000;45.974182;-357.410431;1511.395996;2.900364;0.000000;0.000000;0.000000;0.000000;1.000000;-51.000305;-360.185760;1478.946655;0.456508;0.000000;0.000000;0.000000;0.000000;1.000000;-2.247681;-294.278503;1474.925781;1.434609;0.000000;0.000000;0.000000;0.000000;1.000000;-57.125366;-208.826904;2031.446289;0.105077;0.000000;0.000000;0.000000;0.000000;2.000000;190.772339;-237.561829;2325.380371;0.303484;0.000000;0.000000;0.000000;0.000000;2.000000;408.738892;-235.409363;2622.498047;0.485241;0.000000;0.000000;0.000000;0.000000;1.000000;549.563782;-346.547638;2603.153809;0.580999;0.000000;0.000000;0.000000;0.000000;1.000000;51.512451;-96.953125;1971.643433;0.094753;0.000000;0.000000;0.000000;0.000000;2.000000;296.047791;-138.829773;2266.270996;0.372687;0.000000;0.000000;0.000000;0.000000;2.000000;513.868286;-160.317383;2567.530762;0.662112;0.000000;0.000000;0.000000;0.000000;2.000000;650.163940;-254.304138;2555.291016;1.508052;0.000000;0.000000;0.000000;0.000000;2.000000;-383.784363;-98.464294;1557.319458;0.396389;0.000000;0.000000;0.000000;0.000000;2.000000;-290.888672;-125.248535;1436.462646;0.367834;0.000000;0.000000;0.000000;0.000000;2.000000;-342.650085;-139.399780;1431.285522;0.362505;0.000000;0.000000;0.000000;0.000000;1.000000;-431.630554;-172.445740;1508.091431;0.661320;0.000000;0.000000;0.000000;0.000000;1.000000;-326.889099;-91.631104;1428.912476;0.260262;0.000000;0.000000;0.000000;0.000000;2.000000;-399.286804;-16.181946;1499.558716;0.330678;0.000000;0.000000;0.000000;0.000000;2.000000;6473833472.000000
0.000000;-150.000000;2000.000000;0.000000;0.000000;0.000000;0.000000;0.000000;2.000000;-88.017578;-143.645325;1852.560913;0.024931;0.000000;0.000000;0.000000;0.000000;2.000000;-162.825928;-132.494324;1737.887817;0.051998;0.000000;0.000000;0.000000;0.000000;2.000000;-324.327209;-100.644531;1608.940674;0.098371;0.000000;0.000000;0.000000;0.000000;2.000000;-317.259583;-122.255554;1650.312744;0.075705;0.000000;0.000000;0.000000;0.000000;2.000000;-366.446106;-188.020081;1760.823242;0.113190;0.000000;0.000000;0.000000;0.000000;2.000000;-285.007935;-287.024353;1994.073975;0.620398;0.000000;0.000000;0.000000;0.000000;1.000000;-189.471436;-482.873383;1944.897095;0.612701;0.000000;0.000000;0.000000;0.000000;1.000000;-122.948120;-516.750305;1999.928589;0.439947;0.000000;0.000000;0.000000;0.000000;0.000000;-190.868713;-479.151459;2069.240234;0.417311;0.000000;0.000000;0.000000;0.000000;0.000000;-181.152832;-377.712311;2013.328979;0.470284;0.000000;0.000000;0.000000;0.000000;0.000000;-278.562134;-87.929626;1611.256470;0.104263;0.000000;0.000000;0.000000;0.000000;2.000000;-175.226135;-54.653259;1546.002686;0.379634;0.000000;0.000000;0.000000;0.000000;2.000000;94.145996;-85.352844;1552.474121;2.473954;0.000000;0.000000;0.000000;0.000000;1.000000;132.581116;-305.022522;1514.503418;2.131347;0.000000;0.000000;0.000000;0.000000;1.000000;59.342285;-363.541046;1480.100586;1.039026;0.000000;0.000000;0.000000;0.000000;1.000000;-41.489685;-368.217163;1496.699097;0.651499;0.000000;0.000000;0.000000;0.000000;1.000000;-1.995361;-294.678589;1476.772827;0.057291;0.000000;0.000000;0.000000;0.000000;1.000000;-57.261963;-208.577820;2031.659180;0.010667;0.000000;0.000000;0.000000;0.000000;2.000000;179.835815;-227.660034;2335.127686;0.531319;0.000000;0.000000;0.000000;0.000000;2.000000;390.536560;-222.945251;2637.406494;0.800058;0.000000;0.000000;0.000000;0.000000;1.000000;531.872925;-333.995209;2621.636963;0.856321;0.000000;0.000000;0.000000;0.000000;1.000000;51.635620;-97.177856;1971.451416;0.009622;0.000000;0.000000;0.000000;0.000000;2.000000;294.725372;-139.861145;2267.150879;0.056907;0.000000;0.000000;0.000000;0.000000;2.000000;509.444397;-159.492798;2570.748779;0.166235;0.000000;0.000000;0.000000;0.000000;2.000000;631.850464;-271.073334;2559.539551;0.756973;0.000000;0.000000;0.000000;0.000000;2.000000;-381.236389;-99.588989;1554.625000;0.116442;0.000000;0.000000;0.000000;0.000000;2.000000;-288.074524;-125.680237;1433.823853;0.116643;0.000000;0.000000;0.000000;0.000000;2.000000;-340.064514;-138.705994;1428.028931;0.126673;0.000000;0.000000;0.000000;0.000000;2.000000;-430.180115;-171.585754;1503.570068;0.144999;0.000000;0.000000;0.000000;0.000000;1.000000;-323.363464;-91.216553;1426.749023;0.124916;0.000000;0.000000;0.000000;0.000000;2.000000;-394.751282;-15.843506;1498.492920;0.140365;0.000000;0.000000;0.000000;0.000000;2.000000;6473866752.000000
0.000000;-150.000000;2000.000000;0.000000;0.000000;0.000000;0.000000;0.000000;2.000000;-87.570007;-143.479858;1853.010010;0.019690;0.000000;0.000000;0.000000;0.000000;2.000000;-161.890564;-132.377869;1738.596558;0.035436;0.000000;0.000000;0.000000;0.000000;2.000000;-321.884399;-97.645081;1609.712769;0.118529;0.000000;0.000000;0.000000;0.000000;2.000000;-315.432861;-118.929688;1651.164429;0.116854;0.000000;0.000000;0.000000;0.000000;1.000000;-365.641113;-182.517273;1761.883179;0.170117;0.000000;0.000000;0.000000;0.000000;1.000000;-294.229797;-278.466461;1998.597168;0.401723;0.000000;0.000000;0.000000;0.000000;1.000000;-200.042419;-475.064911;1953.569092;0.473123;0.000000;0.000000;0.000000;0.000000;1.000000;-130.878967;-512.166748;2002.359741;0.284772;0.000000;0.000000;0.000000;0.000000;0.000000;-193.653442;-473.121674;2075.087402;0.265891;0.000000;0.000000;0.000000;0.000000;0.000000;-180.947998;-370.756348;2019.580078;0.281080;0.000000;0.000000;0.000000;0.000000;0.000000;-275.955444;-86.190063;1611.906982;0.096173;0.000000;0.000000;0.000000;0.000000;2.000000;-171.914246;-59.362671;1545.679932;0.173269;0.000000;0.000000;0.000000;0.000000;2.000000;94.280762;-100.142456;1523.247437;0.984252;0.000000;0.000000;0.000000;0.000000;1.000000;138.857849;-318.135132;1487.133179;0.931232;0.000000;0.000000;0.000000;0.000000;1.000000;58.788025;-372.158539;1463.222168;0.569686;0.000000;0.000000;0.000000;0.000000;1.000000;-36.195984;-374.452271;1500.144653;0.266687;0.000000;0.000000;0.000000;0.000000;1.000000;0.300171;-297.584717;1477.225342;0.112107;0.000000;0.000000;0.000000;0.000000;1.000000;-57.121826;-208.366272;2031.441528;0.010045;0.000000;0.000000;0.000000;0.000000;2.000000;194.523010;-230.656799;2320.923828;0.620508;0.000000;0.000000;0.000000;0.000000;2.000000;419.303894;-229.289185;2611.270996;1.183326;0.000000;0.000000;0.000000;0.000000;1.000000;557.672485;-341.821320;2588.527344;1.282990;0.000000;0.000000;0.000000;0.000000;1.000000;51.509277;-97.368652;1971.647705;0.009059;0.000000;0.000000;0.000000;0.000000;2.000000;293.174805;-140.327637;2266.701172;0.050496;0.000000;0.000000;0.000000;0.000000;2.000000;506.734802;-160.367798;2569.475098;0.093728;0.000000;0.000000;0.000000;0.000000;2.000000;626.585083;-273.791901;2557.845703;0.185190;0.000000;0.000000;0.000000;0.000000;2.000000;-378.535278;-95.625977;1555.557129;0.146807;0.000000;0.000000;0.000000;0.000000;2.000000;-283.784119;-122.680115;1436.924072;0.182824;0.000000;0.000000;0.000000;0.000000;2.000000;-335.333374;-136.463623;1430.730591;0.177031;0.000000;0.000000;0.000000;0.000000;1.000000;-425.677734;-168.980408;1505.453857;0.166239;0.000000;0.000000;0.000000;0.000000;1.000000;-319.301758;-88.955994;1428.754883;0.152125;0.000000;0.000000;0.000000;0.000000;2.000000;-392.360962;-13.454590;1497.847900;0.103378;0.000000;0.000000;0.000000;0.000000;2.000000;6473900032.000000
0.000000;-150.000000;2000.000000;0.000000;0.000000;0.000000;0.000000;0.000000;2.000000;-94.901733;-144.487976;1855.512573;0.234747;0.000000;0.000000;0.000000;0.000000;2.000000;-177.265503;-133.608215;1744.985962;0.501656;0.000000;0.000000;0.000000;0.000000;2.000000;-333.999695;-83.190674;1613.872070;0.580333;0.000000;0.000000;0.000000;0.000000;2.000000;-329.326599;-108.091675;1654.071655;0.536634;0.000000;0.000000;0.000000;0.000000;2.000000;-394.726257;-183.045410;1750.562744;0.937951;0.000000;0.000000;0.000000;0.000000;2.000000;-401.737244;-295.600861;1993.568970;3.274651;0.000000;0.000000;0.000000;0.000000;2.000000;-288.746216;-489.356628;1977.781738;2.796065;0.000000;0.000000;0.000000;0.000000;1.000000;-197.230103;-507.287476;1981.984375;2.090758;0.000000;0.000000;0.000000;0.000000;0.000000;-198.333008;-454.713409;2072.582031;0.575669;0.000000;0.000000;0.000000;0.000000;0.000000;-199.229370;-384.816101;2005.006348;0.819756;0.000000;0.000000;0.000000;0.000000;0.000000;-287.352905;-73.358521;1618.181030;0.549078;0.000000;0.000000;0.000000;0.000000;2.000000;-186.358704;-16.747314;1564.799072;1.469057;0.000000;0.000000;0.000000;0.000000;2.000000;-94.207336;-152.517883;1346.657837;7.918956;0.000000;0.000000;0.000000;0.000000;2.000000;-140.452820;-375.436157;1342.864380;9.601822;0.000000;0.000000;0.000000;0.000000;1.000000;-91.230591;-430.598175;1410.960693;5.086212;0.000000;0.000000;0.000000;0.000000;1.000000;8.875488;-413.601563;1428.040161;2.812854;0.000000;0.000000;0.000000;0.000000;1.000000;-44.739929;-312.663452;1431.842773;1.973945;0.000000;0.000000;0.000000;0.000000;1.000000;-47.181702;-219.166016;2028.351074;0.450713;0.000000;0.000000;0.000000;0.000000;2.000000;211.599701;-249.639893;2315.975586;0.781514;0.000000;0.000000;0.000000;0.000000;1.000000;441.334198;-258.650024;2607.030273;1.110307;0.000000;0.000000;0.000000;0.000000;1.000000;596.621765;-352.820190;2608.393799;1.354731;0.000000;0.000000;0.000000;0.000000;1.000000;42.545837;-87.629944;1974.434448;0.406429;0.000000;0.000000;0.000000;0.000000;2.000000;296.210205;-131.183289;2264.361328;0.297927;0.000000;0.000000;0.000000;0.000000;2.000000;514.876343;-150.606567;2568.153320;0.383997;0.000000;0.000000;0.000000;0.000000;2.000000;645.896912;-254.066956;2575.255859;0.980661;0.000000;0.000000;0.000000;0.000000;2.000000;-389.573914;-75.013733;1558.052002;0.706571;0.000000;0.000000;0.000000;0.000000;2.000000;-294.888611;-120.819763;1443.144531;0.386518;0.000000;0.000000;0.000000;0.000000;2.000000;-346.195007;-138.398376;1441.410522;0.461391;0.000000;0.000000;0.000000;0.000000;1.000000;-433.893738;-160.126648;1524.722290;0.683331;0.000000;0.000000;0.000000;0.000000;1.000000;-332.810242;-91.011414;1429.392944;0.411023;0.000000;0.000000;0.000000;0.000000;2.000000;-409.423645;-6.231262;1484.856812;0.679964;0.000000;0.000000;0.000000;0.000000;2.000000;6473933312.000000
